/*--------------------------------*- C++ -*----------------------------------*\
  =========                 |
  \\      /  F ield         | OpenFOAM: The Open Source CFD Toolbox
   \\    /   O peration     | Website:  https://openfoam.org
    \\  /    A nd           | Version:  10
     \\/     M anipulation  |
\*---------------------------------------------------------------------------*/
FoamFile
{
    format      ascii;
    class       vectorField;
    location    "constant/polyMesh";
    object      points;
}
// * * * * * * * * * * * * * * * * * * * * * * * * * * * * * * * * * * * * * //


2613
(
(0 0.0049827819 -0.00021734589)
(0.0025 0.0049827819 -0.00021734589)
(0.005 0.0049827819 -0.00021734589)
(0.0075 0.0049827819 -0.00021734589)
(0.01 0.0049827819 -0.00021734589)
(0.0125 0.0049827819 -0.00021734589)
(0.015 0.0049827819 -0.00021734589)
(0.0175 0.0049827819 -0.00021734589)
(0.02 0.0049827819 -0.00021734589)
(0.0225 0.0049827819 -0.00021734589)
(0.025 0.0049827819 -0.00021734589)
(0.0275 0.0049827819 -0.00021734589)
(0.03 0.0049827819 -0.00021734589)
(0.0325 0.0049827819 -0.00021734589)
(0.035 0.0049827819 -0.00021734589)
(0.0375 0.0049827819 -0.00021734589)
(0.04 0.0049827819 -0.00021734589)
(0.0425 0.0049827819 -0.00021734589)
(0.045 0.0049827819 -0.00021734589)
(0.0475 0.0049827819 -0.00021734589)
(0.05 0.0049827819 -0.00021734589)
(0.0525 0.0049827819 -0.00021734589)
(0.055 0.0049827819 -0.00021734589)
(0.0575 0.0049827819 -0.00021734589)
(0.06 0.0049827819 -0.00021734589)
(0.0625 0.0049827819 -0.00021734589)
(0.065 0.0049827819 -0.00021734589)
(0.0675 0.0049827819 -0.00021734589)
(0.07 0.0049827819 -0.00021734589)
(0.0725 0.0049827819 -0.00021734589)
(0.075 0.0049827819 -0.00021734589)
(0.0775 0.0049827819 -0.00021734589)
(0.08 0.0049827819 -0.00021734589)
(0.0825 0.0049827819 -0.00021734589)
(0.085 0.0049827819 -0.00021734589)
(0.0875 0.0049827819 -0.00021734589)
(0.09 0.0049827819 -0.00021734589)
(0.0925 0.0049827819 -0.00021734589)
(0.095 0.0049827819 -0.00021734589)
(0.0975 0.0049827819 -0.00021734589)
(0.1 0.0049827819 -0.00021734589)
(0.1025 0.0049827819 -0.00021734589)
(0.105 0.0049827819 -0.00021734589)
(0.1075 0.0049827819 -0.00021734589)
(0.11 0.0049827819 -0.00021734589)
(0.1125 0.0049827819 -0.00021734589)
(0.115 0.0049827819 -0.00021734589)
(0.1175 0.0049827819 -0.00021734589)
(0.12 0.0049827819 -0.00021734589)
(0.1225 0.0049827819 -0.00021734589)
(0.125 0.0049827819 -0.00021734589)
(0.1275 0.0049827819 -0.00021734589)
(0.13 0.0049827819 -0.00021734589)
(0.1325 0.0049827819 -0.00021734589)
(0.135 0.0049827819 -0.00021734589)
(0.1375 0.0049827819 -0.00021734589)
(0.14 0.0049827819 -0.00021734589)
(0.1425 0.0049827819 -0.00021734589)
(0.145 0.0049827819 -0.00021734589)
(0.1475 0.0049827819 -0.00021734589)
(0.15 0.0049827819 -0.00021734589)
(0.1525 0.0049827819 -0.00021734589)
(0.155 0.0049827819 -0.00021734589)
(0.1575 0.0049827819 -0.00021734589)
(0.16 0.0049827819 -0.00021734589)
(0.1625 0.0049827819 -0.00021734589)
(0.165 0.0049827819 -0.00021734589)
(0.1675 0.0049827819 -0.00021734589)
(0.17 0.0049827819 -0.00021734589)
(0.1725 0.0049827819 -0.00021734589)
(0.175 0.0049827819 -0.00021734589)
(0.1775 0.0049827819 -0.00021734589)
(0.18 0.0049827819 -0.00021734589)
(0.1825 0.0049827819 -0.00021734589)
(0.185 0.0049827819 -0.00021734589)
(0.1875 0.0049827819 -0.00021734589)
(0.19 0.0049827819 -0.00021734589)
(0.1925 0.0049827819 -0.00021734589)
(0.195 0.0049827819 -0.00021734589)
(0.1975 0.0049827819 -0.00021734589)
(0.2 0.0049827819 -0.00021734589)
(0.2025 0.0049827819 -0.00021734589)
(0.205 0.0049827819 -0.00021734589)
(0.2075 0.0049827819 -0.00021734589)
(0.21 0.0049827819 -0.00021734589)
(0.2125 0.0049827819 -0.00021734589)
(0.215 0.0049827819 -0.00021734589)
(0.2175 0.0049827819 -0.00021734589)
(0.22 0.0049827819 -0.00021734589)
(0.2225 0.0049827819 -0.00021734589)
(0.225 0.0049827819 -0.00021734589)
(0.2275 0.0049827819 -0.00021734589)
(0.23 0.0049827819 -0.00021734589)
(0.2325 0.0049827819 -0.00021734589)
(0.235 0.0049827819 -0.00021734589)
(0.2375 0.0049827819 -0.00021734589)
(0.24 0.0049827819 -0.00021734589)
(0.2425 0.0049827819 -0.00021734589)
(0.245 0.0049827819 -0.00021734589)
(0.2475 0.0049827819 -0.00021734589)
(0.25 0.0049827819 -0.00021734589)
(0.2525 0.0049827819 -0.00021734589)
(0.255 0.0049827819 -0.00021734589)
(0.2575 0.0049827819 -0.00021734589)
(0.26 0.0049827819 -0.00021734589)
(0.2625 0.0049827819 -0.00021734589)
(0.265 0.0049827819 -0.00021734589)
(0.2675 0.0049827819 -0.00021734589)
(0.27 0.0049827819 -0.00021734589)
(0.2725 0.0049827819 -0.00021734589)
(0.275 0.0049827819 -0.00021734589)
(0.2775 0.0049827819 -0.00021734589)
(0.28 0.0049827819 -0.00021734589)
(0.2825 0.0049827819 -0.00021734589)
(0.285 0.0049827819 -0.00021734589)
(0.2875 0.0049827819 -0.00021734589)
(0.29 0.0049827819 -0.00021734589)
(0.2925 0.0049827819 -0.00021734589)
(0.295 0.0049827819 -0.00021734589)
(0.2975 0.0049827819 -0.00021734589)
(0.3 0.0049827819 -0.00021734589)
(0.3025 0.0049827819 -0.00021734589)
(0.305 0.0049827819 -0.00021734589)
(0.3075 0.0049827819 -0.00021734589)
(0.31 0.0049827819 -0.00021734589)
(0.3125 0.0049827819 -0.00021734589)
(0.315 0.0049827819 -0.00021734589)
(0.3175 0.0049827819 -0.00021734589)
(0.32 0.0049827819 -0.00021734589)
(0.3225 0.0049827819 -0.00021734589)
(0.325 0.0049827819 -0.00021734589)
(0.3275 0.0049827819 -0.00021734589)
(0.33 0.0049827819 -0.00021734589)
(0.3325 0.0049827819 -0.00021734589)
(0.335 0.0049827819 -0.00021734589)
(0.3375 0.0049827819 -0.00021734589)
(0.34 0.0049827819 -0.00021734589)
(0.3425 0.0049827819 -0.00021734589)
(0.345 0.0049827819 -0.00021734589)
(0.3475 0.0049827819 -0.00021734589)
(0.35 0.0049827819 -0.00021734589)
(0.3525 0.0049827819 -0.00021734589)
(0.355 0.0049827819 -0.00021734589)
(0.3575 0.0049827819 -0.00021734589)
(0.36 0.0049827819 -0.00021734589)
(0.3625 0.0049827819 -0.00021734589)
(0.365 0.0049827819 -0.00021734589)
(0.3675 0.0049827819 -0.00021734589)
(0.37 0.0049827819 -0.00021734589)
(0.3725 0.0049827819 -0.00021734589)
(0.375 0.0049827819 -0.00021734589)
(0.3775 0.0049827819 -0.00021734589)
(0.38 0.0049827819 -0.00021734589)
(0.3825 0.0049827819 -0.00021734589)
(0.385 0.0049827819 -0.00021734589)
(0.3875 0.0049827819 -0.00021734589)
(0.39 0.0049827819 -0.00021734589)
(0.3925 0.0049827819 -0.00021734589)
(0.395 0.0049827819 -0.00021734589)
(0.3975 0.0049827819 -0.00021734589)
(0.4 0.0049827819 -0.00021734589)
(0.4025 0.0049827819 -0.00021734589)
(0.405 0.0049827819 -0.00021734589)
(0.4075 0.0049827819 -0.00021734589)
(0.41 0.0049827819 -0.00021734589)
(0.4125 0.0049827819 -0.00021734589)
(0.415 0.0049827819 -0.00021734589)
(0.4175 0.0049827819 -0.00021734589)
(0.42 0.0049827819 -0.00021734589)
(0.4225 0.0049827819 -0.00021734589)
(0.425 0.0049827819 -0.00021734589)
(0.4275 0.0049827819 -0.00021734589)
(0.43 0.0049827819 -0.00021734589)
(0.4325 0.0049827819 -0.00021734589)
(0.435 0.0049827819 -0.00021734589)
(0.4375 0.0049827819 -0.00021734589)
(0.44 0.0049827819 -0.00021734589)
(0.4425 0.0049827819 -0.00021734589)
(0.445 0.0049827819 -0.00021734589)
(0.4475 0.0049827819 -0.00021734589)
(0.45 0.0049827819 -0.00021734589)
(0.4525 0.0049827819 -0.00021734589)
(0.455 0.0049827819 -0.00021734589)
(0.4575 0.0049827819 -0.00021734589)
(0.46 0.0049827819 -0.00021734589)
(0.4625 0.0049827819 -0.00021734589)
(0.465 0.0049827819 -0.00021734589)
(0.4675 0.0049827819 -0.00021734589)
(0.47 0.0049827819 -0.00021734589)
(0.4725 0.0049827819 -0.00021734589)
(0.475 0.0049827819 -0.00021734589)
(0.4775 0.0049827819 -0.00021734589)
(0.48 0.0049827819 -0.00021734589)
(0.4825 0.0049827819 -0.00021734589)
(0.485 0.0049827819 -0.00021734589)
(0.4875 0.0049827819 -0.00021734589)
(0.49 0.0049827819 -0.00021734589)
(0.4925 0.0049827819 -0.00021734589)
(0.495 0.0049827819 -0.00021734589)
(0.4975 0.0049827819 -0.00021734589)
(0.5 0.0049827819 -0.00021734589)
(0 0.0081267047 -0.00035448188)
(0.0025 0.0081267047 -0.00035448188)
(0.005 0.0081267047 -0.00035448188)
(0.0075 0.0081267047 -0.00035448188)
(0.01 0.0081267047 -0.00035448188)
(0.0125 0.0081267047 -0.00035448188)
(0.015 0.0081267047 -0.00035448188)
(0.0175 0.0081267047 -0.00035448188)
(0.02 0.0081267047 -0.00035448188)
(0.0225 0.0081267047 -0.00035448188)
(0.025 0.0081267047 -0.00035448188)
(0.0275 0.0081267047 -0.00035448188)
(0.03 0.0081267047 -0.00035448188)
(0.0325 0.0081267047 -0.00035448188)
(0.035 0.0081267047 -0.00035448188)
(0.0375 0.0081267047 -0.00035448188)
(0.04 0.0081267047 -0.00035448188)
(0.0425 0.0081267047 -0.00035448188)
(0.045 0.0081267047 -0.00035448188)
(0.0475 0.0081267047 -0.00035448188)
(0.05 0.0081267047 -0.00035448188)
(0.0525 0.0081267047 -0.00035448188)
(0.055 0.0081267047 -0.00035448188)
(0.0575 0.0081267047 -0.00035448188)
(0.06 0.0081267047 -0.00035448188)
(0.0625 0.0081267047 -0.00035448188)
(0.065 0.0081267047 -0.00035448188)
(0.0675 0.0081267047 -0.00035448188)
(0.07 0.0081267047 -0.00035448188)
(0.0725 0.0081267047 -0.00035448188)
(0.075 0.0081267047 -0.00035448188)
(0.0775 0.0081267047 -0.00035448188)
(0.08 0.0081267047 -0.00035448188)
(0.0825 0.0081267047 -0.00035448188)
(0.085 0.0081267047 -0.00035448188)
(0.0875 0.0081267047 -0.00035448188)
(0.09 0.0081267047 -0.00035448188)
(0.0925 0.0081267047 -0.00035448188)
(0.095 0.0081267047 -0.00035448188)
(0.0975 0.0081267047 -0.00035448188)
(0.1 0.0081267047 -0.00035448188)
(0.1025 0.0081267047 -0.00035448188)
(0.105 0.0081267047 -0.00035448188)
(0.1075 0.0081267047 -0.00035448188)
(0.11 0.0081267047 -0.00035448188)
(0.1125 0.0081267047 -0.00035448188)
(0.115 0.0081267047 -0.00035448188)
(0.1175 0.0081267047 -0.00035448188)
(0.12 0.0081267047 -0.00035448188)
(0.1225 0.0081267047 -0.00035448188)
(0.125 0.0081267047 -0.00035448188)
(0.1275 0.0081267047 -0.00035448188)
(0.13 0.0081267047 -0.00035448188)
(0.1325 0.0081267047 -0.00035448188)
(0.135 0.0081267047 -0.00035448188)
(0.1375 0.0081267047 -0.00035448188)
(0.14 0.0081267047 -0.00035448188)
(0.1425 0.0081267047 -0.00035448188)
(0.145 0.0081267047 -0.00035448188)
(0.1475 0.0081267047 -0.00035448188)
(0.15 0.0081267047 -0.00035448188)
(0.1525 0.0081267047 -0.00035448188)
(0.155 0.0081267047 -0.00035448188)
(0.1575 0.0081267047 -0.00035448188)
(0.16 0.0081267047 -0.00035448188)
(0.1625 0.0081267047 -0.00035448188)
(0.165 0.0081267047 -0.00035448188)
(0.1675 0.0081267047 -0.00035448188)
(0.17 0.0081267047 -0.00035448188)
(0.1725 0.0081267047 -0.00035448188)
(0.175 0.0081267047 -0.00035448188)
(0.1775 0.0081267047 -0.00035448188)
(0.18 0.0081267047 -0.00035448188)
(0.1825 0.0081267047 -0.00035448188)
(0.185 0.0081267047 -0.00035448188)
(0.1875 0.0081267047 -0.00035448188)
(0.19 0.0081267047 -0.00035448188)
(0.1925 0.0081267047 -0.00035448188)
(0.195 0.0081267047 -0.00035448188)
(0.1975 0.0081267047 -0.00035448188)
(0.2 0.0081267047 -0.00035448188)
(0.2025 0.0081267047 -0.00035448188)
(0.205 0.0081267047 -0.00035448188)
(0.2075 0.0081267047 -0.00035448188)
(0.21 0.0081267047 -0.00035448188)
(0.2125 0.0081267047 -0.00035448188)
(0.215 0.0081267047 -0.00035448188)
(0.2175 0.0081267047 -0.00035448188)
(0.22 0.0081267047 -0.00035448188)
(0.2225 0.0081267047 -0.00035448188)
(0.225 0.0081267047 -0.00035448188)
(0.2275 0.0081267047 -0.00035448188)
(0.23 0.0081267047 -0.00035448188)
(0.2325 0.0081267047 -0.00035448188)
(0.235 0.0081267047 -0.00035448188)
(0.2375 0.0081267047 -0.00035448188)
(0.24 0.0081267047 -0.00035448188)
(0.2425 0.0081267047 -0.00035448188)
(0.245 0.0081267047 -0.00035448188)
(0.2475 0.0081267047 -0.00035448188)
(0.25 0.0081267047 -0.00035448188)
(0.2525 0.0081267047 -0.00035448188)
(0.255 0.0081267047 -0.00035448188)
(0.2575 0.0081267047 -0.00035448188)
(0.26 0.0081267047 -0.00035448188)
(0.2625 0.0081267047 -0.00035448188)
(0.265 0.0081267047 -0.00035448188)
(0.2675 0.0081267047 -0.00035448188)
(0.27 0.0081267047 -0.00035448188)
(0.2725 0.0081267047 -0.00035448188)
(0.275 0.0081267047 -0.00035448188)
(0.2775 0.0081267047 -0.00035448188)
(0.28 0.0081267047 -0.00035448188)
(0.2825 0.0081267047 -0.00035448188)
(0.285 0.0081267047 -0.00035448188)
(0.2875 0.0081267047 -0.00035448188)
(0.29 0.0081267047 -0.00035448188)
(0.2925 0.0081267047 -0.00035448188)
(0.295 0.0081267047 -0.00035448188)
(0.2975 0.0081267047 -0.00035448188)
(0.3 0.0081267047 -0.00035448188)
(0.3025 0.0081267047 -0.00035448188)
(0.305 0.0081267047 -0.00035448188)
(0.3075 0.0081267047 -0.00035448188)
(0.31 0.0081267047 -0.00035448188)
(0.3125 0.0081267047 -0.00035448188)
(0.315 0.0081267047 -0.00035448188)
(0.3175 0.0081267047 -0.00035448188)
(0.32 0.0081267047 -0.00035448188)
(0.3225 0.0081267047 -0.00035448188)
(0.325 0.0081267047 -0.00035448188)
(0.3275 0.0081267047 -0.00035448188)
(0.33 0.0081267047 -0.00035448188)
(0.3325 0.0081267047 -0.00035448188)
(0.335 0.0081267047 -0.00035448188)
(0.3375 0.0081267047 -0.00035448188)
(0.34 0.0081267047 -0.00035448188)
(0.3425 0.0081267047 -0.00035448188)
(0.345 0.0081267047 -0.00035448188)
(0.3475 0.0081267047 -0.00035448188)
(0.35 0.0081267047 -0.00035448188)
(0.3525 0.0081267047 -0.00035448188)
(0.355 0.0081267047 -0.00035448188)
(0.3575 0.0081267047 -0.00035448188)
(0.36 0.0081267047 -0.00035448188)
(0.3625 0.0081267047 -0.00035448188)
(0.365 0.0081267047 -0.00035448188)
(0.3675 0.0081267047 -0.00035448188)
(0.37 0.0081267047 -0.00035448188)
(0.3725 0.0081267047 -0.00035448188)
(0.375 0.0081267047 -0.00035448188)
(0.3775 0.0081267047 -0.00035448188)
(0.38 0.0081267047 -0.00035448188)
(0.3825 0.0081267047 -0.00035448188)
(0.385 0.0081267047 -0.00035448188)
(0.3875 0.0081267047 -0.00035448188)
(0.39 0.0081267047 -0.00035448188)
(0.3925 0.0081267047 -0.00035448188)
(0.395 0.0081267047 -0.00035448188)
(0.3975 0.0081267047 -0.00035448188)
(0.4 0.0081267047 -0.00035448188)
(0.4025 0.0081267047 -0.00035448188)
(0.405 0.0081267047 -0.00035448188)
(0.4075 0.0081267047 -0.00035448188)
(0.41 0.0081267047 -0.00035448188)
(0.4125 0.0081267047 -0.00035448188)
(0.415 0.0081267047 -0.00035448188)
(0.4175 0.0081267047 -0.00035448188)
(0.42 0.0081267047 -0.00035448188)
(0.4225 0.0081267047 -0.00035448188)
(0.425 0.0081267047 -0.00035448188)
(0.4275 0.0081267047 -0.00035448188)
(0.43 0.0081267047 -0.00035448188)
(0.4325 0.0081267047 -0.00035448188)
(0.435 0.0081267047 -0.00035448188)
(0.4375 0.0081267047 -0.00035448188)
(0.44 0.0081267047 -0.00035448188)
(0.4425 0.0081267047 -0.00035448188)
(0.445 0.0081267047 -0.00035448188)
(0.4475 0.0081267047 -0.00035448188)
(0.45 0.0081267047 -0.00035448188)
(0.4525 0.0081267047 -0.00035448188)
(0.455 0.0081267047 -0.00035448188)
(0.4575 0.0081267047 -0.00035448188)
(0.46 0.0081267047 -0.00035448188)
(0.4625 0.0081267047 -0.00035448188)
(0.465 0.0081267047 -0.00035448188)
(0.4675 0.0081267047 -0.00035448188)
(0.47 0.0081267047 -0.00035448188)
(0.4725 0.0081267047 -0.00035448188)
(0.475 0.0081267047 -0.00035448188)
(0.4775 0.0081267047 -0.00035448188)
(0.48 0.0081267047 -0.00035448188)
(0.4825 0.0081267047 -0.00035448188)
(0.485 0.0081267047 -0.00035448188)
(0.4875 0.0081267047 -0.00035448188)
(0.49 0.0081267047 -0.00035448188)
(0.4925 0.0081267047 -0.00035448188)
(0.495 0.0081267047 -0.00035448188)
(0.4975 0.0081267047 -0.00035448188)
(0.5 0.0081267047 -0.00035448188)
(0 0.010110386 -0.00044100884)
(0.0025 0.010110386 -0.00044100884)
(0.005 0.010110386 -0.00044100884)
(0.0075 0.010110386 -0.00044100884)
(0.01 0.010110386 -0.00044100884)
(0.0125 0.010110386 -0.00044100884)
(0.015 0.010110386 -0.00044100884)
(0.0175 0.010110386 -0.00044100884)
(0.02 0.010110386 -0.00044100884)
(0.0225 0.010110386 -0.00044100884)
(0.025 0.010110386 -0.00044100884)
(0.0275 0.010110386 -0.00044100884)
(0.03 0.010110386 -0.00044100884)
(0.0325 0.010110386 -0.00044100884)
(0.035 0.010110386 -0.00044100884)
(0.0375 0.010110386 -0.00044100884)
(0.04 0.010110386 -0.00044100884)
(0.0425 0.010110386 -0.00044100884)
(0.045 0.010110386 -0.00044100884)
(0.0475 0.010110386 -0.00044100884)
(0.05 0.010110386 -0.00044100884)
(0.0525 0.010110386 -0.00044100884)
(0.055 0.010110386 -0.00044100884)
(0.0575 0.010110386 -0.00044100884)
(0.06 0.010110386 -0.00044100884)
(0.0625 0.010110386 -0.00044100884)
(0.065 0.010110386 -0.00044100884)
(0.0675 0.010110386 -0.00044100884)
(0.07 0.010110386 -0.00044100884)
(0.0725 0.010110386 -0.00044100884)
(0.075 0.010110386 -0.00044100884)
(0.0775 0.010110386 -0.00044100884)
(0.08 0.010110386 -0.00044100884)
(0.0825 0.010110386 -0.00044100884)
(0.085 0.010110386 -0.00044100884)
(0.0875 0.010110386 -0.00044100884)
(0.09 0.010110386 -0.00044100884)
(0.0925 0.010110386 -0.00044100884)
(0.095 0.010110386 -0.00044100884)
(0.0975 0.010110386 -0.00044100884)
(0.1 0.010110386 -0.00044100884)
(0.1025 0.010110386 -0.00044100884)
(0.105 0.010110386 -0.00044100884)
(0.1075 0.010110386 -0.00044100884)
(0.11 0.010110386 -0.00044100884)
(0.1125 0.010110386 -0.00044100884)
(0.115 0.010110386 -0.00044100884)
(0.1175 0.010110386 -0.00044100884)
(0.12 0.010110386 -0.00044100884)
(0.1225 0.010110386 -0.00044100884)
(0.125 0.010110386 -0.00044100884)
(0.1275 0.010110386 -0.00044100884)
(0.13 0.010110386 -0.00044100884)
(0.1325 0.010110386 -0.00044100884)
(0.135 0.010110386 -0.00044100884)
(0.1375 0.010110386 -0.00044100884)
(0.14 0.010110386 -0.00044100884)
(0.1425 0.010110386 -0.00044100884)
(0.145 0.010110386 -0.00044100884)
(0.1475 0.010110386 -0.00044100884)
(0.15 0.010110386 -0.00044100884)
(0.1525 0.010110386 -0.00044100884)
(0.155 0.010110386 -0.00044100884)
(0.1575 0.010110386 -0.00044100884)
(0.16 0.010110386 -0.00044100884)
(0.1625 0.010110386 -0.00044100884)
(0.165 0.010110386 -0.00044100884)
(0.1675 0.010110386 -0.00044100884)
(0.17 0.010110386 -0.00044100884)
(0.1725 0.010110386 -0.00044100884)
(0.175 0.010110386 -0.00044100884)
(0.1775 0.010110386 -0.00044100884)
(0.18 0.010110386 -0.00044100884)
(0.1825 0.010110386 -0.00044100884)
(0.185 0.010110386 -0.00044100884)
(0.1875 0.010110386 -0.00044100884)
(0.19 0.010110386 -0.00044100884)
(0.1925 0.010110386 -0.00044100884)
(0.195 0.010110386 -0.00044100884)
(0.1975 0.010110386 -0.00044100884)
(0.2 0.010110386 -0.00044100884)
(0.2025 0.010110386 -0.00044100884)
(0.205 0.010110386 -0.00044100884)
(0.2075 0.010110386 -0.00044100884)
(0.21 0.010110386 -0.00044100884)
(0.2125 0.010110386 -0.00044100884)
(0.215 0.010110386 -0.00044100884)
(0.2175 0.010110386 -0.00044100884)
(0.22 0.010110386 -0.00044100884)
(0.2225 0.010110386 -0.00044100884)
(0.225 0.010110386 -0.00044100884)
(0.2275 0.010110386 -0.00044100884)
(0.23 0.010110386 -0.00044100884)
(0.2325 0.010110386 -0.00044100884)
(0.235 0.010110386 -0.00044100884)
(0.2375 0.010110386 -0.00044100884)
(0.24 0.010110386 -0.00044100884)
(0.2425 0.010110386 -0.00044100884)
(0.245 0.010110386 -0.00044100884)
(0.2475 0.010110386 -0.00044100884)
(0.25 0.010110386 -0.00044100884)
(0.2525 0.010110386 -0.00044100884)
(0.255 0.010110386 -0.00044100884)
(0.2575 0.010110386 -0.00044100884)
(0.26 0.010110386 -0.00044100884)
(0.2625 0.010110386 -0.00044100884)
(0.265 0.010110386 -0.00044100884)
(0.2675 0.010110386 -0.00044100884)
(0.27 0.010110386 -0.00044100884)
(0.2725 0.010110386 -0.00044100884)
(0.275 0.010110386 -0.00044100884)
(0.2775 0.010110386 -0.00044100884)
(0.28 0.010110386 -0.00044100884)
(0.2825 0.010110386 -0.00044100884)
(0.285 0.010110386 -0.00044100884)
(0.2875 0.010110386 -0.00044100884)
(0.29 0.010110386 -0.00044100884)
(0.2925 0.010110386 -0.00044100884)
(0.295 0.010110386 -0.00044100884)
(0.2975 0.010110386 -0.00044100884)
(0.3 0.010110386 -0.00044100884)
(0.3025 0.010110386 -0.00044100884)
(0.305 0.010110386 -0.00044100884)
(0.3075 0.010110386 -0.00044100884)
(0.31 0.010110386 -0.00044100884)
(0.3125 0.010110386 -0.00044100884)
(0.315 0.010110386 -0.00044100884)
(0.3175 0.010110386 -0.00044100884)
(0.32 0.010110386 -0.00044100884)
(0.3225 0.010110386 -0.00044100884)
(0.325 0.010110386 -0.00044100884)
(0.3275 0.010110386 -0.00044100884)
(0.33 0.010110386 -0.00044100884)
(0.3325 0.010110386 -0.00044100884)
(0.335 0.010110386 -0.00044100884)
(0.3375 0.010110386 -0.00044100884)
(0.34 0.010110386 -0.00044100884)
(0.3425 0.010110386 -0.00044100884)
(0.345 0.010110386 -0.00044100884)
(0.3475 0.010110386 -0.00044100884)
(0.35 0.010110386 -0.00044100884)
(0.3525 0.010110386 -0.00044100884)
(0.355 0.010110386 -0.00044100884)
(0.3575 0.010110386 -0.00044100884)
(0.36 0.010110386 -0.00044100884)
(0.3625 0.010110386 -0.00044100884)
(0.365 0.010110386 -0.00044100884)
(0.3675 0.010110386 -0.00044100884)
(0.37 0.010110386 -0.00044100884)
(0.3725 0.010110386 -0.00044100884)
(0.375 0.010110386 -0.00044100884)
(0.3775 0.010110386 -0.00044100884)
(0.38 0.010110386 -0.00044100884)
(0.3825 0.010110386 -0.00044100884)
(0.385 0.010110386 -0.00044100884)
(0.3875 0.010110386 -0.00044100884)
(0.39 0.010110386 -0.00044100884)
(0.3925 0.010110386 -0.00044100884)
(0.395 0.010110386 -0.00044100884)
(0.3975 0.010110386 -0.00044100884)
(0.4 0.010110386 -0.00044100884)
(0.4025 0.010110386 -0.00044100884)
(0.405 0.010110386 -0.00044100884)
(0.4075 0.010110386 -0.00044100884)
(0.41 0.010110386 -0.00044100884)
(0.4125 0.010110386 -0.00044100884)
(0.415 0.010110386 -0.00044100884)
(0.4175 0.010110386 -0.00044100884)
(0.42 0.010110386 -0.00044100884)
(0.4225 0.010110386 -0.00044100884)
(0.425 0.010110386 -0.00044100884)
(0.4275 0.010110386 -0.00044100884)
(0.43 0.010110386 -0.00044100884)
(0.4325 0.010110386 -0.00044100884)
(0.435 0.010110386 -0.00044100884)
(0.4375 0.010110386 -0.00044100884)
(0.44 0.010110386 -0.00044100884)
(0.4425 0.010110386 -0.00044100884)
(0.445 0.010110386 -0.00044100884)
(0.4475 0.010110386 -0.00044100884)
(0.45 0.010110386 -0.00044100884)
(0.4525 0.010110386 -0.00044100884)
(0.455 0.010110386 -0.00044100884)
(0.4575 0.010110386 -0.00044100884)
(0.46 0.010110386 -0.00044100884)
(0.4625 0.010110386 -0.00044100884)
(0.465 0.010110386 -0.00044100884)
(0.4675 0.010110386 -0.00044100884)
(0.47 0.010110386 -0.00044100884)
(0.4725 0.010110386 -0.00044100884)
(0.475 0.010110386 -0.00044100884)
(0.4775 0.010110386 -0.00044100884)
(0.48 0.010110386 -0.00044100884)
(0.4825 0.010110386 -0.00044100884)
(0.485 0.010110386 -0.00044100884)
(0.4875 0.010110386 -0.00044100884)
(0.49 0.010110386 -0.00044100884)
(0.4925 0.010110386 -0.00044100884)
(0.495 0.010110386 -0.00044100884)
(0.4975 0.010110386 -0.00044100884)
(0.5 0.010110386 -0.00044100884)
(0 0.011362004 -0.00049560366)
(0.0025 0.011362004 -0.00049560366)
(0.005 0.011362004 -0.00049560366)
(0.0075 0.011362004 -0.00049560366)
(0.01 0.011362004 -0.00049560366)
(0.0125 0.011362004 -0.00049560366)
(0.015 0.011362004 -0.00049560366)
(0.0175 0.011362004 -0.00049560366)
(0.02 0.011362004 -0.00049560366)
(0.0225 0.011362004 -0.00049560366)
(0.025 0.011362004 -0.00049560366)
(0.0275 0.011362004 -0.00049560366)
(0.03 0.011362004 -0.00049560366)
(0.0325 0.011362004 -0.00049560366)
(0.035 0.011362004 -0.00049560366)
(0.0375 0.011362004 -0.00049560366)
(0.04 0.011362004 -0.00049560366)
(0.0425 0.011362004 -0.00049560366)
(0.045 0.011362004 -0.00049560366)
(0.0475 0.011362004 -0.00049560366)
(0.05 0.011362004 -0.00049560366)
(0.0525 0.011362004 -0.00049560366)
(0.055 0.011362004 -0.00049560366)
(0.0575 0.011362004 -0.00049560366)
(0.06 0.011362004 -0.00049560366)
(0.0625 0.011362004 -0.00049560366)
(0.065 0.011362004 -0.00049560366)
(0.0675 0.011362004 -0.00049560366)
(0.07 0.011362004 -0.00049560366)
(0.0725 0.011362004 -0.00049560366)
(0.075 0.011362004 -0.00049560366)
(0.0775 0.011362004 -0.00049560366)
(0.08 0.011362004 -0.00049560366)
(0.0825 0.011362004 -0.00049560366)
(0.085 0.011362004 -0.00049560366)
(0.0875 0.011362004 -0.00049560366)
(0.09 0.011362004 -0.00049560366)
(0.0925 0.011362004 -0.00049560366)
(0.095 0.011362004 -0.00049560366)
(0.0975 0.011362004 -0.00049560366)
(0.1 0.011362004 -0.00049560366)
(0.1025 0.011362004 -0.00049560366)
(0.105 0.011362004 -0.00049560366)
(0.1075 0.011362004 -0.00049560366)
(0.11 0.011362004 -0.00049560366)
(0.1125 0.011362004 -0.00049560366)
(0.115 0.011362004 -0.00049560366)
(0.1175 0.011362004 -0.00049560366)
(0.12 0.011362004 -0.00049560366)
(0.1225 0.011362004 -0.00049560366)
(0.125 0.011362004 -0.00049560366)
(0.1275 0.011362004 -0.00049560366)
(0.13 0.011362004 -0.00049560366)
(0.1325 0.011362004 -0.00049560366)
(0.135 0.011362004 -0.00049560366)
(0.1375 0.011362004 -0.00049560366)
(0.14 0.011362004 -0.00049560366)
(0.1425 0.011362004 -0.00049560366)
(0.145 0.011362004 -0.00049560366)
(0.1475 0.011362004 -0.00049560366)
(0.15 0.011362004 -0.00049560366)
(0.1525 0.011362004 -0.00049560366)
(0.155 0.011362004 -0.00049560366)
(0.1575 0.011362004 -0.00049560366)
(0.16 0.011362004 -0.00049560366)
(0.1625 0.011362004 -0.00049560366)
(0.165 0.011362004 -0.00049560366)
(0.1675 0.011362004 -0.00049560366)
(0.17 0.011362004 -0.00049560366)
(0.1725 0.011362004 -0.00049560366)
(0.175 0.011362004 -0.00049560366)
(0.1775 0.011362004 -0.00049560366)
(0.18 0.011362004 -0.00049560366)
(0.1825 0.011362004 -0.00049560366)
(0.185 0.011362004 -0.00049560366)
(0.1875 0.011362004 -0.00049560366)
(0.19 0.011362004 -0.00049560366)
(0.1925 0.011362004 -0.00049560366)
(0.195 0.011362004 -0.00049560366)
(0.1975 0.011362004 -0.00049560366)
(0.2 0.011362004 -0.00049560366)
(0.2025 0.011362004 -0.00049560366)
(0.205 0.011362004 -0.00049560366)
(0.2075 0.011362004 -0.00049560366)
(0.21 0.011362004 -0.00049560366)
(0.2125 0.011362004 -0.00049560366)
(0.215 0.011362004 -0.00049560366)
(0.2175 0.011362004 -0.00049560366)
(0.22 0.011362004 -0.00049560366)
(0.2225 0.011362004 -0.00049560366)
(0.225 0.011362004 -0.00049560366)
(0.2275 0.011362004 -0.00049560366)
(0.23 0.011362004 -0.00049560366)
(0.2325 0.011362004 -0.00049560366)
(0.235 0.011362004 -0.00049560366)
(0.2375 0.011362004 -0.00049560366)
(0.24 0.011362004 -0.00049560366)
(0.2425 0.011362004 -0.00049560366)
(0.245 0.011362004 -0.00049560366)
(0.2475 0.011362004 -0.00049560366)
(0.25 0.011362004 -0.00049560366)
(0.2525 0.011362004 -0.00049560366)
(0.255 0.011362004 -0.00049560366)
(0.2575 0.011362004 -0.00049560366)
(0.26 0.011362004 -0.00049560366)
(0.2625 0.011362004 -0.00049560366)
(0.265 0.011362004 -0.00049560366)
(0.2675 0.011362004 -0.00049560366)
(0.27 0.011362004 -0.00049560366)
(0.2725 0.011362004 -0.00049560366)
(0.275 0.011362004 -0.00049560366)
(0.2775 0.011362004 -0.00049560366)
(0.28 0.011362004 -0.00049560366)
(0.2825 0.011362004 -0.00049560366)
(0.285 0.011362004 -0.00049560366)
(0.2875 0.011362004 -0.00049560366)
(0.29 0.011362004 -0.00049560366)
(0.2925 0.011362004 -0.00049560366)
(0.295 0.011362004 -0.00049560366)
(0.2975 0.011362004 -0.00049560366)
(0.3 0.011362004 -0.00049560366)
(0.3025 0.011362004 -0.00049560366)
(0.305 0.011362004 -0.00049560366)
(0.3075 0.011362004 -0.00049560366)
(0.31 0.011362004 -0.00049560366)
(0.3125 0.011362004 -0.00049560366)
(0.315 0.011362004 -0.00049560366)
(0.3175 0.011362004 -0.00049560366)
(0.32 0.011362004 -0.00049560366)
(0.3225 0.011362004 -0.00049560366)
(0.325 0.011362004 -0.00049560366)
(0.3275 0.011362004 -0.00049560366)
(0.33 0.011362004 -0.00049560366)
(0.3325 0.011362004 -0.00049560366)
(0.335 0.011362004 -0.00049560366)
(0.3375 0.011362004 -0.00049560366)
(0.34 0.011362004 -0.00049560366)
(0.3425 0.011362004 -0.00049560366)
(0.345 0.011362004 -0.00049560366)
(0.3475 0.011362004 -0.00049560366)
(0.35 0.011362004 -0.00049560366)
(0.3525 0.011362004 -0.00049560366)
(0.355 0.011362004 -0.00049560366)
(0.3575 0.011362004 -0.00049560366)
(0.36 0.011362004 -0.00049560366)
(0.3625 0.011362004 -0.00049560366)
(0.365 0.011362004 -0.00049560366)
(0.3675 0.011362004 -0.00049560366)
(0.37 0.011362004 -0.00049560366)
(0.3725 0.011362004 -0.00049560366)
(0.375 0.011362004 -0.00049560366)
(0.3775 0.011362004 -0.00049560366)
(0.38 0.011362004 -0.00049560366)
(0.3825 0.011362004 -0.00049560366)
(0.385 0.011362004 -0.00049560366)
(0.3875 0.011362004 -0.00049560366)
(0.39 0.011362004 -0.00049560366)
(0.3925 0.011362004 -0.00049560366)
(0.395 0.011362004 -0.00049560366)
(0.3975 0.011362004 -0.00049560366)
(0.4 0.011362004 -0.00049560366)
(0.4025 0.011362004 -0.00049560366)
(0.405 0.011362004 -0.00049560366)
(0.4075 0.011362004 -0.00049560366)
(0.41 0.011362004 -0.00049560366)
(0.4125 0.011362004 -0.00049560366)
(0.415 0.011362004 -0.00049560366)
(0.4175 0.011362004 -0.00049560366)
(0.42 0.011362004 -0.00049560366)
(0.4225 0.011362004 -0.00049560366)
(0.425 0.011362004 -0.00049560366)
(0.4275 0.011362004 -0.00049560366)
(0.43 0.011362004 -0.00049560366)
(0.4325 0.011362004 -0.00049560366)
(0.435 0.011362004 -0.00049560366)
(0.4375 0.011362004 -0.00049560366)
(0.44 0.011362004 -0.00049560366)
(0.4425 0.011362004 -0.00049560366)
(0.445 0.011362004 -0.00049560366)
(0.4475 0.011362004 -0.00049560366)
(0.45 0.011362004 -0.00049560366)
(0.4525 0.011362004 -0.00049560366)
(0.455 0.011362004 -0.00049560366)
(0.4575 0.011362004 -0.00049560366)
(0.46 0.011362004 -0.00049560366)
(0.4625 0.011362004 -0.00049560366)
(0.465 0.011362004 -0.00049560366)
(0.4675 0.011362004 -0.00049560366)
(0.47 0.011362004 -0.00049560366)
(0.4725 0.011362004 -0.00049560366)
(0.475 0.011362004 -0.00049560366)
(0.4775 0.011362004 -0.00049560366)
(0.48 0.011362004 -0.00049560366)
(0.4825 0.011362004 -0.00049560366)
(0.485 0.011362004 -0.00049560366)
(0.4875 0.011362004 -0.00049560366)
(0.49 0.011362004 -0.00049560366)
(0.4925 0.011362004 -0.00049560366)
(0.495 0.011362004 -0.00049560366)
(0.4975 0.011362004 -0.00049560366)
(0.5 0.011362004 -0.00049560366)
(0 0.012151722 -0.00053005066)
(0.0025 0.012151722 -0.00053005066)
(0.005 0.012151722 -0.00053005066)
(0.0075 0.012151722 -0.00053005066)
(0.01 0.012151722 -0.00053005066)
(0.0125 0.012151722 -0.00053005066)
(0.015 0.012151722 -0.00053005066)
(0.0175 0.012151722 -0.00053005066)
(0.02 0.012151722 -0.00053005066)
(0.0225 0.012151722 -0.00053005066)
(0.025 0.012151722 -0.00053005066)
(0.0275 0.012151722 -0.00053005066)
(0.03 0.012151722 -0.00053005066)
(0.0325 0.012151722 -0.00053005066)
(0.035 0.012151722 -0.00053005066)
(0.0375 0.012151722 -0.00053005066)
(0.04 0.012151722 -0.00053005066)
(0.0425 0.012151722 -0.00053005066)
(0.045 0.012151722 -0.00053005066)
(0.0475 0.012151722 -0.00053005066)
(0.05 0.012151722 -0.00053005066)
(0.0525 0.012151722 -0.00053005066)
(0.055 0.012151722 -0.00053005066)
(0.0575 0.012151722 -0.00053005066)
(0.06 0.012151722 -0.00053005066)
(0.0625 0.012151722 -0.00053005066)
(0.065 0.012151722 -0.00053005066)
(0.0675 0.012151722 -0.00053005066)
(0.07 0.012151722 -0.00053005066)
(0.0725 0.012151722 -0.00053005066)
(0.075 0.012151722 -0.00053005066)
(0.0775 0.012151722 -0.00053005066)
(0.08 0.012151722 -0.00053005066)
(0.0825 0.012151722 -0.00053005066)
(0.085 0.012151722 -0.00053005066)
(0.0875 0.012151722 -0.00053005066)
(0.09 0.012151722 -0.00053005066)
(0.0925 0.012151722 -0.00053005066)
(0.095 0.012151722 -0.00053005066)
(0.0975 0.012151722 -0.00053005066)
(0.1 0.012151722 -0.00053005066)
(0.1025 0.012151722 -0.00053005066)
(0.105 0.012151722 -0.00053005066)
(0.1075 0.012151722 -0.00053005066)
(0.11 0.012151722 -0.00053005066)
(0.1125 0.012151722 -0.00053005066)
(0.115 0.012151722 -0.00053005066)
(0.1175 0.012151722 -0.00053005066)
(0.12 0.012151722 -0.00053005066)
(0.1225 0.012151722 -0.00053005066)
(0.125 0.012151722 -0.00053005066)
(0.1275 0.012151722 -0.00053005066)
(0.13 0.012151722 -0.00053005066)
(0.1325 0.012151722 -0.00053005066)
(0.135 0.012151722 -0.00053005066)
(0.1375 0.012151722 -0.00053005066)
(0.14 0.012151722 -0.00053005066)
(0.1425 0.012151722 -0.00053005066)
(0.145 0.012151722 -0.00053005066)
(0.1475 0.012151722 -0.00053005066)
(0.15 0.012151722 -0.00053005066)
(0.1525 0.012151722 -0.00053005066)
(0.155 0.012151722 -0.00053005066)
(0.1575 0.012151722 -0.00053005066)
(0.16 0.012151722 -0.00053005066)
(0.1625 0.012151722 -0.00053005066)
(0.165 0.012151722 -0.00053005066)
(0.1675 0.012151722 -0.00053005066)
(0.17 0.012151722 -0.00053005066)
(0.1725 0.012151722 -0.00053005066)
(0.175 0.012151722 -0.00053005066)
(0.1775 0.012151722 -0.00053005066)
(0.18 0.012151722 -0.00053005066)
(0.1825 0.012151722 -0.00053005066)
(0.185 0.012151722 -0.00053005066)
(0.1875 0.012151722 -0.00053005066)
(0.19 0.012151722 -0.00053005066)
(0.1925 0.012151722 -0.00053005066)
(0.195 0.012151722 -0.00053005066)
(0.1975 0.012151722 -0.00053005066)
(0.2 0.012151722 -0.00053005066)
(0.2025 0.012151722 -0.00053005066)
(0.205 0.012151722 -0.00053005066)
(0.2075 0.012151722 -0.00053005066)
(0.21 0.012151722 -0.00053005066)
(0.2125 0.012151722 -0.00053005066)
(0.215 0.012151722 -0.00053005066)
(0.2175 0.012151722 -0.00053005066)
(0.22 0.012151722 -0.00053005066)
(0.2225 0.012151722 -0.00053005066)
(0.225 0.012151722 -0.00053005066)
(0.2275 0.012151722 -0.00053005066)
(0.23 0.012151722 -0.00053005066)
(0.2325 0.012151722 -0.00053005066)
(0.235 0.012151722 -0.00053005066)
(0.2375 0.012151722 -0.00053005066)
(0.24 0.012151722 -0.00053005066)
(0.2425 0.012151722 -0.00053005066)
(0.245 0.012151722 -0.00053005066)
(0.2475 0.012151722 -0.00053005066)
(0.25 0.012151722 -0.00053005066)
(0.2525 0.012151722 -0.00053005066)
(0.255 0.012151722 -0.00053005066)
(0.2575 0.012151722 -0.00053005066)
(0.26 0.012151722 -0.00053005066)
(0.2625 0.012151722 -0.00053005066)
(0.265 0.012151722 -0.00053005066)
(0.2675 0.012151722 -0.00053005066)
(0.27 0.012151722 -0.00053005066)
(0.2725 0.012151722 -0.00053005066)
(0.275 0.012151722 -0.00053005066)
(0.2775 0.012151722 -0.00053005066)
(0.28 0.012151722 -0.00053005066)
(0.2825 0.012151722 -0.00053005066)
(0.285 0.012151722 -0.00053005066)
(0.2875 0.012151722 -0.00053005066)
(0.29 0.012151722 -0.00053005066)
(0.2925 0.012151722 -0.00053005066)
(0.295 0.012151722 -0.00053005066)
(0.2975 0.012151722 -0.00053005066)
(0.3 0.012151722 -0.00053005066)
(0.3025 0.012151722 -0.00053005066)
(0.305 0.012151722 -0.00053005066)
(0.3075 0.012151722 -0.00053005066)
(0.31 0.012151722 -0.00053005066)
(0.3125 0.012151722 -0.00053005066)
(0.315 0.012151722 -0.00053005066)
(0.3175 0.012151722 -0.00053005066)
(0.32 0.012151722 -0.00053005066)
(0.3225 0.012151722 -0.00053005066)
(0.325 0.012151722 -0.00053005066)
(0.3275 0.012151722 -0.00053005066)
(0.33 0.012151722 -0.00053005066)
(0.3325 0.012151722 -0.00053005066)
(0.335 0.012151722 -0.00053005066)
(0.3375 0.012151722 -0.00053005066)
(0.34 0.012151722 -0.00053005066)
(0.3425 0.012151722 -0.00053005066)
(0.345 0.012151722 -0.00053005066)
(0.3475 0.012151722 -0.00053005066)
(0.35 0.012151722 -0.00053005066)
(0.3525 0.012151722 -0.00053005066)
(0.355 0.012151722 -0.00053005066)
(0.3575 0.012151722 -0.00053005066)
(0.36 0.012151722 -0.00053005066)
(0.3625 0.012151722 -0.00053005066)
(0.365 0.012151722 -0.00053005066)
(0.3675 0.012151722 -0.00053005066)
(0.37 0.012151722 -0.00053005066)
(0.3725 0.012151722 -0.00053005066)
(0.375 0.012151722 -0.00053005066)
(0.3775 0.012151722 -0.00053005066)
(0.38 0.012151722 -0.00053005066)
(0.3825 0.012151722 -0.00053005066)
(0.385 0.012151722 -0.00053005066)
(0.3875 0.012151722 -0.00053005066)
(0.39 0.012151722 -0.00053005066)
(0.3925 0.012151722 -0.00053005066)
(0.395 0.012151722 -0.00053005066)
(0.3975 0.012151722 -0.00053005066)
(0.4 0.012151722 -0.00053005066)
(0.4025 0.012151722 -0.00053005066)
(0.405 0.012151722 -0.00053005066)
(0.4075 0.012151722 -0.00053005066)
(0.41 0.012151722 -0.00053005066)
(0.4125 0.012151722 -0.00053005066)
(0.415 0.012151722 -0.00053005066)
(0.4175 0.012151722 -0.00053005066)
(0.42 0.012151722 -0.00053005066)
(0.4225 0.012151722 -0.00053005066)
(0.425 0.012151722 -0.00053005066)
(0.4275 0.012151722 -0.00053005066)
(0.43 0.012151722 -0.00053005066)
(0.4325 0.012151722 -0.00053005066)
(0.435 0.012151722 -0.00053005066)
(0.4375 0.012151722 -0.00053005066)
(0.44 0.012151722 -0.00053005066)
(0.4425 0.012151722 -0.00053005066)
(0.445 0.012151722 -0.00053005066)
(0.4475 0.012151722 -0.00053005066)
(0.45 0.012151722 -0.00053005066)
(0.4525 0.012151722 -0.00053005066)
(0.455 0.012151722 -0.00053005066)
(0.4575 0.012151722 -0.00053005066)
(0.46 0.012151722 -0.00053005066)
(0.4625 0.012151722 -0.00053005066)
(0.465 0.012151722 -0.00053005066)
(0.4675 0.012151722 -0.00053005066)
(0.47 0.012151722 -0.00053005066)
(0.4725 0.012151722 -0.00053005066)
(0.475 0.012151722 -0.00053005066)
(0.4775 0.012151722 -0.00053005066)
(0.48 0.012151722 -0.00053005066)
(0.4825 0.012151722 -0.00053005066)
(0.485 0.012151722 -0.00053005066)
(0.4875 0.012151722 -0.00053005066)
(0.49 0.012151722 -0.00053005066)
(0.4925 0.012151722 -0.00053005066)
(0.495 0.012151722 -0.00053005066)
(0.4975 0.012151722 -0.00053005066)
(0.5 0.012151722 -0.00053005066)
(0 0.01265 -0.00055178525)
(0.0025 0.01265 -0.00055178525)
(0.005 0.01265 -0.00055178525)
(0.0075 0.01265 -0.00055178525)
(0.01 0.01265 -0.00055178525)
(0.0125 0.01265 -0.00055178525)
(0.015 0.01265 -0.00055178525)
(0.0175 0.01265 -0.00055178525)
(0.02 0.01265 -0.00055178525)
(0.0225 0.01265 -0.00055178525)
(0.025 0.01265 -0.00055178525)
(0.0275 0.01265 -0.00055178525)
(0.03 0.01265 -0.00055178525)
(0.0325 0.01265 -0.00055178525)
(0.035 0.01265 -0.00055178525)
(0.0375 0.01265 -0.00055178525)
(0.04 0.01265 -0.00055178525)
(0.0425 0.01265 -0.00055178525)
(0.045 0.01265 -0.00055178525)
(0.0475 0.01265 -0.00055178525)
(0.05 0.01265 -0.00055178525)
(0.0525 0.01265 -0.00055178525)
(0.055 0.01265 -0.00055178525)
(0.0575 0.01265 -0.00055178525)
(0.06 0.01265 -0.00055178525)
(0.0625 0.01265 -0.00055178525)
(0.065 0.01265 -0.00055178525)
(0.0675 0.01265 -0.00055178525)
(0.07 0.01265 -0.00055178525)
(0.0725 0.01265 -0.00055178525)
(0.075 0.01265 -0.00055178525)
(0.0775 0.01265 -0.00055178525)
(0.08 0.01265 -0.00055178525)
(0.0825 0.01265 -0.00055178525)
(0.085 0.01265 -0.00055178525)
(0.0875 0.01265 -0.00055178525)
(0.09 0.01265 -0.00055178525)
(0.0925 0.01265 -0.00055178525)
(0.095 0.01265 -0.00055178525)
(0.0975 0.01265 -0.00055178525)
(0.1 0.01265 -0.00055178525)
(0.1025 0.01265 -0.00055178525)
(0.105 0.01265 -0.00055178525)
(0.1075 0.01265 -0.00055178525)
(0.11 0.01265 -0.00055178525)
(0.1125 0.01265 -0.00055178525)
(0.115 0.01265 -0.00055178525)
(0.1175 0.01265 -0.00055178525)
(0.12 0.01265 -0.00055178525)
(0.1225 0.01265 -0.00055178525)
(0.125 0.01265 -0.00055178525)
(0.1275 0.01265 -0.00055178525)
(0.13 0.01265 -0.00055178525)
(0.1325 0.01265 -0.00055178525)
(0.135 0.01265 -0.00055178525)
(0.1375 0.01265 -0.00055178525)
(0.14 0.01265 -0.00055178525)
(0.1425 0.01265 -0.00055178525)
(0.145 0.01265 -0.00055178525)
(0.1475 0.01265 -0.00055178525)
(0.15 0.01265 -0.00055178525)
(0.1525 0.01265 -0.00055178525)
(0.155 0.01265 -0.00055178525)
(0.1575 0.01265 -0.00055178525)
(0.16 0.01265 -0.00055178525)
(0.1625 0.01265 -0.00055178525)
(0.165 0.01265 -0.00055178525)
(0.1675 0.01265 -0.00055178525)
(0.17 0.01265 -0.00055178525)
(0.1725 0.01265 -0.00055178525)
(0.175 0.01265 -0.00055178525)
(0.1775 0.01265 -0.00055178525)
(0.18 0.01265 -0.00055178525)
(0.1825 0.01265 -0.00055178525)
(0.185 0.01265 -0.00055178525)
(0.1875 0.01265 -0.00055178525)
(0.19 0.01265 -0.00055178525)
(0.1925 0.01265 -0.00055178525)
(0.195 0.01265 -0.00055178525)
(0.1975 0.01265 -0.00055178525)
(0.2 0.01265 -0.00055178525)
(0.2025 0.01265 -0.00055178525)
(0.205 0.01265 -0.00055178525)
(0.2075 0.01265 -0.00055178525)
(0.21 0.01265 -0.00055178525)
(0.2125 0.01265 -0.00055178525)
(0.215 0.01265 -0.00055178525)
(0.2175 0.01265 -0.00055178525)
(0.22 0.01265 -0.00055178525)
(0.2225 0.01265 -0.00055178525)
(0.225 0.01265 -0.00055178525)
(0.2275 0.01265 -0.00055178525)
(0.23 0.01265 -0.00055178525)
(0.2325 0.01265 -0.00055178525)
(0.235 0.01265 -0.00055178525)
(0.2375 0.01265 -0.00055178525)
(0.24 0.01265 -0.00055178525)
(0.2425 0.01265 -0.00055178525)
(0.245 0.01265 -0.00055178525)
(0.2475 0.01265 -0.00055178525)
(0.25 0.01265 -0.00055178525)
(0.2525 0.01265 -0.00055178525)
(0.255 0.01265 -0.00055178525)
(0.2575 0.01265 -0.00055178525)
(0.26 0.01265 -0.00055178525)
(0.2625 0.01265 -0.00055178525)
(0.265 0.01265 -0.00055178525)
(0.2675 0.01265 -0.00055178525)
(0.27 0.01265 -0.00055178525)
(0.2725 0.01265 -0.00055178525)
(0.275 0.01265 -0.00055178525)
(0.2775 0.01265 -0.00055178525)
(0.28 0.01265 -0.00055178525)
(0.2825 0.01265 -0.00055178525)
(0.285 0.01265 -0.00055178525)
(0.2875 0.01265 -0.00055178525)
(0.29 0.01265 -0.00055178525)
(0.2925 0.01265 -0.00055178525)
(0.295 0.01265 -0.00055178525)
(0.2975 0.01265 -0.00055178525)
(0.3 0.01265 -0.00055178525)
(0.3025 0.01265 -0.00055178525)
(0.305 0.01265 -0.00055178525)
(0.3075 0.01265 -0.00055178525)
(0.31 0.01265 -0.00055178525)
(0.3125 0.01265 -0.00055178525)
(0.315 0.01265 -0.00055178525)
(0.3175 0.01265 -0.00055178525)
(0.32 0.01265 -0.00055178525)
(0.3225 0.01265 -0.00055178525)
(0.325 0.01265 -0.00055178525)
(0.3275 0.01265 -0.00055178525)
(0.33 0.01265 -0.00055178525)
(0.3325 0.01265 -0.00055178525)
(0.335 0.01265 -0.00055178525)
(0.3375 0.01265 -0.00055178525)
(0.34 0.01265 -0.00055178525)
(0.3425 0.01265 -0.00055178525)
(0.345 0.01265 -0.00055178525)
(0.3475 0.01265 -0.00055178525)
(0.35 0.01265 -0.00055178525)
(0.3525 0.01265 -0.00055178525)
(0.355 0.01265 -0.00055178525)
(0.3575 0.01265 -0.00055178525)
(0.36 0.01265 -0.00055178525)
(0.3625 0.01265 -0.00055178525)
(0.365 0.01265 -0.00055178525)
(0.3675 0.01265 -0.00055178525)
(0.37 0.01265 -0.00055178525)
(0.3725 0.01265 -0.00055178525)
(0.375 0.01265 -0.00055178525)
(0.3775 0.01265 -0.00055178525)
(0.38 0.01265 -0.00055178525)
(0.3825 0.01265 -0.00055178525)
(0.385 0.01265 -0.00055178525)
(0.3875 0.01265 -0.00055178525)
(0.39 0.01265 -0.00055178525)
(0.3925 0.01265 -0.00055178525)
(0.395 0.01265 -0.00055178525)
(0.3975 0.01265 -0.00055178525)
(0.4 0.01265 -0.00055178525)
(0.4025 0.01265 -0.00055178525)
(0.405 0.01265 -0.00055178525)
(0.4075 0.01265 -0.00055178525)
(0.41 0.01265 -0.00055178525)
(0.4125 0.01265 -0.00055178525)
(0.415 0.01265 -0.00055178525)
(0.4175 0.01265 -0.00055178525)
(0.42 0.01265 -0.00055178525)
(0.4225 0.01265 -0.00055178525)
(0.425 0.01265 -0.00055178525)
(0.4275 0.01265 -0.00055178525)
(0.43 0.01265 -0.00055178525)
(0.4325 0.01265 -0.00055178525)
(0.435 0.01265 -0.00055178525)
(0.4375 0.01265 -0.00055178525)
(0.44 0.01265 -0.00055178525)
(0.4425 0.01265 -0.00055178525)
(0.445 0.01265 -0.00055178525)
(0.4475 0.01265 -0.00055178525)
(0.45 0.01265 -0.00055178525)
(0.4525 0.01265 -0.00055178525)
(0.455 0.01265 -0.00055178525)
(0.4575 0.01265 -0.00055178525)
(0.46 0.01265 -0.00055178525)
(0.4625 0.01265 -0.00055178525)
(0.465 0.01265 -0.00055178525)
(0.4675 0.01265 -0.00055178525)
(0.47 0.01265 -0.00055178525)
(0.4725 0.01265 -0.00055178525)
(0.475 0.01265 -0.00055178525)
(0.4775 0.01265 -0.00055178525)
(0.48 0.01265 -0.00055178525)
(0.4825 0.01265 -0.00055178525)
(0.485 0.01265 -0.00055178525)
(0.4875 0.01265 -0.00055178525)
(0.49 0.01265 -0.00055178525)
(0.4925 0.01265 -0.00055178525)
(0.495 0.01265 -0.00055178525)
(0.4975 0.01265 -0.00055178525)
(0.5 0.01265 -0.00055178525)
(0 0.0049827819 0.00021734589)
(0.0025 0.0049827819 0.00021734589)
(0.005 0.0049827819 0.00021734589)
(0.0075 0.0049827819 0.00021734589)
(0.01 0.0049827819 0.00021734589)
(0.0125 0.0049827819 0.00021734589)
(0.015 0.0049827819 0.00021734589)
(0.0175 0.0049827819 0.00021734589)
(0.02 0.0049827819 0.00021734589)
(0.0225 0.0049827819 0.00021734589)
(0.025 0.0049827819 0.00021734589)
(0.0275 0.0049827819 0.00021734589)
(0.03 0.0049827819 0.00021734589)
(0.0325 0.0049827819 0.00021734589)
(0.035 0.0049827819 0.00021734589)
(0.0375 0.0049827819 0.00021734589)
(0.04 0.0049827819 0.00021734589)
(0.0425 0.0049827819 0.00021734589)
(0.045 0.0049827819 0.00021734589)
(0.0475 0.0049827819 0.00021734589)
(0.05 0.0049827819 0.00021734589)
(0.0525 0.0049827819 0.00021734589)
(0.055 0.0049827819 0.00021734589)
(0.0575 0.0049827819 0.00021734589)
(0.06 0.0049827819 0.00021734589)
(0.0625 0.0049827819 0.00021734589)
(0.065 0.0049827819 0.00021734589)
(0.0675 0.0049827819 0.00021734589)
(0.07 0.0049827819 0.00021734589)
(0.0725 0.0049827819 0.00021734589)
(0.075 0.0049827819 0.00021734589)
(0.0775 0.0049827819 0.00021734589)
(0.08 0.0049827819 0.00021734589)
(0.0825 0.0049827819 0.00021734589)
(0.085 0.0049827819 0.00021734589)
(0.0875 0.0049827819 0.00021734589)
(0.09 0.0049827819 0.00021734589)
(0.0925 0.0049827819 0.00021734589)
(0.095 0.0049827819 0.00021734589)
(0.0975 0.0049827819 0.00021734589)
(0.1 0.0049827819 0.00021734589)
(0.1025 0.0049827819 0.00021734589)
(0.105 0.0049827819 0.00021734589)
(0.1075 0.0049827819 0.00021734589)
(0.11 0.0049827819 0.00021734589)
(0.1125 0.0049827819 0.00021734589)
(0.115 0.0049827819 0.00021734589)
(0.1175 0.0049827819 0.00021734589)
(0.12 0.0049827819 0.00021734589)
(0.1225 0.0049827819 0.00021734589)
(0.125 0.0049827819 0.00021734589)
(0.1275 0.0049827819 0.00021734589)
(0.13 0.0049827819 0.00021734589)
(0.1325 0.0049827819 0.00021734589)
(0.135 0.0049827819 0.00021734589)
(0.1375 0.0049827819 0.00021734589)
(0.14 0.0049827819 0.00021734589)
(0.1425 0.0049827819 0.00021734589)
(0.145 0.0049827819 0.00021734589)
(0.1475 0.0049827819 0.00021734589)
(0.15 0.0049827819 0.00021734589)
(0.1525 0.0049827819 0.00021734589)
(0.155 0.0049827819 0.00021734589)
(0.1575 0.0049827819 0.00021734589)
(0.16 0.0049827819 0.00021734589)
(0.1625 0.0049827819 0.00021734589)
(0.165 0.0049827819 0.00021734589)
(0.1675 0.0049827819 0.00021734589)
(0.17 0.0049827819 0.00021734589)
(0.1725 0.0049827819 0.00021734589)
(0.175 0.0049827819 0.00021734589)
(0.1775 0.0049827819 0.00021734589)
(0.18 0.0049827819 0.00021734589)
(0.1825 0.0049827819 0.00021734589)
(0.185 0.0049827819 0.00021734589)
(0.1875 0.0049827819 0.00021734589)
(0.19 0.0049827819 0.00021734589)
(0.1925 0.0049827819 0.00021734589)
(0.195 0.0049827819 0.00021734589)
(0.1975 0.0049827819 0.00021734589)
(0.2 0.0049827819 0.00021734589)
(0.2025 0.0049827819 0.00021734589)
(0.205 0.0049827819 0.00021734589)
(0.2075 0.0049827819 0.00021734589)
(0.21 0.0049827819 0.00021734589)
(0.2125 0.0049827819 0.00021734589)
(0.215 0.0049827819 0.00021734589)
(0.2175 0.0049827819 0.00021734589)
(0.22 0.0049827819 0.00021734589)
(0.2225 0.0049827819 0.00021734589)
(0.225 0.0049827819 0.00021734589)
(0.2275 0.0049827819 0.00021734589)
(0.23 0.0049827819 0.00021734589)
(0.2325 0.0049827819 0.00021734589)
(0.235 0.0049827819 0.00021734589)
(0.2375 0.0049827819 0.00021734589)
(0.24 0.0049827819 0.00021734589)
(0.2425 0.0049827819 0.00021734589)
(0.245 0.0049827819 0.00021734589)
(0.2475 0.0049827819 0.00021734589)
(0.25 0.0049827819 0.00021734589)
(0.2525 0.0049827819 0.00021734589)
(0.255 0.0049827819 0.00021734589)
(0.2575 0.0049827819 0.00021734589)
(0.26 0.0049827819 0.00021734589)
(0.2625 0.0049827819 0.00021734589)
(0.265 0.0049827819 0.00021734589)
(0.2675 0.0049827819 0.00021734589)
(0.27 0.0049827819 0.00021734589)
(0.2725 0.0049827819 0.00021734589)
(0.275 0.0049827819 0.00021734589)
(0.2775 0.0049827819 0.00021734589)
(0.28 0.0049827819 0.00021734589)
(0.2825 0.0049827819 0.00021734589)
(0.285 0.0049827819 0.00021734589)
(0.2875 0.0049827819 0.00021734589)
(0.29 0.0049827819 0.00021734589)
(0.2925 0.0049827819 0.00021734589)
(0.295 0.0049827819 0.00021734589)
(0.2975 0.0049827819 0.00021734589)
(0.3 0.0049827819 0.00021734589)
(0.3025 0.0049827819 0.00021734589)
(0.305 0.0049827819 0.00021734589)
(0.3075 0.0049827819 0.00021734589)
(0.31 0.0049827819 0.00021734589)
(0.3125 0.0049827819 0.00021734589)
(0.315 0.0049827819 0.00021734589)
(0.3175 0.0049827819 0.00021734589)
(0.32 0.0049827819 0.00021734589)
(0.3225 0.0049827819 0.00021734589)
(0.325 0.0049827819 0.00021734589)
(0.3275 0.0049827819 0.00021734589)
(0.33 0.0049827819 0.00021734589)
(0.3325 0.0049827819 0.00021734589)
(0.335 0.0049827819 0.00021734589)
(0.3375 0.0049827819 0.00021734589)
(0.34 0.0049827819 0.00021734589)
(0.3425 0.0049827819 0.00021734589)
(0.345 0.0049827819 0.00021734589)
(0.3475 0.0049827819 0.00021734589)
(0.35 0.0049827819 0.00021734589)
(0.3525 0.0049827819 0.00021734589)
(0.355 0.0049827819 0.00021734589)
(0.3575 0.0049827819 0.00021734589)
(0.36 0.0049827819 0.00021734589)
(0.3625 0.0049827819 0.00021734589)
(0.365 0.0049827819 0.00021734589)
(0.3675 0.0049827819 0.00021734589)
(0.37 0.0049827819 0.00021734589)
(0.3725 0.0049827819 0.00021734589)
(0.375 0.0049827819 0.00021734589)
(0.3775 0.0049827819 0.00021734589)
(0.38 0.0049827819 0.00021734589)
(0.3825 0.0049827819 0.00021734589)
(0.385 0.0049827819 0.00021734589)
(0.3875 0.0049827819 0.00021734589)
(0.39 0.0049827819 0.00021734589)
(0.3925 0.0049827819 0.00021734589)
(0.395 0.0049827819 0.00021734589)
(0.3975 0.0049827819 0.00021734589)
(0.4 0.0049827819 0.00021734589)
(0.4025 0.0049827819 0.00021734589)
(0.405 0.0049827819 0.00021734589)
(0.4075 0.0049827819 0.00021734589)
(0.41 0.0049827819 0.00021734589)
(0.4125 0.0049827819 0.00021734589)
(0.415 0.0049827819 0.00021734589)
(0.4175 0.0049827819 0.00021734589)
(0.42 0.0049827819 0.00021734589)
(0.4225 0.0049827819 0.00021734589)
(0.425 0.0049827819 0.00021734589)
(0.4275 0.0049827819 0.00021734589)
(0.43 0.0049827819 0.00021734589)
(0.4325 0.0049827819 0.00021734589)
(0.435 0.0049827819 0.00021734589)
(0.4375 0.0049827819 0.00021734589)
(0.44 0.0049827819 0.00021734589)
(0.4425 0.0049827819 0.00021734589)
(0.445 0.0049827819 0.00021734589)
(0.4475 0.0049827819 0.00021734589)
(0.45 0.0049827819 0.00021734589)
(0.4525 0.0049827819 0.00021734589)
(0.455 0.0049827819 0.00021734589)
(0.4575 0.0049827819 0.00021734589)
(0.46 0.0049827819 0.00021734589)
(0.4625 0.0049827819 0.00021734589)
(0.465 0.0049827819 0.00021734589)
(0.4675 0.0049827819 0.00021734589)
(0.47 0.0049827819 0.00021734589)
(0.4725 0.0049827819 0.00021734589)
(0.475 0.0049827819 0.00021734589)
(0.4775 0.0049827819 0.00021734589)
(0.48 0.0049827819 0.00021734589)
(0.4825 0.0049827819 0.00021734589)
(0.485 0.0049827819 0.00021734589)
(0.4875 0.0049827819 0.00021734589)
(0.49 0.0049827819 0.00021734589)
(0.4925 0.0049827819 0.00021734589)
(0.495 0.0049827819 0.00021734589)
(0.4975 0.0049827819 0.00021734589)
(0.5 0.0049827819 0.00021734589)
(0 0.0081267047 0.00035448188)
(0.0025 0.0081267047 0.00035448188)
(0.005 0.0081267047 0.00035448188)
(0.0075 0.0081267047 0.00035448188)
(0.01 0.0081267047 0.00035448188)
(0.0125 0.0081267047 0.00035448188)
(0.015 0.0081267047 0.00035448188)
(0.0175 0.0081267047 0.00035448188)
(0.02 0.0081267047 0.00035448188)
(0.0225 0.0081267047 0.00035448188)
(0.025 0.0081267047 0.00035448188)
(0.0275 0.0081267047 0.00035448188)
(0.03 0.0081267047 0.00035448188)
(0.0325 0.0081267047 0.00035448188)
(0.035 0.0081267047 0.00035448188)
(0.0375 0.0081267047 0.00035448188)
(0.04 0.0081267047 0.00035448188)
(0.0425 0.0081267047 0.00035448188)
(0.045 0.0081267047 0.00035448188)
(0.0475 0.0081267047 0.00035448188)
(0.05 0.0081267047 0.00035448188)
(0.0525 0.0081267047 0.00035448188)
(0.055 0.0081267047 0.00035448188)
(0.0575 0.0081267047 0.00035448188)
(0.06 0.0081267047 0.00035448188)
(0.0625 0.0081267047 0.00035448188)
(0.065 0.0081267047 0.00035448188)
(0.0675 0.0081267047 0.00035448188)
(0.07 0.0081267047 0.00035448188)
(0.0725 0.0081267047 0.00035448188)
(0.075 0.0081267047 0.00035448188)
(0.0775 0.0081267047 0.00035448188)
(0.08 0.0081267047 0.00035448188)
(0.0825 0.0081267047 0.00035448188)
(0.085 0.0081267047 0.00035448188)
(0.0875 0.0081267047 0.00035448188)
(0.09 0.0081267047 0.00035448188)
(0.0925 0.0081267047 0.00035448188)
(0.095 0.0081267047 0.00035448188)
(0.0975 0.0081267047 0.00035448188)
(0.1 0.0081267047 0.00035448188)
(0.1025 0.0081267047 0.00035448188)
(0.105 0.0081267047 0.00035448188)
(0.1075 0.0081267047 0.00035448188)
(0.11 0.0081267047 0.00035448188)
(0.1125 0.0081267047 0.00035448188)
(0.115 0.0081267047 0.00035448188)
(0.1175 0.0081267047 0.00035448188)
(0.12 0.0081267047 0.00035448188)
(0.1225 0.0081267047 0.00035448188)
(0.125 0.0081267047 0.00035448188)
(0.1275 0.0081267047 0.00035448188)
(0.13 0.0081267047 0.00035448188)
(0.1325 0.0081267047 0.00035448188)
(0.135 0.0081267047 0.00035448188)
(0.1375 0.0081267047 0.00035448188)
(0.14 0.0081267047 0.00035448188)
(0.1425 0.0081267047 0.00035448188)
(0.145 0.0081267047 0.00035448188)
(0.1475 0.0081267047 0.00035448188)
(0.15 0.0081267047 0.00035448188)
(0.1525 0.0081267047 0.00035448188)
(0.155 0.0081267047 0.00035448188)
(0.1575 0.0081267047 0.00035448188)
(0.16 0.0081267047 0.00035448188)
(0.1625 0.0081267047 0.00035448188)
(0.165 0.0081267047 0.00035448188)
(0.1675 0.0081267047 0.00035448188)
(0.17 0.0081267047 0.00035448188)
(0.1725 0.0081267047 0.00035448188)
(0.175 0.0081267047 0.00035448188)
(0.1775 0.0081267047 0.00035448188)
(0.18 0.0081267047 0.00035448188)
(0.1825 0.0081267047 0.00035448188)
(0.185 0.0081267047 0.00035448188)
(0.1875 0.0081267047 0.00035448188)
(0.19 0.0081267047 0.00035448188)
(0.1925 0.0081267047 0.00035448188)
(0.195 0.0081267047 0.00035448188)
(0.1975 0.0081267047 0.00035448188)
(0.2 0.0081267047 0.00035448188)
(0.2025 0.0081267047 0.00035448188)
(0.205 0.0081267047 0.00035448188)
(0.2075 0.0081267047 0.00035448188)
(0.21 0.0081267047 0.00035448188)
(0.2125 0.0081267047 0.00035448188)
(0.215 0.0081267047 0.00035448188)
(0.2175 0.0081267047 0.00035448188)
(0.22 0.0081267047 0.00035448188)
(0.2225 0.0081267047 0.00035448188)
(0.225 0.0081267047 0.00035448188)
(0.2275 0.0081267047 0.00035448188)
(0.23 0.0081267047 0.00035448188)
(0.2325 0.0081267047 0.00035448188)
(0.235 0.0081267047 0.00035448188)
(0.2375 0.0081267047 0.00035448188)
(0.24 0.0081267047 0.00035448188)
(0.2425 0.0081267047 0.00035448188)
(0.245 0.0081267047 0.00035448188)
(0.2475 0.0081267047 0.00035448188)
(0.25 0.0081267047 0.00035448188)
(0.2525 0.0081267047 0.00035448188)
(0.255 0.0081267047 0.00035448188)
(0.2575 0.0081267047 0.00035448188)
(0.26 0.0081267047 0.00035448188)
(0.2625 0.0081267047 0.00035448188)
(0.265 0.0081267047 0.00035448188)
(0.2675 0.0081267047 0.00035448188)
(0.27 0.0081267047 0.00035448188)
(0.2725 0.0081267047 0.00035448188)
(0.275 0.0081267047 0.00035448188)
(0.2775 0.0081267047 0.00035448188)
(0.28 0.0081267047 0.00035448188)
(0.2825 0.0081267047 0.00035448188)
(0.285 0.0081267047 0.00035448188)
(0.2875 0.0081267047 0.00035448188)
(0.29 0.0081267047 0.00035448188)
(0.2925 0.0081267047 0.00035448188)
(0.295 0.0081267047 0.00035448188)
(0.2975 0.0081267047 0.00035448188)
(0.3 0.0081267047 0.00035448188)
(0.3025 0.0081267047 0.00035448188)
(0.305 0.0081267047 0.00035448188)
(0.3075 0.0081267047 0.00035448188)
(0.31 0.0081267047 0.00035448188)
(0.3125 0.0081267047 0.00035448188)
(0.315 0.0081267047 0.00035448188)
(0.3175 0.0081267047 0.00035448188)
(0.32 0.0081267047 0.00035448188)
(0.3225 0.0081267047 0.00035448188)
(0.325 0.0081267047 0.00035448188)
(0.3275 0.0081267047 0.00035448188)
(0.33 0.0081267047 0.00035448188)
(0.3325 0.0081267047 0.00035448188)
(0.335 0.0081267047 0.00035448188)
(0.3375 0.0081267047 0.00035448188)
(0.34 0.0081267047 0.00035448188)
(0.3425 0.0081267047 0.00035448188)
(0.345 0.0081267047 0.00035448188)
(0.3475 0.0081267047 0.00035448188)
(0.35 0.0081267047 0.00035448188)
(0.3525 0.0081267047 0.00035448188)
(0.355 0.0081267047 0.00035448188)
(0.3575 0.0081267047 0.00035448188)
(0.36 0.0081267047 0.00035448188)
(0.3625 0.0081267047 0.00035448188)
(0.365 0.0081267047 0.00035448188)
(0.3675 0.0081267047 0.00035448188)
(0.37 0.0081267047 0.00035448188)
(0.3725 0.0081267047 0.00035448188)
(0.375 0.0081267047 0.00035448188)
(0.3775 0.0081267047 0.00035448188)
(0.38 0.0081267047 0.00035448188)
(0.3825 0.0081267047 0.00035448188)
(0.385 0.0081267047 0.00035448188)
(0.3875 0.0081267047 0.00035448188)
(0.39 0.0081267047 0.00035448188)
(0.3925 0.0081267047 0.00035448188)
(0.395 0.0081267047 0.00035448188)
(0.3975 0.0081267047 0.00035448188)
(0.4 0.0081267047 0.00035448188)
(0.4025 0.0081267047 0.00035448188)
(0.405 0.0081267047 0.00035448188)
(0.4075 0.0081267047 0.00035448188)
(0.41 0.0081267047 0.00035448188)
(0.4125 0.0081267047 0.00035448188)
(0.415 0.0081267047 0.00035448188)
(0.4175 0.0081267047 0.00035448188)
(0.42 0.0081267047 0.00035448188)
(0.4225 0.0081267047 0.00035448188)
(0.425 0.0081267047 0.00035448188)
(0.4275 0.0081267047 0.00035448188)
(0.43 0.0081267047 0.00035448188)
(0.4325 0.0081267047 0.00035448188)
(0.435 0.0081267047 0.00035448188)
(0.4375 0.0081267047 0.00035448188)
(0.44 0.0081267047 0.00035448188)
(0.4425 0.0081267047 0.00035448188)
(0.445 0.0081267047 0.00035448188)
(0.4475 0.0081267047 0.00035448188)
(0.45 0.0081267047 0.00035448188)
(0.4525 0.0081267047 0.00035448188)
(0.455 0.0081267047 0.00035448188)
(0.4575 0.0081267047 0.00035448188)
(0.46 0.0081267047 0.00035448188)
(0.4625 0.0081267047 0.00035448188)
(0.465 0.0081267047 0.00035448188)
(0.4675 0.0081267047 0.00035448188)
(0.47 0.0081267047 0.00035448188)
(0.4725 0.0081267047 0.00035448188)
(0.475 0.0081267047 0.00035448188)
(0.4775 0.0081267047 0.00035448188)
(0.48 0.0081267047 0.00035448188)
(0.4825 0.0081267047 0.00035448188)
(0.485 0.0081267047 0.00035448188)
(0.4875 0.0081267047 0.00035448188)
(0.49 0.0081267047 0.00035448188)
(0.4925 0.0081267047 0.00035448188)
(0.495 0.0081267047 0.00035448188)
(0.4975 0.0081267047 0.00035448188)
(0.5 0.0081267047 0.00035448188)
(0 0.010110386 0.00044100884)
(0.0025 0.010110386 0.00044100884)
(0.005 0.010110386 0.00044100884)
(0.0075 0.010110386 0.00044100884)
(0.01 0.010110386 0.00044100884)
(0.0125 0.010110386 0.00044100884)
(0.015 0.010110386 0.00044100884)
(0.0175 0.010110386 0.00044100884)
(0.02 0.010110386 0.00044100884)
(0.0225 0.010110386 0.00044100884)
(0.025 0.010110386 0.00044100884)
(0.0275 0.010110386 0.00044100884)
(0.03 0.010110386 0.00044100884)
(0.0325 0.010110386 0.00044100884)
(0.035 0.010110386 0.00044100884)
(0.0375 0.010110386 0.00044100884)
(0.04 0.010110386 0.00044100884)
(0.0425 0.010110386 0.00044100884)
(0.045 0.010110386 0.00044100884)
(0.0475 0.010110386 0.00044100884)
(0.05 0.010110386 0.00044100884)
(0.0525 0.010110386 0.00044100884)
(0.055 0.010110386 0.00044100884)
(0.0575 0.010110386 0.00044100884)
(0.06 0.010110386 0.00044100884)
(0.0625 0.010110386 0.00044100884)
(0.065 0.010110386 0.00044100884)
(0.0675 0.010110386 0.00044100884)
(0.07 0.010110386 0.00044100884)
(0.0725 0.010110386 0.00044100884)
(0.075 0.010110386 0.00044100884)
(0.0775 0.010110386 0.00044100884)
(0.08 0.010110386 0.00044100884)
(0.0825 0.010110386 0.00044100884)
(0.085 0.010110386 0.00044100884)
(0.0875 0.010110386 0.00044100884)
(0.09 0.010110386 0.00044100884)
(0.0925 0.010110386 0.00044100884)
(0.095 0.010110386 0.00044100884)
(0.0975 0.010110386 0.00044100884)
(0.1 0.010110386 0.00044100884)
(0.1025 0.010110386 0.00044100884)
(0.105 0.010110386 0.00044100884)
(0.1075 0.010110386 0.00044100884)
(0.11 0.010110386 0.00044100884)
(0.1125 0.010110386 0.00044100884)
(0.115 0.010110386 0.00044100884)
(0.1175 0.010110386 0.00044100884)
(0.12 0.010110386 0.00044100884)
(0.1225 0.010110386 0.00044100884)
(0.125 0.010110386 0.00044100884)
(0.1275 0.010110386 0.00044100884)
(0.13 0.010110386 0.00044100884)
(0.1325 0.010110386 0.00044100884)
(0.135 0.010110386 0.00044100884)
(0.1375 0.010110386 0.00044100884)
(0.14 0.010110386 0.00044100884)
(0.1425 0.010110386 0.00044100884)
(0.145 0.010110386 0.00044100884)
(0.1475 0.010110386 0.00044100884)
(0.15 0.010110386 0.00044100884)
(0.1525 0.010110386 0.00044100884)
(0.155 0.010110386 0.00044100884)
(0.1575 0.010110386 0.00044100884)
(0.16 0.010110386 0.00044100884)
(0.1625 0.010110386 0.00044100884)
(0.165 0.010110386 0.00044100884)
(0.1675 0.010110386 0.00044100884)
(0.17 0.010110386 0.00044100884)
(0.1725 0.010110386 0.00044100884)
(0.175 0.010110386 0.00044100884)
(0.1775 0.010110386 0.00044100884)
(0.18 0.010110386 0.00044100884)
(0.1825 0.010110386 0.00044100884)
(0.185 0.010110386 0.00044100884)
(0.1875 0.010110386 0.00044100884)
(0.19 0.010110386 0.00044100884)
(0.1925 0.010110386 0.00044100884)
(0.195 0.010110386 0.00044100884)
(0.1975 0.010110386 0.00044100884)
(0.2 0.010110386 0.00044100884)
(0.2025 0.010110386 0.00044100884)
(0.205 0.010110386 0.00044100884)
(0.2075 0.010110386 0.00044100884)
(0.21 0.010110386 0.00044100884)
(0.2125 0.010110386 0.00044100884)
(0.215 0.010110386 0.00044100884)
(0.2175 0.010110386 0.00044100884)
(0.22 0.010110386 0.00044100884)
(0.2225 0.010110386 0.00044100884)
(0.225 0.010110386 0.00044100884)
(0.2275 0.010110386 0.00044100884)
(0.23 0.010110386 0.00044100884)
(0.2325 0.010110386 0.00044100884)
(0.235 0.010110386 0.00044100884)
(0.2375 0.010110386 0.00044100884)
(0.24 0.010110386 0.00044100884)
(0.2425 0.010110386 0.00044100884)
(0.245 0.010110386 0.00044100884)
(0.2475 0.010110386 0.00044100884)
(0.25 0.010110386 0.00044100884)
(0.2525 0.010110386 0.00044100884)
(0.255 0.010110386 0.00044100884)
(0.2575 0.010110386 0.00044100884)
(0.26 0.010110386 0.00044100884)
(0.2625 0.010110386 0.00044100884)
(0.265 0.010110386 0.00044100884)
(0.2675 0.010110386 0.00044100884)
(0.27 0.010110386 0.00044100884)
(0.2725 0.010110386 0.00044100884)
(0.275 0.010110386 0.00044100884)
(0.2775 0.010110386 0.00044100884)
(0.28 0.010110386 0.00044100884)
(0.2825 0.010110386 0.00044100884)
(0.285 0.010110386 0.00044100884)
(0.2875 0.010110386 0.00044100884)
(0.29 0.010110386 0.00044100884)
(0.2925 0.010110386 0.00044100884)
(0.295 0.010110386 0.00044100884)
(0.2975 0.010110386 0.00044100884)
(0.3 0.010110386 0.00044100884)
(0.3025 0.010110386 0.00044100884)
(0.305 0.010110386 0.00044100884)
(0.3075 0.010110386 0.00044100884)
(0.31 0.010110386 0.00044100884)
(0.3125 0.010110386 0.00044100884)
(0.315 0.010110386 0.00044100884)
(0.3175 0.010110386 0.00044100884)
(0.32 0.010110386 0.00044100884)
(0.3225 0.010110386 0.00044100884)
(0.325 0.010110386 0.00044100884)
(0.3275 0.010110386 0.00044100884)
(0.33 0.010110386 0.00044100884)
(0.3325 0.010110386 0.00044100884)
(0.335 0.010110386 0.00044100884)
(0.3375 0.010110386 0.00044100884)
(0.34 0.010110386 0.00044100884)
(0.3425 0.010110386 0.00044100884)
(0.345 0.010110386 0.00044100884)
(0.3475 0.010110386 0.00044100884)
(0.35 0.010110386 0.00044100884)
(0.3525 0.010110386 0.00044100884)
(0.355 0.010110386 0.00044100884)
(0.3575 0.010110386 0.00044100884)
(0.36 0.010110386 0.00044100884)
(0.3625 0.010110386 0.00044100884)
(0.365 0.010110386 0.00044100884)
(0.3675 0.010110386 0.00044100884)
(0.37 0.010110386 0.00044100884)
(0.3725 0.010110386 0.00044100884)
(0.375 0.010110386 0.00044100884)
(0.3775 0.010110386 0.00044100884)
(0.38 0.010110386 0.00044100884)
(0.3825 0.010110386 0.00044100884)
(0.385 0.010110386 0.00044100884)
(0.3875 0.010110386 0.00044100884)
(0.39 0.010110386 0.00044100884)
(0.3925 0.010110386 0.00044100884)
(0.395 0.010110386 0.00044100884)
(0.3975 0.010110386 0.00044100884)
(0.4 0.010110386 0.00044100884)
(0.4025 0.010110386 0.00044100884)
(0.405 0.010110386 0.00044100884)
(0.4075 0.010110386 0.00044100884)
(0.41 0.010110386 0.00044100884)
(0.4125 0.010110386 0.00044100884)
(0.415 0.010110386 0.00044100884)
(0.4175 0.010110386 0.00044100884)
(0.42 0.010110386 0.00044100884)
(0.4225 0.010110386 0.00044100884)
(0.425 0.010110386 0.00044100884)
(0.4275 0.010110386 0.00044100884)
(0.43 0.010110386 0.00044100884)
(0.4325 0.010110386 0.00044100884)
(0.435 0.010110386 0.00044100884)
(0.4375 0.010110386 0.00044100884)
(0.44 0.010110386 0.00044100884)
(0.4425 0.010110386 0.00044100884)
(0.445 0.010110386 0.00044100884)
(0.4475 0.010110386 0.00044100884)
(0.45 0.010110386 0.00044100884)
(0.4525 0.010110386 0.00044100884)
(0.455 0.010110386 0.00044100884)
(0.4575 0.010110386 0.00044100884)
(0.46 0.010110386 0.00044100884)
(0.4625 0.010110386 0.00044100884)
(0.465 0.010110386 0.00044100884)
(0.4675 0.010110386 0.00044100884)
(0.47 0.010110386 0.00044100884)
(0.4725 0.010110386 0.00044100884)
(0.475 0.010110386 0.00044100884)
(0.4775 0.010110386 0.00044100884)
(0.48 0.010110386 0.00044100884)
(0.4825 0.010110386 0.00044100884)
(0.485 0.010110386 0.00044100884)
(0.4875 0.010110386 0.00044100884)
(0.49 0.010110386 0.00044100884)
(0.4925 0.010110386 0.00044100884)
(0.495 0.010110386 0.00044100884)
(0.4975 0.010110386 0.00044100884)
(0.5 0.010110386 0.00044100884)
(0 0.011362004 0.00049560366)
(0.0025 0.011362004 0.00049560366)
(0.005 0.011362004 0.00049560366)
(0.0075 0.011362004 0.00049560366)
(0.01 0.011362004 0.00049560366)
(0.0125 0.011362004 0.00049560366)
(0.015 0.011362004 0.00049560366)
(0.0175 0.011362004 0.00049560366)
(0.02 0.011362004 0.00049560366)
(0.0225 0.011362004 0.00049560366)
(0.025 0.011362004 0.00049560366)
(0.0275 0.011362004 0.00049560366)
(0.03 0.011362004 0.00049560366)
(0.0325 0.011362004 0.00049560366)
(0.035 0.011362004 0.00049560366)
(0.0375 0.011362004 0.00049560366)
(0.04 0.011362004 0.00049560366)
(0.0425 0.011362004 0.00049560366)
(0.045 0.011362004 0.00049560366)
(0.0475 0.011362004 0.00049560366)
(0.05 0.011362004 0.00049560366)
(0.0525 0.011362004 0.00049560366)
(0.055 0.011362004 0.00049560366)
(0.0575 0.011362004 0.00049560366)
(0.06 0.011362004 0.00049560366)
(0.0625 0.011362004 0.00049560366)
(0.065 0.011362004 0.00049560366)
(0.0675 0.011362004 0.00049560366)
(0.07 0.011362004 0.00049560366)
(0.0725 0.011362004 0.00049560366)
(0.075 0.011362004 0.00049560366)
(0.0775 0.011362004 0.00049560366)
(0.08 0.011362004 0.00049560366)
(0.0825 0.011362004 0.00049560366)
(0.085 0.011362004 0.00049560366)
(0.0875 0.011362004 0.00049560366)
(0.09 0.011362004 0.00049560366)
(0.0925 0.011362004 0.00049560366)
(0.095 0.011362004 0.00049560366)
(0.0975 0.011362004 0.00049560366)
(0.1 0.011362004 0.00049560366)
(0.1025 0.011362004 0.00049560366)
(0.105 0.011362004 0.00049560366)
(0.1075 0.011362004 0.00049560366)
(0.11 0.011362004 0.00049560366)
(0.1125 0.011362004 0.00049560366)
(0.115 0.011362004 0.00049560366)
(0.1175 0.011362004 0.00049560366)
(0.12 0.011362004 0.00049560366)
(0.1225 0.011362004 0.00049560366)
(0.125 0.011362004 0.00049560366)
(0.1275 0.011362004 0.00049560366)
(0.13 0.011362004 0.00049560366)
(0.1325 0.011362004 0.00049560366)
(0.135 0.011362004 0.00049560366)
(0.1375 0.011362004 0.00049560366)
(0.14 0.011362004 0.00049560366)
(0.1425 0.011362004 0.00049560366)
(0.145 0.011362004 0.00049560366)
(0.1475 0.011362004 0.00049560366)
(0.15 0.011362004 0.00049560366)
(0.1525 0.011362004 0.00049560366)
(0.155 0.011362004 0.00049560366)
(0.1575 0.011362004 0.00049560366)
(0.16 0.011362004 0.00049560366)
(0.1625 0.011362004 0.00049560366)
(0.165 0.011362004 0.00049560366)
(0.1675 0.011362004 0.00049560366)
(0.17 0.011362004 0.00049560366)
(0.1725 0.011362004 0.00049560366)
(0.175 0.011362004 0.00049560366)
(0.1775 0.011362004 0.00049560366)
(0.18 0.011362004 0.00049560366)
(0.1825 0.011362004 0.00049560366)
(0.185 0.011362004 0.00049560366)
(0.1875 0.011362004 0.00049560366)
(0.19 0.011362004 0.00049560366)
(0.1925 0.011362004 0.00049560366)
(0.195 0.011362004 0.00049560366)
(0.1975 0.011362004 0.00049560366)
(0.2 0.011362004 0.00049560366)
(0.2025 0.011362004 0.00049560366)
(0.205 0.011362004 0.00049560366)
(0.2075 0.011362004 0.00049560366)
(0.21 0.011362004 0.00049560366)
(0.2125 0.011362004 0.00049560366)
(0.215 0.011362004 0.00049560366)
(0.2175 0.011362004 0.00049560366)
(0.22 0.011362004 0.00049560366)
(0.2225 0.011362004 0.00049560366)
(0.225 0.011362004 0.00049560366)
(0.2275 0.011362004 0.00049560366)
(0.23 0.011362004 0.00049560366)
(0.2325 0.011362004 0.00049560366)
(0.235 0.011362004 0.00049560366)
(0.2375 0.011362004 0.00049560366)
(0.24 0.011362004 0.00049560366)
(0.2425 0.011362004 0.00049560366)
(0.245 0.011362004 0.00049560366)
(0.2475 0.011362004 0.00049560366)
(0.25 0.011362004 0.00049560366)
(0.2525 0.011362004 0.00049560366)
(0.255 0.011362004 0.00049560366)
(0.2575 0.011362004 0.00049560366)
(0.26 0.011362004 0.00049560366)
(0.2625 0.011362004 0.00049560366)
(0.265 0.011362004 0.00049560366)
(0.2675 0.011362004 0.00049560366)
(0.27 0.011362004 0.00049560366)
(0.2725 0.011362004 0.00049560366)
(0.275 0.011362004 0.00049560366)
(0.2775 0.011362004 0.00049560366)
(0.28 0.011362004 0.00049560366)
(0.2825 0.011362004 0.00049560366)
(0.285 0.011362004 0.00049560366)
(0.2875 0.011362004 0.00049560366)
(0.29 0.011362004 0.00049560366)
(0.2925 0.011362004 0.00049560366)
(0.295 0.011362004 0.00049560366)
(0.2975 0.011362004 0.00049560366)
(0.3 0.011362004 0.00049560366)
(0.3025 0.011362004 0.00049560366)
(0.305 0.011362004 0.00049560366)
(0.3075 0.011362004 0.00049560366)
(0.31 0.011362004 0.00049560366)
(0.3125 0.011362004 0.00049560366)
(0.315 0.011362004 0.00049560366)
(0.3175 0.011362004 0.00049560366)
(0.32 0.011362004 0.00049560366)
(0.3225 0.011362004 0.00049560366)
(0.325 0.011362004 0.00049560366)
(0.3275 0.011362004 0.00049560366)
(0.33 0.011362004 0.00049560366)
(0.3325 0.011362004 0.00049560366)
(0.335 0.011362004 0.00049560366)
(0.3375 0.011362004 0.00049560366)
(0.34 0.011362004 0.00049560366)
(0.3425 0.011362004 0.00049560366)
(0.345 0.011362004 0.00049560366)
(0.3475 0.011362004 0.00049560366)
(0.35 0.011362004 0.00049560366)
(0.3525 0.011362004 0.00049560366)
(0.355 0.011362004 0.00049560366)
(0.3575 0.011362004 0.00049560366)
(0.36 0.011362004 0.00049560366)
(0.3625 0.011362004 0.00049560366)
(0.365 0.011362004 0.00049560366)
(0.3675 0.011362004 0.00049560366)
(0.37 0.011362004 0.00049560366)
(0.3725 0.011362004 0.00049560366)
(0.375 0.011362004 0.00049560366)
(0.3775 0.011362004 0.00049560366)
(0.38 0.011362004 0.00049560366)
(0.3825 0.011362004 0.00049560366)
(0.385 0.011362004 0.00049560366)
(0.3875 0.011362004 0.00049560366)
(0.39 0.011362004 0.00049560366)
(0.3925 0.011362004 0.00049560366)
(0.395 0.011362004 0.00049560366)
(0.3975 0.011362004 0.00049560366)
(0.4 0.011362004 0.00049560366)
(0.4025 0.011362004 0.00049560366)
(0.405 0.011362004 0.00049560366)
(0.4075 0.011362004 0.00049560366)
(0.41 0.011362004 0.00049560366)
(0.4125 0.011362004 0.00049560366)
(0.415 0.011362004 0.00049560366)
(0.4175 0.011362004 0.00049560366)
(0.42 0.011362004 0.00049560366)
(0.4225 0.011362004 0.00049560366)
(0.425 0.011362004 0.00049560366)
(0.4275 0.011362004 0.00049560366)
(0.43 0.011362004 0.00049560366)
(0.4325 0.011362004 0.00049560366)
(0.435 0.011362004 0.00049560366)
(0.4375 0.011362004 0.00049560366)
(0.44 0.011362004 0.00049560366)
(0.4425 0.011362004 0.00049560366)
(0.445 0.011362004 0.00049560366)
(0.4475 0.011362004 0.00049560366)
(0.45 0.011362004 0.00049560366)
(0.4525 0.011362004 0.00049560366)
(0.455 0.011362004 0.00049560366)
(0.4575 0.011362004 0.00049560366)
(0.46 0.011362004 0.00049560366)
(0.4625 0.011362004 0.00049560366)
(0.465 0.011362004 0.00049560366)
(0.4675 0.011362004 0.00049560366)
(0.47 0.011362004 0.00049560366)
(0.4725 0.011362004 0.00049560366)
(0.475 0.011362004 0.00049560366)
(0.4775 0.011362004 0.00049560366)
(0.48 0.011362004 0.00049560366)
(0.4825 0.011362004 0.00049560366)
(0.485 0.011362004 0.00049560366)
(0.4875 0.011362004 0.00049560366)
(0.49 0.011362004 0.00049560366)
(0.4925 0.011362004 0.00049560366)
(0.495 0.011362004 0.00049560366)
(0.4975 0.011362004 0.00049560366)
(0.5 0.011362004 0.00049560366)
(0 0.012151722 0.00053005066)
(0.0025 0.012151722 0.00053005066)
(0.005 0.012151722 0.00053005066)
(0.0075 0.012151722 0.00053005066)
(0.01 0.012151722 0.00053005066)
(0.0125 0.012151722 0.00053005066)
(0.015 0.012151722 0.00053005066)
(0.0175 0.012151722 0.00053005066)
(0.02 0.012151722 0.00053005066)
(0.0225 0.012151722 0.00053005066)
(0.025 0.012151722 0.00053005066)
(0.0275 0.012151722 0.00053005066)
(0.03 0.012151722 0.00053005066)
(0.0325 0.012151722 0.00053005066)
(0.035 0.012151722 0.00053005066)
(0.0375 0.012151722 0.00053005066)
(0.04 0.012151722 0.00053005066)
(0.0425 0.012151722 0.00053005066)
(0.045 0.012151722 0.00053005066)
(0.0475 0.012151722 0.00053005066)
(0.05 0.012151722 0.00053005066)
(0.0525 0.012151722 0.00053005066)
(0.055 0.012151722 0.00053005066)
(0.0575 0.012151722 0.00053005066)
(0.06 0.012151722 0.00053005066)
(0.0625 0.012151722 0.00053005066)
(0.065 0.012151722 0.00053005066)
(0.0675 0.012151722 0.00053005066)
(0.07 0.012151722 0.00053005066)
(0.0725 0.012151722 0.00053005066)
(0.075 0.012151722 0.00053005066)
(0.0775 0.012151722 0.00053005066)
(0.08 0.012151722 0.00053005066)
(0.0825 0.012151722 0.00053005066)
(0.085 0.012151722 0.00053005066)
(0.0875 0.012151722 0.00053005066)
(0.09 0.012151722 0.00053005066)
(0.0925 0.012151722 0.00053005066)
(0.095 0.012151722 0.00053005066)
(0.0975 0.012151722 0.00053005066)
(0.1 0.012151722 0.00053005066)
(0.1025 0.012151722 0.00053005066)
(0.105 0.012151722 0.00053005066)
(0.1075 0.012151722 0.00053005066)
(0.11 0.012151722 0.00053005066)
(0.1125 0.012151722 0.00053005066)
(0.115 0.012151722 0.00053005066)
(0.1175 0.012151722 0.00053005066)
(0.12 0.012151722 0.00053005066)
(0.1225 0.012151722 0.00053005066)
(0.125 0.012151722 0.00053005066)
(0.1275 0.012151722 0.00053005066)
(0.13 0.012151722 0.00053005066)
(0.1325 0.012151722 0.00053005066)
(0.135 0.012151722 0.00053005066)
(0.1375 0.012151722 0.00053005066)
(0.14 0.012151722 0.00053005066)
(0.1425 0.012151722 0.00053005066)
(0.145 0.012151722 0.00053005066)
(0.1475 0.012151722 0.00053005066)
(0.15 0.012151722 0.00053005066)
(0.1525 0.012151722 0.00053005066)
(0.155 0.012151722 0.00053005066)
(0.1575 0.012151722 0.00053005066)
(0.16 0.012151722 0.00053005066)
(0.1625 0.012151722 0.00053005066)
(0.165 0.012151722 0.00053005066)
(0.1675 0.012151722 0.00053005066)
(0.17 0.012151722 0.00053005066)
(0.1725 0.012151722 0.00053005066)
(0.175 0.012151722 0.00053005066)
(0.1775 0.012151722 0.00053005066)
(0.18 0.012151722 0.00053005066)
(0.1825 0.012151722 0.00053005066)
(0.185 0.012151722 0.00053005066)
(0.1875 0.012151722 0.00053005066)
(0.19 0.012151722 0.00053005066)
(0.1925 0.012151722 0.00053005066)
(0.195 0.012151722 0.00053005066)
(0.1975 0.012151722 0.00053005066)
(0.2 0.012151722 0.00053005066)
(0.2025 0.012151722 0.00053005066)
(0.205 0.012151722 0.00053005066)
(0.2075 0.012151722 0.00053005066)
(0.21 0.012151722 0.00053005066)
(0.2125 0.012151722 0.00053005066)
(0.215 0.012151722 0.00053005066)
(0.2175 0.012151722 0.00053005066)
(0.22 0.012151722 0.00053005066)
(0.2225 0.012151722 0.00053005066)
(0.225 0.012151722 0.00053005066)
(0.2275 0.012151722 0.00053005066)
(0.23 0.012151722 0.00053005066)
(0.2325 0.012151722 0.00053005066)
(0.235 0.012151722 0.00053005066)
(0.2375 0.012151722 0.00053005066)
(0.24 0.012151722 0.00053005066)
(0.2425 0.012151722 0.00053005066)
(0.245 0.012151722 0.00053005066)
(0.2475 0.012151722 0.00053005066)
(0.25 0.012151722 0.00053005066)
(0.2525 0.012151722 0.00053005066)
(0.255 0.012151722 0.00053005066)
(0.2575 0.012151722 0.00053005066)
(0.26 0.012151722 0.00053005066)
(0.2625 0.012151722 0.00053005066)
(0.265 0.012151722 0.00053005066)
(0.2675 0.012151722 0.00053005066)
(0.27 0.012151722 0.00053005066)
(0.2725 0.012151722 0.00053005066)
(0.275 0.012151722 0.00053005066)
(0.2775 0.012151722 0.00053005066)
(0.28 0.012151722 0.00053005066)
(0.2825 0.012151722 0.00053005066)
(0.285 0.012151722 0.00053005066)
(0.2875 0.012151722 0.00053005066)
(0.29 0.012151722 0.00053005066)
(0.2925 0.012151722 0.00053005066)
(0.295 0.012151722 0.00053005066)
(0.2975 0.012151722 0.00053005066)
(0.3 0.012151722 0.00053005066)
(0.3025 0.012151722 0.00053005066)
(0.305 0.012151722 0.00053005066)
(0.3075 0.012151722 0.00053005066)
(0.31 0.012151722 0.00053005066)
(0.3125 0.012151722 0.00053005066)
(0.315 0.012151722 0.00053005066)
(0.3175 0.012151722 0.00053005066)
(0.32 0.012151722 0.00053005066)
(0.3225 0.012151722 0.00053005066)
(0.325 0.012151722 0.00053005066)
(0.3275 0.012151722 0.00053005066)
(0.33 0.012151722 0.00053005066)
(0.3325 0.012151722 0.00053005066)
(0.335 0.012151722 0.00053005066)
(0.3375 0.012151722 0.00053005066)
(0.34 0.012151722 0.00053005066)
(0.3425 0.012151722 0.00053005066)
(0.345 0.012151722 0.00053005066)
(0.3475 0.012151722 0.00053005066)
(0.35 0.012151722 0.00053005066)
(0.3525 0.012151722 0.00053005066)
(0.355 0.012151722 0.00053005066)
(0.3575 0.012151722 0.00053005066)
(0.36 0.012151722 0.00053005066)
(0.3625 0.012151722 0.00053005066)
(0.365 0.012151722 0.00053005066)
(0.3675 0.012151722 0.00053005066)
(0.37 0.012151722 0.00053005066)
(0.3725 0.012151722 0.00053005066)
(0.375 0.012151722 0.00053005066)
(0.3775 0.012151722 0.00053005066)
(0.38 0.012151722 0.00053005066)
(0.3825 0.012151722 0.00053005066)
(0.385 0.012151722 0.00053005066)
(0.3875 0.012151722 0.00053005066)
(0.39 0.012151722 0.00053005066)
(0.3925 0.012151722 0.00053005066)
(0.395 0.012151722 0.00053005066)
(0.3975 0.012151722 0.00053005066)
(0.4 0.012151722 0.00053005066)
(0.4025 0.012151722 0.00053005066)
(0.405 0.012151722 0.00053005066)
(0.4075 0.012151722 0.00053005066)
(0.41 0.012151722 0.00053005066)
(0.4125 0.012151722 0.00053005066)
(0.415 0.012151722 0.00053005066)
(0.4175 0.012151722 0.00053005066)
(0.42 0.012151722 0.00053005066)
(0.4225 0.012151722 0.00053005066)
(0.425 0.012151722 0.00053005066)
(0.4275 0.012151722 0.00053005066)
(0.43 0.012151722 0.00053005066)
(0.4325 0.012151722 0.00053005066)
(0.435 0.012151722 0.00053005066)
(0.4375 0.012151722 0.00053005066)
(0.44 0.012151722 0.00053005066)
(0.4425 0.012151722 0.00053005066)
(0.445 0.012151722 0.00053005066)
(0.4475 0.012151722 0.00053005066)
(0.45 0.012151722 0.00053005066)
(0.4525 0.012151722 0.00053005066)
(0.455 0.012151722 0.00053005066)
(0.4575 0.012151722 0.00053005066)
(0.46 0.012151722 0.00053005066)
(0.4625 0.012151722 0.00053005066)
(0.465 0.012151722 0.00053005066)
(0.4675 0.012151722 0.00053005066)
(0.47 0.012151722 0.00053005066)
(0.4725 0.012151722 0.00053005066)
(0.475 0.012151722 0.00053005066)
(0.4775 0.012151722 0.00053005066)
(0.48 0.012151722 0.00053005066)
(0.4825 0.012151722 0.00053005066)
(0.485 0.012151722 0.00053005066)
(0.4875 0.012151722 0.00053005066)
(0.49 0.012151722 0.00053005066)
(0.4925 0.012151722 0.00053005066)
(0.495 0.012151722 0.00053005066)
(0.4975 0.012151722 0.00053005066)
(0.5 0.012151722 0.00053005066)
(0 0.01265 0.00055178525)
(0.0025 0.01265 0.00055178525)
(0.005 0.01265 0.00055178525)
(0.0075 0.01265 0.00055178525)
(0.01 0.01265 0.00055178525)
(0.0125 0.01265 0.00055178525)
(0.015 0.01265 0.00055178525)
(0.0175 0.01265 0.00055178525)
(0.02 0.01265 0.00055178525)
(0.0225 0.01265 0.00055178525)
(0.025 0.01265 0.00055178525)
(0.0275 0.01265 0.00055178525)
(0.03 0.01265 0.00055178525)
(0.0325 0.01265 0.00055178525)
(0.035 0.01265 0.00055178525)
(0.0375 0.01265 0.00055178525)
(0.04 0.01265 0.00055178525)
(0.0425 0.01265 0.00055178525)
(0.045 0.01265 0.00055178525)
(0.0475 0.01265 0.00055178525)
(0.05 0.01265 0.00055178525)
(0.0525 0.01265 0.00055178525)
(0.055 0.01265 0.00055178525)
(0.0575 0.01265 0.00055178525)
(0.06 0.01265 0.00055178525)
(0.0625 0.01265 0.00055178525)
(0.065 0.01265 0.00055178525)
(0.0675 0.01265 0.00055178525)
(0.07 0.01265 0.00055178525)
(0.0725 0.01265 0.00055178525)
(0.075 0.01265 0.00055178525)
(0.0775 0.01265 0.00055178525)
(0.08 0.01265 0.00055178525)
(0.0825 0.01265 0.00055178525)
(0.085 0.01265 0.00055178525)
(0.0875 0.01265 0.00055178525)
(0.09 0.01265 0.00055178525)
(0.0925 0.01265 0.00055178525)
(0.095 0.01265 0.00055178525)
(0.0975 0.01265 0.00055178525)
(0.1 0.01265 0.00055178525)
(0.1025 0.01265 0.00055178525)
(0.105 0.01265 0.00055178525)
(0.1075 0.01265 0.00055178525)
(0.11 0.01265 0.00055178525)
(0.1125 0.01265 0.00055178525)
(0.115 0.01265 0.00055178525)
(0.1175 0.01265 0.00055178525)
(0.12 0.01265 0.00055178525)
(0.1225 0.01265 0.00055178525)
(0.125 0.01265 0.00055178525)
(0.1275 0.01265 0.00055178525)
(0.13 0.01265 0.00055178525)
(0.1325 0.01265 0.00055178525)
(0.135 0.01265 0.00055178525)
(0.1375 0.01265 0.00055178525)
(0.14 0.01265 0.00055178525)
(0.1425 0.01265 0.00055178525)
(0.145 0.01265 0.00055178525)
(0.1475 0.01265 0.00055178525)
(0.15 0.01265 0.00055178525)
(0.1525 0.01265 0.00055178525)
(0.155 0.01265 0.00055178525)
(0.1575 0.01265 0.00055178525)
(0.16 0.01265 0.00055178525)
(0.1625 0.01265 0.00055178525)
(0.165 0.01265 0.00055178525)
(0.1675 0.01265 0.00055178525)
(0.17 0.01265 0.00055178525)
(0.1725 0.01265 0.00055178525)
(0.175 0.01265 0.00055178525)
(0.1775 0.01265 0.00055178525)
(0.18 0.01265 0.00055178525)
(0.1825 0.01265 0.00055178525)
(0.185 0.01265 0.00055178525)
(0.1875 0.01265 0.00055178525)
(0.19 0.01265 0.00055178525)
(0.1925 0.01265 0.00055178525)
(0.195 0.01265 0.00055178525)
(0.1975 0.01265 0.00055178525)
(0.2 0.01265 0.00055178525)
(0.2025 0.01265 0.00055178525)
(0.205 0.01265 0.00055178525)
(0.2075 0.01265 0.00055178525)
(0.21 0.01265 0.00055178525)
(0.2125 0.01265 0.00055178525)
(0.215 0.01265 0.00055178525)
(0.2175 0.01265 0.00055178525)
(0.22 0.01265 0.00055178525)
(0.2225 0.01265 0.00055178525)
(0.225 0.01265 0.00055178525)
(0.2275 0.01265 0.00055178525)
(0.23 0.01265 0.00055178525)
(0.2325 0.01265 0.00055178525)
(0.235 0.01265 0.00055178525)
(0.2375 0.01265 0.00055178525)
(0.24 0.01265 0.00055178525)
(0.2425 0.01265 0.00055178525)
(0.245 0.01265 0.00055178525)
(0.2475 0.01265 0.00055178525)
(0.25 0.01265 0.00055178525)
(0.2525 0.01265 0.00055178525)
(0.255 0.01265 0.00055178525)
(0.2575 0.01265 0.00055178525)
(0.26 0.01265 0.00055178525)
(0.2625 0.01265 0.00055178525)
(0.265 0.01265 0.00055178525)
(0.2675 0.01265 0.00055178525)
(0.27 0.01265 0.00055178525)
(0.2725 0.01265 0.00055178525)
(0.275 0.01265 0.00055178525)
(0.2775 0.01265 0.00055178525)
(0.28 0.01265 0.00055178525)
(0.2825 0.01265 0.00055178525)
(0.285 0.01265 0.00055178525)
(0.2875 0.01265 0.00055178525)
(0.29 0.01265 0.00055178525)
(0.2925 0.01265 0.00055178525)
(0.295 0.01265 0.00055178525)
(0.2975 0.01265 0.00055178525)
(0.3 0.01265 0.00055178525)
(0.3025 0.01265 0.00055178525)
(0.305 0.01265 0.00055178525)
(0.3075 0.01265 0.00055178525)
(0.31 0.01265 0.00055178525)
(0.3125 0.01265 0.00055178525)
(0.315 0.01265 0.00055178525)
(0.3175 0.01265 0.00055178525)
(0.32 0.01265 0.00055178525)
(0.3225 0.01265 0.00055178525)
(0.325 0.01265 0.00055178525)
(0.3275 0.01265 0.00055178525)
(0.33 0.01265 0.00055178525)
(0.3325 0.01265 0.00055178525)
(0.335 0.01265 0.00055178525)
(0.3375 0.01265 0.00055178525)
(0.34 0.01265 0.00055178525)
(0.3425 0.01265 0.00055178525)
(0.345 0.01265 0.00055178525)
(0.3475 0.01265 0.00055178525)
(0.35 0.01265 0.00055178525)
(0.3525 0.01265 0.00055178525)
(0.355 0.01265 0.00055178525)
(0.3575 0.01265 0.00055178525)
(0.36 0.01265 0.00055178525)
(0.3625 0.01265 0.00055178525)
(0.365 0.01265 0.00055178525)
(0.3675 0.01265 0.00055178525)
(0.37 0.01265 0.00055178525)
(0.3725 0.01265 0.00055178525)
(0.375 0.01265 0.00055178525)
(0.3775 0.01265 0.00055178525)
(0.38 0.01265 0.00055178525)
(0.3825 0.01265 0.00055178525)
(0.385 0.01265 0.00055178525)
(0.3875 0.01265 0.00055178525)
(0.39 0.01265 0.00055178525)
(0.3925 0.01265 0.00055178525)
(0.395 0.01265 0.00055178525)
(0.3975 0.01265 0.00055178525)
(0.4 0.01265 0.00055178525)
(0.4025 0.01265 0.00055178525)
(0.405 0.01265 0.00055178525)
(0.4075 0.01265 0.00055178525)
(0.41 0.01265 0.00055178525)
(0.4125 0.01265 0.00055178525)
(0.415 0.01265 0.00055178525)
(0.4175 0.01265 0.00055178525)
(0.42 0.01265 0.00055178525)
(0.4225 0.01265 0.00055178525)
(0.425 0.01265 0.00055178525)
(0.4275 0.01265 0.00055178525)
(0.43 0.01265 0.00055178525)
(0.4325 0.01265 0.00055178525)
(0.435 0.01265 0.00055178525)
(0.4375 0.01265 0.00055178525)
(0.44 0.01265 0.00055178525)
(0.4425 0.01265 0.00055178525)
(0.445 0.01265 0.00055178525)
(0.4475 0.01265 0.00055178525)
(0.45 0.01265 0.00055178525)
(0.4525 0.01265 0.00055178525)
(0.455 0.01265 0.00055178525)
(0.4575 0.01265 0.00055178525)
(0.46 0.01265 0.00055178525)
(0.4625 0.01265 0.00055178525)
(0.465 0.01265 0.00055178525)
(0.4675 0.01265 0.00055178525)
(0.47 0.01265 0.00055178525)
(0.4725 0.01265 0.00055178525)
(0.475 0.01265 0.00055178525)
(0.4775 0.01265 0.00055178525)
(0.48 0.01265 0.00055178525)
(0.4825 0.01265 0.00055178525)
(0.485 0.01265 0.00055178525)
(0.4875 0.01265 0.00055178525)
(0.49 0.01265 0.00055178525)
(0.4925 0.01265 0.00055178525)
(0.495 0.01265 0.00055178525)
(0.4975 0.01265 0.00055178525)
(0.5 0.01265 0.00055178525)
(0 0 0)
(0.0025 0 0)
(0.005 0 0)
(0.0075 0 0)
(0.01 0 0)
(0.0125 0 0)
(0.015 0 0)
(0.0175 0 0)
(0.02 0 0)
(0.0225 0 0)
(0.025 0 0)
(0.0275 0 0)
(0.03 0 0)
(0.0325 0 0)
(0.035 0 0)
(0.0375 0 0)
(0.04 0 0)
(0.0425 0 0)
(0.045 0 0)
(0.0475 0 0)
(0.05 0 0)
(0.0525 0 0)
(0.055 0 0)
(0.0575 0 0)
(0.06 0 0)
(0.0625 0 0)
(0.065 0 0)
(0.0675 0 0)
(0.07 0 0)
(0.0725 0 0)
(0.075 0 0)
(0.0775 0 0)
(0.08 0 0)
(0.0825 0 0)
(0.085 0 0)
(0.0875 0 0)
(0.09 0 0)
(0.0925 0 0)
(0.095 0 0)
(0.0975 0 0)
(0.1 0 0)
(0.1025 0 0)
(0.105 0 0)
(0.1075 0 0)
(0.11 0 0)
(0.1125 0 0)
(0.115 0 0)
(0.1175 0 0)
(0.12 0 0)
(0.1225 0 0)
(0.125 0 0)
(0.1275 0 0)
(0.13 0 0)
(0.1325 0 0)
(0.135 0 0)
(0.1375 0 0)
(0.14 0 0)
(0.1425 0 0)
(0.145 0 0)
(0.1475 0 0)
(0.15 0 0)
(0.1525 0 0)
(0.155 0 0)
(0.1575 0 0)
(0.16 0 0)
(0.1625 0 0)
(0.165 0 0)
(0.1675 0 0)
(0.17 0 0)
(0.1725 0 0)
(0.175 0 0)
(0.1775 0 0)
(0.18 0 0)
(0.1825 0 0)
(0.185 0 0)
(0.1875 0 0)
(0.19 0 0)
(0.1925 0 0)
(0.195 0 0)
(0.1975 0 0)
(0.2 0 0)
(0.2025 0 0)
(0.205 0 0)
(0.2075 0 0)
(0.21 0 0)
(0.2125 0 0)
(0.215 0 0)
(0.2175 0 0)
(0.22 0 0)
(0.2225 0 0)
(0.225 0 0)
(0.2275 0 0)
(0.23 0 0)
(0.2325 0 0)
(0.235 0 0)
(0.2375 0 0)
(0.24 0 0)
(0.2425 0 0)
(0.245 0 0)
(0.2475 0 0)
(0.25 0 0)
(0.2525 0 0)
(0.255 0 0)
(0.2575 0 0)
(0.26 0 0)
(0.2625 0 0)
(0.265 0 0)
(0.2675 0 0)
(0.27 0 0)
(0.2725 0 0)
(0.275 0 0)
(0.2775 0 0)
(0.28 0 0)
(0.2825 0 0)
(0.285 0 0)
(0.2875 0 0)
(0.29 0 0)
(0.2925 0 0)
(0.295 0 0)
(0.2975 0 0)
(0.3 0 0)
(0.3025 0 0)
(0.305 0 0)
(0.3075 0 0)
(0.31 0 0)
(0.3125 0 0)
(0.315 0 0)
(0.3175 0 0)
(0.32 0 0)
(0.3225 0 0)
(0.325 0 0)
(0.3275 0 0)
(0.33 0 0)
(0.3325 0 0)
(0.335 0 0)
(0.3375 0 0)
(0.34 0 0)
(0.3425 0 0)
(0.345 0 0)
(0.3475 0 0)
(0.35 0 0)
(0.3525 0 0)
(0.355 0 0)
(0.3575 0 0)
(0.36 0 0)
(0.3625 0 0)
(0.365 0 0)
(0.3675 0 0)
(0.37 0 0)
(0.3725 0 0)
(0.375 0 0)
(0.3775 0 0)
(0.38 0 0)
(0.3825 0 0)
(0.385 0 0)
(0.3875 0 0)
(0.39 0 0)
(0.3925 0 0)
(0.395 0 0)
(0.3975 0 0)
(0.4 0 0)
(0.4025 0 0)
(0.405 0 0)
(0.4075 0 0)
(0.41 0 0)
(0.4125 0 0)
(0.415 0 0)
(0.4175 0 0)
(0.42 0 0)
(0.4225 0 0)
(0.425 0 0)
(0.4275 0 0)
(0.43 0 0)
(0.4325 0 0)
(0.435 0 0)
(0.4375 0 0)
(0.44 0 0)
(0.4425 0 0)
(0.445 0 0)
(0.4475 0 0)
(0.45 0 0)
(0.4525 0 0)
(0.455 0 0)
(0.4575 0 0)
(0.46 0 0)
(0.4625 0 0)
(0.465 0 0)
(0.4675 0 0)
(0.47 0 0)
(0.4725 0 0)
(0.475 0 0)
(0.4775 0 0)
(0.48 0 0)
(0.4825 0 0)
(0.485 0 0)
(0.4875 0 0)
(0.49 0 0)
(0.4925 0 0)
(0.495 0 0)
(0.4975 0 0)
(0.5 0 0)
)


// ************************************************************************* //
