/*--------------------------------*- C++ -*----------------------------------*\
  =========                 |
  \\      /  F ield         | OpenFOAM: The Open Source CFD Toolbox
   \\    /   O peration     | Website:  https://openfoam.org
    \\  /    A nd           | Version:  10
     \\/     M anipulation  |
\*---------------------------------------------------------------------------*/
FoamFile
{
    format      ascii;
    class       labelList;
    location    "0";
    object      pointPriority;
}
// * * * * * * * * * * * * * * * * * * * * * * * * * * * * * * * * * * * * * //


2613
(
1073893736
-1007885627
1062590567
869649207
-1147604403
1128914766
1073894977
-1007885660
1062590567
-1991596188
-1147604404
334810087
1073896218
-1007885674
1062590567
1826152021
1000898693
-460420495
1073897458
-1007885659
1062590567
869648422
-1147604403
-1255651075
1073898699
-1007885658
1062590567
1826152451
1000898693
-2049755756
1073899940
-1007885658
1062590567
-658565599
1001553109
1449980958
1073901181
-1007885643
1062590567
392430289
-1146584954
654750379
1073902422
-1007885675
1062590567
1826152114
1000898693
-139354303
1073903662
-1007885658
1062590567
1348933886
999820990
-934584884
1073904903
-1007885659
1062590567
869648422
-1147604403
-1729815466
1073906144
-1007885644
1062590567
-1991595841
-1147604404
1771047150
1073907385
-1007885659
1062590567
1826152545
1000898693
975816569
1073908626
-1007885691
1062590567
869647637
-1147604403
180585989
1073909867
-1007885643
1062590567
1826152835
1000898693
-613518693
1073911107
-1007885644
1062590567
-1991595841
-1147604404
-1408749275
1073912348
-1007885676
1062590567
477221091
994865607
2090987442
1073913589
-1007885659
1062590567
1826152498
1000898693
1296882761
1073914830
-1007885658
1062590567
1348933886
999820990
501652180
1073916071
-1007885643
1062590567
869648862
-1147604403
-293578401
1073917311
-1007885659
1062590567
-1991596092
-1147604404
-1087683082
1073918552
-1007885674
1062590567
1826152021
1000898693
-1882913663
1073919793
-1007885659
1062590567
869648422
-1147604403
1616823052
1073921034
-1007885643
1062590567
1826152883
1000898693
822718370
1073922275
-1007885660
1062590567
-1991596188
-1147604404
27487789
1073923516
-1007885659
1062590567
869648422
-1147604403
-767742791
1073924756
-1007885675
1062590567
1348933462
999820990
-1561847472
1073925997
-1007885658
1062590567
1826152451
1000898693
1937889243
1073927238
-1007885660
1062590567
477218588
994865607
1142658663
1073928479
-1007885658
1062590567
-1991596280
-1147604404
348553983
1073929720
-1007885643
1062590567
1826152883
1000898693
-446676599
1073930960
-1007885676
1062590567
869648076
-1147604403
-1241907179
1073932201
-1007885658
1062590567
1826152451
1000898693
-2036011861
1073933442
-1007885644
1062590567
-1991595841
-1147604404
1463724854
1073934683
-1007885676
1062590567
1826152451
1000898693
-194329885
1073769654
-1007885660
1062590567
-1991596188
-1147604404
-989560466
1073770895
-1007885643
1062590567
477219090
994865607
-1784791045
1073772136
-1007885675
1062590567
1826152114
1000898693
1716071569
1073773377
-1007885658
1062590567
1348933886
999820990
920840988
1073774618
-1007885643
1062590567
869648862
-1147604403
125610406
1073775859
-1007885660
1062590567
-1991596188
-1147604404
-668494274
1073777099
-1007885658
1062590567
1826152451
1000898693
-1463724855
1073778340
-1007885676
1062590567
869648076
-1147604403
2036011860
1073779581
-1007885658
1062590567
1826152451
1000898693
1241907178
1073780822
-1007885660
1062590567
-1991596188
-1147604404
446676599
1073782063
-1007885659
1062590567
869648515
-1147604403
-348553983
1073783303
-1007885658
1062590567
1348933886
999820990
-1142658664
1073784544
-1007885658
1062590567
1826152451
1000898693
-1937889244
1073785785
-1007885660
1062590567
477218588
994865607
1561847471
1073787026
-1007885644
1062590567
-1991595841
-1147604404
767742790
1073788267
-1007885674
1062590567
1826152021
1000898693
-27487791
1073789507
-1007885643
1062590567
869648862
-1147604403
-822718372
1073790748
-1007885659
1062590567
1826152498
1000898693
-1616823053
1073791989
-1007885660
1062590567
-1991596188
-1147604404
1882913662
1073793230
-1007885676
1062590567
869648170
-1147604403
1087683082
1073794471
-1007885659
1062590567
1348933886
999820990
293578401
1073795712
-1007885658
1062590567
1826152451
1000898693
-501652181
1073796952
-1007885659
1062590567
392429857
-1146584954
-1296882762
1073798193
-1007885658
1062590567
1826152451
1000898693
-2090987443
1073799434
-1007885658
1062590567
1348933886
999820990
1408749273
1073800675
-1007885660
1062590567
477218588
994865607
613518691
1073801916
-1007885658
1062590567
1826152451
1000898693
-180585989
1073803156
-1007885660
1062590567
-1991596188
-1147604404
-975816570
1073804397
-1007885643
1062590567
869648955
-1147604403
-1771047149
1073805638
-1007885690
1062590567
1348933040
999820990
1729815465
1073806879
-1007885627
1062590567
1826153268
1000898693
934584883
1073808120
-1007885659
1062590567
392429904
-1146584954
139354303
1073809361
-1007885674
1062590567
1826152021
1000898693
-654750378
0
2432
0
33
0
62
1182
1185
1186
1187
0
33
0
63
1185
1188
1189
1190
0
33
0
64
1188
1191
1192
1193
0
33
0
65
1191
1194
1195
1196
0
33
0
66
1194
1197
1198
1199
0
33
0
67
1197
1200
1201
1202
0
33
0
68
1200
1203
1204
1205
0
33
0
69
1203
1206
1207
1208
0
8209
0
-194343472
21864
-194343536
21864
-194343760
21864
-194343440
21864
-194343568
21864
-194345408
21864
-194343696
21864
-194343344
21864
-194343280
21864
-194343216
21864
-194343152
21864
-194343088
21864
-194343024
21864
-194342960
21864
-194342896
21864
-194342832
21864
-194342768
21864
-194342704
21864
-194342640
21864
-194342576
21864
-194342512
21864
-194342448
21864
-194342384
21864
-194342320
21864
-194342256
21864
-194342192
21864
-194342128
21864
-194342064
21864
-194342000
21864
-194341936
21864
-194341872
21864
-194341808
21864
-194341744
21864
-194341680
21864
-194341616
21864
-194341552
21864
-194341488
21864
-194341424
21864
-194341360
21864
-194341296
21864
-194341232
21864
-194341168
21864
-194341104
21864
-194341040
21864
-194340976
21864
-194340912
21864
-194340848
21864
-194340784
21864
-194340720
21864
-194340656
21864
-194340592
21864
-194340528
21864
-194340464
21864
-194340400
21864
-194340336
21864
-194340272
21864
-194340208
21864
-194340144
21864
-194340080
21864
-194340016
21864
-194339952
21864
-194339888
21864
-194339824
21864
-194339760
21864
-194339696
21864
-194339632
21864
-194339568
21864
-194339504
21864
-194339440
21864
-194339376
21864
-194339312
21864
-194339248
21864
-194339184
21864
-194339120
21864
-194339056
21864
-194338992
21864
-194338928
21864
-194338864
21864
-194338800
21864
-194338736
21864
-194338672
21864
-194338608
21864
-194338544
21864
-194338480
21864
-194338416
21864
-194338352
21864
-194338288
21864
-194338224
21864
-194338160
21864
-194338096
21864
-194338032
21864
-194337968
21864
-194337904
21864
-194337840
21864
-194337776
21864
-194337712
21864
-194337648
21864
-194337584
21864
-194337520
21864
-194337456
21864
-194337392
21864
-194337328
21864
-194337264
21864
-194337200
21864
-194337136
21864
-194337072
21864
-194337008
21864
-194336944
21864
-194336880
21864
-194336816
21864
-194336752
21864
-194336688
21864
-194336624
21864
-194336560
21864
-194336496
21864
-194336432
21864
-194336368
21864
-194336304
21864
-194336240
21864
-194336176
21864
-194336112
21864
-194336048
21864
-194335984
21864
-194335920
21864
-194335856
21864
-194335792
21864
-194335728
21864
-194335664
21864
-194335600
21864
-194335536
21864
-194335472
21864
-194335408
21864
-194335344
21864
-194335280
21864
-194335216
21864
-194335152
21864
-194335088
21864
-194335024
21864
-194334960
21864
-194334896
21864
-194334832
21864
-194334768
21864
-194334704
21864
-194334640
21864
-194334576
21864
-194334512
21864
-194334448
21864
-194334384
21864
-194334320
21864
-194334256
21864
-194334192
21864
-194334128
21864
-194334064
21864
-194334000
21864
-194333936
21864
-194333872
21864
-194333808
21864
-194333744
21864
-194333680
21864
-194333616
21864
-194333552
21864
-194333488
21864
-194333424
21864
-194333360
21864
-194333296
21864
-194333232
21864
-194333168
21864
-194333104
21864
-194333040
21864
-194332976
21864
-194332912
21864
-194332848
21864
-194332784
21864
-194332720
21864
-194332656
21864
-194332592
21864
-194332528
21864
-194332464
21864
-194332400
21864
-194332336
21864
-194332272
21864
-194332208
21864
-194332144
21864
-194332080
21864
-194332016
21864
-194331952
21864
-194331888
21864
-194331824
21864
-194331760
21864
-194331696
21864
-194331632
21864
-194331568
21864
-194331504
21864
-194331440
21864
-194331376
21864
-194331312
21864
-194331248
21864
-194331184
21864
-194331120
21864
-194331056
21864
-194330992
21864
0
0
0
0
0
0
0
0
0
0
0
0
0
0
0
0
0
0
0
0
0
0
0
0
0
0
0
0
0
0
0
0
0
0
0
0
0
0
0
0
0
0
0
0
0
0
0
0
0
0
0
0
0
0
0
0
0
0
0
0
0
0
0
0
0
0
0
0
0
0
0
0
0
0
0
0
0
0
0
0
0
0
0
0
0
0
0
0
0
0
0
0
0
0
0
0
0
0
0
0
0
0
0
0
0
0
0
0
0
0
0
0
0
0
0
0
0
0
0
0
0
0
0
0
0
0
0
0
0
0
0
0
0
0
0
0
0
0
0
0
0
0
0
0
0
0
0
0
0
0
0
0
0
0
0
0
0
0
0
0
0
0
0
0
0
0
0
0
0
0
0
0
0
0
0
0
0
0
0
0
0
0
0
0
0
0
0
0
0
0
0
0
0
0
0
0
0
0
0
0
0
0
0
0
0
0
0
0
0
0
0
0
0
0
0
0
0
0
0
0
0
0
0
0
0
0
0
0
0
0
0
0
0
0
0
0
0
0
0
0
0
0
0
0
0
0
0
0
0
0
0
0
0
0
0
0
0
0
0
0
0
0
0
0
0
0
0
0
0
0
0
0
0
0
0
0
0
0
0
0
0
0
0
0
0
0
0
0
0
0
0
0
0
0
0
0
0
0
0
0
0
0
0
0
0
0
0
0
0
0
0
0
0
0
0
0
0
0
0
0
0
0
0
0
0
0
0
0
0
0
0
0
0
-194338320
21864
-194338256
21864
-194338192
21864
-194338128
21864
-194338064
21864
-194338000
21864
-194337936
21864
-194337872
21864
-194337808
21864
-194337744
21864
-194337680
21864
-194337616
21864
-194337552
21864
-194337488
21864
-194337424
21864
-194337360
21864
-194337296
21864
-194337232
21864
-194337168
21864
-194337104
21864
-194337040
21864
-194336976
21864
-194336912
21864
-194336848
21864
-194336784
21864
-194336720
21864
-194336656
21864
-194336592
21864
-194336528
21864
-194336464
21864
-194336400
21864
-194336336
21864
-194336272
21864
-194336208
21864
-194336144
21864
-194336080
21864
-194336016
21864
-194335952
21864
-194335888
21864
-194335824
21864
-194335760
21864
-194335696
21864
-194335632
21864
-194335568
21864
-194335504
21864
-194335440
21864
-194335376
21864
-194335312
21864
-194335248
21864
-194335184
21864
-194335120
21864
-194335056
21864
-194334992
21864
-194334928
21864
-194334864
21864
-194334800
21864
-194334736
21864
-194334672
21864
-194334608
21864
-194334544
21864
-194334480
21864
-194334416
21864
-194334352
21864
-194334288
21864
-194334224
21864
-194334160
21864
-194334096
21864
-194334032
21864
-194333968
21864
-194333904
21864
-194333840
21864
-194333776
21864
-194333712
21864
-194333648
21864
-194333584
21864
-194333520
21864
-194333456
21864
-194333392
21864
-194333328
21864
-194333264
21864
-194333200
21864
-194333136
21864
-194333072
21864
-194333008
21864
-194332944
21864
-194332880
21864
-194332816
21864
-194332752
21864
-194332688
21864
-194332624
21864
-194332560
21864
-194332496
21864
-194332432
21864
-194332368
21864
-194332304
21864
-194332240
21864
-194332176
21864
-194332112
21864
-194332048
21864
-194331984
21864
-194331920
21864
-194331856
21864
-194331792
21864
-194331728
21864
-194331664
21864
-194331600
21864
-194331536
21864
-194331472
21864
-194331408
21864
-194331344
21864
-194331280
21864
-194331216
21864
-194331152
21864
-194331088
21864
-194331024
21864
-194319632
21864
0
0
0
0
0
0
0
0
0
0
0
0
0
0
0
0
0
0
0
0
0
0
0
0
0
0
0
0
0
0
0
0
0
0
0
0
0
0
0
0
0
0
0
0
0
0
0
0
0
0
0
0
0
0
0
0
0
0
0
0
0
0
0
0
0
0
0
0
0
0
0
0
0
0
0
0
0
0
0
0
0
0
0
0
0
0
0
0
0
0
0
0
0
0
0
0
0
0
0
0
0
0
0
0
0
0
0
0
0
0
0
0
0
0
0
0
0
0
0
0
0
0
0
0
0
0
0
0
0
0
0
0
0
0
0
0
0
0
0
0
0
0
0
0
0
0
0
0
0
0
0
0
0
0
0
0
0
0
0
0
0
0
0
0
0
0
0
0
0
0
0
0
0
0
0
0
0
0
0
0
0
0
0
0
0
0
0
0
0
0
0
0
0
0
0
0
0
0
0
0
0
0
0
0
0
0
0
0
0
0
0
0
0
0
0
0
0
0
0
0
0
0
0
0
0
0
0
0
0
0
0
0
0
0
0
0
0
0
0
0
0
0
0
0
0
0
0
0
0
0
0
0
0
0
0
0
0
0
0
0
0
0
0
0
0
0
0
0
0
0
0
0
0
0
0
0
0
0
0
0
0
0
0
0
0
0
0
0
0
0
0
0
0
0
0
0
0
0
0
0
0
0
0
0
0
0
0
0
0
0
0
0
0
0
0
0
0
0
0
0
0
0
0
0
0
0
0
0
0
0
0
0
0
0
0
0
0
0
0
0
0
0
0
0
0
0
0
0
0
0
0
0
0
0
0
0
0
0
0
0
0
0
0
0
0
0
0
0
0
0
0
0
0
0
0
0
0
0
0
0
0
0
0
0
0
0
0
0
0
0
0
0
0
0
0
0
0
0
0
0
0
0
0
0
0
0
0
0
0
0
0
0
0
0
0
0
0
0
0
0
0
0
0
0
0
0
0
0
0
0
0
0
0
0
0
0
0
0
0
0
0
0
0
0
0
0
0
0
0
0
0
0
0
0
0
0
0
0
0
0
0
0
0
0
0
0
0
0
0
0
0
0
0
0
0
0
0
0
0
0
0
0
0
0
0
0
0
0
0
0
0
0
0
0
0
0
0
0
0
0
0
0
0
0
0
0
0
0
0
0
0
0
0
0
0
0
0
0
0
0
0
0
0
0
0
0
0
0
0
0
0
0
0
0
0
0
0
0
0
0
0
0
0
0
0
0
0
0
0
0
0
0
0
0
0
0
0
0
0
0
0
0
0
0
0
0
0
0
0
0
0
0
0
0
0
0
0
0
0
0
0
0
0
0
0
0
0
0
0
0
0
0
0
0
0
0
0
0
0
0
0
0
0
0
0
0
0
0
0
0
0
0
0
0
0
0
0
0
0
0
0
0
0
0
0
0
0
0
0
0
0
0
0
0
0
0
0
0
0
0
0
0
0
0
0
0
0
0
0
0
0
0
0
0
0
0
0
0
0
0
0
0
0
0
0
0
0
0
0
0
0
0
0
0
0
0
0
0
0
0
0
0
0
0
0
0
0
0
0
0
0
0
0
0
0
0
0
0
0
0
0
0
0
0
0
0
0
0
0
0
0
0
0
0
0
0
0
0
0
0
0
0
0
0
0
0
0
0
0
0
0
0
0
0
0
0
0
0
0
0
0
0
0
0
0
0
0
0
0
0
0
0
0
0
0
0
0
0
0
0
0
0
0
0
0
0
0
0
0
0
0
0
0
0
0
0
0
0
0
0
0
0
0
0
0
0
0
0
0
0
0
0
0
0
0
0
0
0
0
0
0
0
0
0
0
0
0
0
0
0
0
0
0
0
0
0
0
0
0
0
0
0
0
0
0
0
0
0
0
0
0
0
0
0
0
0
0
0
0
0
0
0
0
0
0
0
0
0
0
0
0
0
0
0
0
0
0
0
0
0
0
0
0
0
0
0
0
0
0
0
0
0
0
0
0
0
0
0
0
0
8208
0
33
0
5
0
0
0
10
0
33
0
402
32561
-194330960
21864
0
0
33
0
200
32561
-194327736
21864
0
0
33
0
0
1
2
3
-194345328
21864
33
0
1
4
5
2
0
0
33
0
4
6
7
5
0
0
33
0
6
8
9
7
0
0
33
0
8
10
11
9
0
0
33
0
10
12
13
11
0
0
33
0
12
14
15
13
0
0
33
0
14
16
17
15
0
0
33
0
16
18
1073810601
-1007885658
1062590567
1348933886
999820990
-1449980960
1073811842
-1007885659
1062590567
869648422
-1147604403
2049755755
1073813083
-1007885643
1062590567
-658565274
1001553109
1255651074
1073814324
-1007885660
1062590567
-1991596188
-1147604404
460420494
1073815565
-1007885675
1062590567
869647984
-1147604403
-334810087
1073816805
-1007885658
1062590567
1348933886
999820990
-1128914767
1073818046
-1007885658
1062590567
1826152451
1000898693
-1924145348
1073819287
-1007885643
1062590567
392430289
-1146584954
1575591366
1073820528
-1007885658
1062590567
1826152451
1000898693
781486686
1073821769
-1007885675
1062590567
1348933462
999820990
-13743895
1073823009
-1007885659
1062590567
869648422
-1147604403
-808974477
1073824250
-1007885644
1062590567
-1991595841
-1147604404
-1603079158
1073825491
-1007885675
1062590567
1826152114
1000898693
1896657558
1073826732
-1007885659
1062590567
477215584
994865607
1101426978
1073827973
-1007885658
1062590567
1348933886
999820990
307322296
1073829214
-1007885658
1062590567
1826152451
1000898693
-487908284
1073830454
-1007885643
1062590567
392430289
-1146584954
-1283138865
1073831695
-1007885674
1062590567
1826152021
1000898693
-2077243547
1073832936
-1007885644
1062590567
1348934309
999820990
1422493168
1073834177
-1007885659
1062590567
869648515
-1147604403
627262586
1073835418
-1007885660
1062590567
-1991596188
-1147604404
-166842094
1073836658
-1007885675
1062590567
1826152114
1000898693
-962072675
1073837899
-1007885659
1062590567
869648422
-1147604403
-1757303256
1073839140
-1007885658
1062590567
1826152451
1000898693
1743559359
1073840381
-1007885660
1062590567
-1991596188
-1147604404
948328778
1073841622
-1007885660
1062590567
477218588
994865607
153098198
1073842863
-1007885643
1062590567
1826152883
1000898693
-641006482
1073844103
-1007885675
1062590567
1348933462
999820990
-1436237064
1073845344
-1007885659
1062590567
869648422
-1147604403
2063499651
1073846585
-1007885660
1062590567
-1991596188
-1147604404
1269394970
1073847826
-1007885643
1062590567
1826152883
1000898693
474164390
1073849067
-1007885691
1062590567
869647637
-1147604403
-321066191
1073850307
-1007885627
1062590567
1826153268
1000898693
-1115170873
1073851548
-1007885660
1062590567
)


// ************************************************************************* //
