/*--------------------------------*- C++ -*----------------------------------*\
  =========                 |
  \\      /  F ield         | OpenFOAM: The Open Source CFD Toolbox
   \\    /   O peration     | Website:  https://openfoam.org
    \\  /    A nd           | Version:  10
     \\/     M anipulation  |
\*---------------------------------------------------------------------------*/
FoamFile
{
    format      ascii;
    class       surfaceScalarField;
    location    "1200/FLUID";
    object      phi;
}
// * * * * * * * * * * * * * * * * * * * * * * * * * * * * * * * * * * * * * //

dimensions      [1 0 -1 0 0 0 0];

internalField   nonuniform List<scalar> 
2194
(
6.9305892e-06
-1.8089422e-07
7.1648945e-06
-2.3430524e-07
7.3925174e-06
-2.2762298e-07
7.6021231e-06
-2.0960568e-07
7.7850644e-06
-1.8294136e-07
7.9378296e-06
-1.5276521e-07
8.0615513e-06
-1.2372164e-07
8.1590665e-06
-9.7515232e-08
8.2337823e-06
-7.4715712e-08
8.2892109e-06
-5.5428597e-08
8.3286517e-06
-3.9440866e-08
8.3550302e-06
-2.6378462e-08
8.3708458e-06
-1.5815595e-08
8.3781756e-06
-7.3297884e-09
8.3787013e-06
-5.2576926e-10
8.3738288e-06
4.872527e-09
8.3647832e-06
9.0456505e-09
8.3525815e-06
1.2201657e-08
8.3380505e-06
1.4531036e-08
8.3218591e-06
1.6191411e-08
8.3045459e-06
1.7313129e-08
8.2865423e-06
1.8003599e-08
8.2681917e-06
1.8350606e-08
8.2497663e-06
1.8425374e-08
8.2314809e-06
1.828544e-08
8.2135026e-06
1.79783e-08
8.1959596e-06
1.7542996e-08
8.1789491e-06
1.7010493e-08
8.1625435e-06
1.6405633e-08
8.146795e-06
1.5748515e-08
8.1317396e-06
1.5055391e-08
8.1174002e-06
1.4339381e-08
8.1037892e-06
1.3611044e-08
8.0909103e-06
1.2878833e-08
8.0787608e-06
1.2149471e-08
8.0673326e-06
1.142826e-08
8.0566132e-06
1.0719339e-08
8.0465873e-06
1.0025895e-08
8.037237e-06
9.3503523e-09
8.0285425e-06
8.6945251e-09
8.0204827e-06
8.0597751e-09
8.0130356e-06
7.4471345e-09
8.006178e-06
6.8575984e-09
7.9998863e-06
6.2916763e-09
7.9941373e-06
5.7489765e-09
7.9889089e-06
5.2284532e-09
7.9841796e-06
4.7292694e-09
7.9799289e-06
4.2506868e-09
7.9761369e-06
3.7919921e-09
7.9727844e-06
3.3524925e-09
7.9698529e-06
2.9315124e-09
7.9673245e-06
2.5283891e-09
7.965182e-06
2.1424708e-09
7.9634089e-06
1.7731162e-09
7.9619892e-06
1.4196964e-09
7.9609076e-06
1.0816004e-09
7.9601494e-06
7.582376e-10
7.9597003e-06
4.490692e-10
7.9595469e-06
1.5341258e-10
7.9596768e-06
-1.298623e-10
7.9600787e-06
-4.0191347e-10
7.9607421e-06
-6.6339952e-10
7.9616567e-06
-9.1466772e-10
7.9628128e-06
-1.1560157e-09
7.9642005e-06
-1.3877362e-09
7.9658106e-06
-1.6101229e-09
7.9676341e-06
-1.8234764e-09
7.9696622e-06
-2.0281053e-09
7.9718865e-06
-2.2243237e-09
7.974299e-06
-2.412448e-09
7.9768918e-06
-2.5927944e-09
7.9796574e-06
-2.765676e-09
7.9825888e-06
-2.931401e-09
7.9856791e-06
-3.0902708e-09
7.9889217e-06
-3.2425787e-09
7.9923103e-06
-3.3886092e-09
7.9958389e-06
-3.5286374e-09
7.9995019e-06
-3.6629282e-09
8.0032936e-06
-3.7917366e-09
8.0072089e-06
-3.915307e-09
8.0112428e-06
-4.0338739e-09
8.0153905e-06
-4.1476615e-09
8.0196473e-06
-4.2568841e-09
8.0240091e-06
-4.3617462e-09
8.0284715e-06
-4.462443e-09
8.0330307e-06
-4.5591605e-09
8.0376828e-06
-4.6520758e-09
8.0424241e-06
-4.7413576e-09
8.0472513e-06
-4.8271663e-09
8.0521609e-06
-4.9096547e-09
8.0571499e-06
-4.988968e-09
8.0622152e-06
-5.065244e-09
8.0673538e-06
-5.138614e-09
8.072563e-06
-5.2092027e-09
8.0778401e-06
-5.2771285e-09
8.0831826e-06
-5.3425039e-09
8.088588e-06
-5.4054358e-09
8.0940541e-06
-5.4660259e-09
8.0995784e-06
-5.5243707e-09
8.105159e-06
-5.5805618e-09
8.1107937e-06
-5.6346864e-09
8.1164805e-06
-5.6868273e-09
8.1222176e-06
-5.7370632e-09
8.128003e-06
-5.7854689e-09
8.1338352e-06
-5.8321156e-09
8.1397122e-06
-5.877071e-09
8.1456326e-06
-5.9203992e-09
8.1515948e-06
-5.9621616e-09
8.1575972e-06
-6.0024164e-09
8.1636384e-06
-6.0412191e-09
8.169717e-06
-6.0786224e-09
8.1758317e-06
-6.1146767e-09
8.1819812e-06
-6.1494298e-09
8.1881641e-06
-6.1829273e-09
8.1943793e-06
-6.215213e-09
8.2006256e-06
-6.2463281e-09
8.2069019e-06
-6.2763124e-09
8.2132071e-06
-6.3052037e-09
8.2195402e-06
-6.333038e-09
8.2259e-06
-6.3598499e-09
8.2322857e-06
-6.3856722e-09
8.2386962e-06
-6.4105366e-09
8.2451307e-06
-6.4344731e-09
8.2515882e-06
-6.4575106e-09
8.2580679e-06
-6.4796766e-09
8.2645689e-06
-6.5009977e-09
8.2710904e-06
-6.5214991e-09
8.2776316e-06
-6.5412052e-09
8.2841917e-06
-6.5601392e-09
8.2907701e-06
-6.5783235e-09
8.2973658e-06
-6.5957795e-09
8.3039784e-06
-6.6125278e-09
8.310607e-06
-6.6285883e-09
8.3172509e-06
-6.6439799e-09
8.3239097e-06
-6.6587211e-09
8.3305825e-06
-6.6728294e-09
8.3372688e-06
-6.6863218e-09
8.343968e-06
-6.6992147e-09
8.3506796e-06
-6.7115238e-09
8.3574028e-06
-6.7232643e-09
8.3641373e-06
-6.7344509e-09
8.3708824e-06
-6.7450977e-09
8.3776376e-06
-6.7552183e-09
8.3844024e-06
-6.7648261e-09
8.3911763e-06
-6.7739338e-09
8.3979589e-06
-6.7825536e-09
8.4047496e-06
-6.7906975e-09
8.411548e-06
-6.7983772e-09
8.4183536e-06
-6.8056037e-09
8.425166e-06
-6.8123879e-09
8.4319847e-06
-6.8187404e-09
8.4388094e-06
-6.8246713e-09
8.4456396e-06
-6.8301905e-09
8.4524749e-06
-6.8353076e-09
8.4593149e-06
-6.8400319e-09
8.4661593e-06
-6.8443725e-09
8.4730076e-06
-6.8483382e-09
8.4798596e-06
-6.8519375e-09
8.4867147e-06
-6.8551787e-09
8.4935728e-06
-6.8580699e-09
8.5004334e-06
-6.8606191e-09
8.5072963e-06
-6.8628338e-09
8.514161e-06
-6.8647216e-09
8.5210273e-06
-6.8662897e-09
8.5278948e-06
-6.8675453e-09
8.5347633e-06
-6.8684952e-09
8.5416325e-06
-6.8691463e-09
8.548502e-06
-6.8695052e-09
8.5553715e-06
-6.8695783e-09
8.5622409e-06
-6.8693719e-09
8.5691098e-06
-6.8688922e-09
8.575978e-06
-6.8681453e-09
8.5828451e-06
-6.8671369e-09
8.589711e-06
-6.865873e-09
8.5965753e-06
-6.864359e-09
8.6034379e-06
-6.8626005e-09
8.6102985e-06
-6.8606028e-09
8.6171569e-06
-6.858371e-09
8.6240128e-06
-6.8559102e-09
8.630866e-06
-6.8532248e-09
8.6377164e-06
-6.8503192e-09
8.6445635e-06
-6.8471967e-09
8.6514074e-06
-6.8438596e-09
8.6582477e-06
-6.8403079e-09
8.6650843e-06
-6.8365378e-09
8.6719168e-06
-6.8325387e-09
8.6787451e-06
-6.8282874e-09
8.6855688e-06
-6.8237382e-09
8.6923876e-06
-6.8188044e-09
8.6992009e-06
-6.8133244e-09
8.7060079e-06
-6.807001e-09
8.7128072e-06
-6.7992854e-09
8.7195964e-06
-6.7891931e-09
8.7263713e-06
-6.7748302e-09
8.7331244e-06
-6.7531377e-09
8.7398409e-06
-6.7165194e-09
8.7465003e-06
-6.6594112e-09
8.7530315e-06
-6.5311389e-09
8.75944e-06
-6.4085254e-09
-5.6286138e-09
1.1580258e-05
-5.5641647e-07
1.191788e-05
-5.7192753e-07
1.2185491e-05
-4.9523454e-07
1.2401275e-05
-4.253897e-07
1.2566319e-05
-3.4798478e-07
1.2687685e-05
-2.7413132e-07
1.2774218e-05
-2.1025463e-07
1.283349e-05
-1.5678714e-07
1.2871906e-05
-1.1313176e-07
1.2894776e-05
-7.8298303e-08
1.290635e-05
-5.1015171e-08
1.2909944e-05
-2.9972546e-08
1.2908083e-05
-1.3954912e-08
1.2902652e-05
-1.898061e-09
1.2895115e-05
7.010612e-09
1.2886586e-05
1.3401221e-08
1.2877779e-05
1.7853013e-08
1.2869163e-05
2.0818093e-08
1.286105e-05
2.2643246e-08
1.285364e-05
2.3601688e-08
1.2847046e-05
2.3907e-08
1.2841326e-05
2.3723757e-08
1.2836499e-05
2.3178143e-08
1.2832557e-05
2.2366911e-08
1.2829478e-05
2.1364472e-08
1.2827228e-05
2.0227982e-08
1.2825772e-05
1.8999672e-08
1.2825072e-05
1.7710684e-08
1.2825091e-05
1.6386224e-08
1.2825793e-05
1.5046201e-08
1.2827143e-05
1.3706115e-08
1.2829104e-05
1.2377945e-08
1.2831644e-05
1.1070865e-08
1.2834731e-05
9.7918124e-09
1.2838335e-05
8.5459479e-09
1.2842426e-05
7.3370149e-09
1.2846978e-05
6.1676312e-09
1.2851964e-05
5.0395261e-09
1.2857361e-05
3.9537363e-09
1.2863144e-05
2.9107885e-09
1.2869293e-05
1.9108158e-09
1.2875787e-05
9.5388909e-10
1.2882606e-05
3.8469433e-11
1.2889737e-05
-8.3971136e-10
1.289717e-05
-1.6838193e-09
1.2904892e-05
-2.4939465e-09
1.2912892e-05
-3.270188e-09
1.2921155e-05
-4.0129365e-09
1.292967e-05
-4.7227332e-09
1.2938423e-05
-5.4002508e-09
1.2947401e-05
-6.0462896e-09
1.2956591e-05
-6.661757e-09
1.2965981e-05
-7.247641e-09
1.2975559e-05
-7.8049851e-09
1.2985314e-05
-8.3348648e-09
1.2995234e-05
-8.8383666e-09
1.3005308e-05
-9.3165645e-09
1.3015528e-05
-9.7705078e-09
1.3025882e-05
-1.0201094e-08
1.3036362e-05
-1.060908e-08
1.3046955e-05
-1.0995496e-08
1.3057653e-05
-1.136165e-08
1.3068448e-05
-1.1708768e-08
1.3079329e-05
-1.2037938e-08
1.3090292e-05
-1.2350149e-08
1.3101328e-05
-1.264631e-08
1.3112432e-05
-1.292726e-08
1.3123598e-05
-1.3193781e-08
1.313482e-05
-1.34466e-08
1.3146094e-05
-1.3686405e-08
1.3157415e-05
-1.3913839e-08
1.3168779e-05
-1.4129513e-08
1.3180181e-05
-1.4334003e-08
1.3191619e-05
-1.4527856e-08
1.3203088e-05
-1.4711589e-08
1.3214585e-05
-1.4885695e-08
1.3226107e-05
-1.5050638e-08
1.3237651e-05
-1.5206863e-08
1.3249214e-05
-1.5354789e-08
1.3260793e-05
-1.5494815e-08
1.3272387e-05
-1.5627319e-08
1.3283992e-05
-1.5752661e-08
1.3295606e-05
-1.5871182e-08
1.3307228e-05
-1.5983204e-08
1.3318854e-05
-1.6089036e-08
1.3330484e-05
-1.6188966e-08
1.3342115e-05
-1.6283272e-08
1.3353746e-05
-1.6372214e-08
1.3365375e-05
-1.645604e-08
1.3377e-05
-1.6534986e-08
1.3388621e-05
-1.6609273e-08
1.3400234e-05
-1.6679113e-08
1.3411841e-05
-1.6744705e-08
1.3423438e-05
-1.680624e-08
1.3435024e-05
-1.6863896e-08
1.34466e-05
-1.6917844e-08
1.3458163e-05
-1.6968245e-08
1.3469712e-05
-1.7015252e-08
1.3481246e-05
-1.705901e-08
1.3492765e-05
-1.7099656e-08
1.3504268e-05
-1.7137321e-08
1.3515753e-05
-1.7172128e-08
1.3527221e-05
-1.7204194e-08
1.3538669e-05
-1.7233631e-08
1.3550097e-05
-1.7260544e-08
1.3561505e-05
-1.7285034e-08
1.3572892e-05
-1.7307196e-08
1.3584257e-05
-1.732712e-08
1.3595599e-05
-1.7344892e-08
1.3606919e-05
-1.7360595e-08
1.3618214e-05
-1.7374306e-08
1.3629486e-05
-1.7386098e-08
1.3640732e-05
-1.7396043e-08
1.3651954e-05
-1.7404207e-08
1.3663149e-05
-1.7410655e-08
1.3674318e-05
-1.7415447e-08
1.3685461e-05
-1.7418642e-08
1.3696576e-05
-1.7420295e-08
1.3707663e-05
-1.7420459e-08
1.3718722e-05
-1.7419184e-08
1.3729753e-05
-1.7416519e-08
1.3740755e-05
-1.7412511e-08
1.3751728e-05
-1.7407203e-08
1.3762671e-05
-1.7400638e-08
1.3773584e-05
-1.7392856e-08
1.3784467e-05
-1.7383897e-08
1.3795319e-05
-1.7373798e-08
1.3806141e-05
-1.7362594e-08
1.3816931e-05
-1.735032e-08
1.382769e-05
-1.733701e-08
1.3838417e-05
-1.7322694e-08
1.3849112e-05
-1.7307404e-08
1.3859774e-05
-1.7291169e-08
1.3870404e-05
-1.7274017e-08
1.3881001e-05
-1.7255976e-08
1.3891566e-05
-1.7237073e-08
1.3902097e-05
-1.7217332e-08
1.3912594e-05
-1.7196778e-08
1.3923058e-05
-1.7175435e-08
1.3933488e-05
-1.7153326e-08
1.3943884e-05
-1.7130473e-08
1.3954246e-05
-1.7106899e-08
1.3964573e-05
-1.7082622e-08
1.3974866e-05
-1.7057665e-08
1.3985124e-05
-1.7032046e-08
1.3995348e-05
-1.7005784e-08
1.4005536e-05
-1.6978898e-08
1.4015689e-05
-1.6951405e-08
1.4025807e-05
-1.6923324e-08
1.4035889e-05
-1.689467e-08
1.4045936e-05
-1.6865461e-08
1.4055947e-05
-1.6835712e-08
1.4065922e-05
-1.6805439e-08
1.4075861e-05
-1.6774657e-08
1.4085765e-05
-1.674338e-08
1.4095632e-05
-1.6711624e-08
1.4105463e-05
-1.6679402e-08
1.4115258e-05
-1.6646728e-08
1.4125016e-05
-1.6613614e-08
1.4134738e-05
-1.6580075e-08
1.4144424e-05
-1.6546123e-08
1.4154073e-05
-1.651177e-08
1.4163685e-05
-1.6477028e-08
1.417326e-05
-1.644191e-08
1.4182799e-05
-1.6406427e-08
1.4192301e-05
-1.637059e-08
1.4201767e-05
-1.633441e-08
1.4211195e-05
-1.6297899e-08
1.4220587e-05
-1.6261067e-08
1.4229941e-05
-1.6223925e-08
1.4239259e-05
-1.6186482e-08
1.4248539e-05
-1.614875e-08
1.4257783e-05
-1.6110738e-08
1.4266989e-05
-1.6072456e-08
1.4276159e-05
-1.6033913e-08
1.4285292e-05
-1.5995119e-08
1.4294387e-05
-1.5956083e-08
1.4303445e-05
-1.5916814e-08
1.4312467e-05
-1.587732e-08
1.4321451e-05
-1.583761e-08
1.4330399e-05
-1.5797691e-08
1.4339309e-05
-1.5757569e-08
1.4348182e-05
-1.5717248e-08
1.4357019e-05
-1.567673e-08
1.4365818e-05
-1.5636008e-08
1.4374581e-05
-1.5595067e-08
1.4383306e-05
-1.555387e-08
1.4391995e-05
-1.5512345e-08
1.4400647e-05
-1.5470353e-08
1.4409261e-05
-1.5427634e-08
1.4417838e-05
-1.538371e-08
1.4426376e-05
-1.5337689e-08
1.4434875e-05
-1.5287966e-08
1.4443331e-05
-1.5231367e-08
1.4451741e-05
-1.5162967e-08
1.4460093e-05
-1.5068587e-08
1.4468378e-05
-1.494395e-08
1.4476512e-05
-1.4665359e-08
1.4484605e-05
-1.4501198e-08
-1.2327632e-08
1.0182318e-05
-9.0365334e-07
1.0316895e-05
-7.0650533e-07
1.0371419e-05
-5.4975844e-07
1.0394599e-05
-4.4856943e-07
1.0399412e-05
-3.527981e-07
1.0396646e-05
-2.7136537e-07
1.0391482e-05
-2.050898e-07
1.0386318e-05
-1.5162345e-07
1.038256e-05
-1.093736e-07
1.0381039e-05
-7.6778034e-08
1.0382216e-05
-5.2191944e-08
1.0386291e-05
-3.4047132e-08
1.0393277e-05
-2.0941494e-08
1.040305e-05
-1.1670749e-08
1.0415313e-05
-5.2528122e-09
1.0429661e-05
-9.4611376e-10
1.044574e-05
1.7743066e-09
1.0463263e-05
3.2941359e-09
1.048197e-05
3.9371109e-09
1.0501615e-05
3.9560588e-09
1.0521986e-05
3.5364714e-09
1.0542896e-05
2.8139269e-09
1.0564186e-05
1.8880372e-09
1.0585719e-05
8.3407089e-10
1.0607373e-05
-2.9045179e-10
1.0629057e-05
-1.4556959e-09
1.0650701e-05
-2.6445572e-09
1.0672247e-05
-3.8353567e-09
1.0693645e-05
-5.0117974e-09
1.0714854e-05
-6.1623279e-09
1.0735839e-05
-7.2786953e-09
1.0756572e-05
-8.3551336e-09
1.0777031e-05
-9.3877787e-09
1.0797197e-05
-1.0374205e-08
1.0817056e-05
-1.1313073e-08
1.0836596e-05
-1.2203864e-08
1.0855811e-05
-1.3046678e-08
1.0874692e-05
-1.3842072e-08
1.0893237e-05
-1.4590935e-08
1.0911442e-05
-1.5294376e-08
1.0929307e-05
-1.5953599e-08
1.094683e-05
-1.6569943e-08
1.0964012e-05
-1.7142966e-08
1.0980845e-05
-1.7672787e-08
1.0997324e-05
-1.8163312e-08
1.1013449e-05
-1.8618711e-08
1.1029221e-05
-1.9041869e-08
1.1044643e-05
-1.9434886e-08
1.105972e-05
-1.9799422e-08
1.1074456e-05
-2.0136877e-08
1.1088858e-05
-2.0448518e-08
1.1102932e-05
-2.073554e-08
1.1116684e-05
-2.0999104e-08
1.1130119e-05
-2.1240343e-08
1.1143244e-05
-2.1460365e-08
1.1156066e-05
-2.1660256e-08
1.1168591e-05
-2.1841071e-08
1.1180824e-05
-2.2003848e-08
1.1192773e-05
-2.2149592e-08
1.1204443e-05
-2.2279187e-08
1.1215841e-05
-2.2393437e-08
1.1226972e-05
-2.2493219e-08
1.1237843e-05
-2.2579456e-08
1.1248458e-05
-2.2653034e-08
1.1258823e-05
-2.2714785e-08
1.1268942e-05
-2.2765485e-08
1.1278821e-05
-2.2805857e-08
1.1288463e-05
-2.2836572e-08
1.1297875e-05
-2.2858255e-08
1.130706e-05
-2.2871489e-08
1.1316023e-05
-2.287682e-08
1.1324768e-05
-2.2874758e-08
1.13333e-05
-2.2865781e-08
1.1341623e-05
-2.2850338e-08
1.134974e-05
-2.2828852e-08
1.1357656e-05
-2.2801719e-08
1.1365374e-05
-2.2769312e-08
1.13729e-05
-2.2731982e-08
1.1380235e-05
-2.2690057e-08
1.1387384e-05
-2.2643849e-08
1.139435e-05
-2.2593648e-08
1.1401137e-05
-2.2539729e-08
1.1407748e-05
-2.2482348e-08
1.1414187e-05
-2.2421748e-08
1.1420456e-05
-2.2358155e-08
1.1426559e-05
-2.2291783e-08
1.1432499e-05
-2.2222832e-08
1.1438278e-05
-2.215149e-08
1.14439e-05
-2.2077932e-08
1.1449367e-05
-2.2002324e-08
1.1454683e-05
-2.1924821e-08
1.1459849e-05
-2.1845568e-08
1.1464869e-05
-2.1764701e-08
1.1469745e-05
-2.1682346e-08
1.147448e-05
-2.1598625e-08
1.1479076e-05
-2.1513647e-08
1.1483535e-05
-2.1427517e-08
1.148786e-05
-2.1340333e-08
1.1492053e-05
-2.1252188e-08
1.1496117e-05
-2.1163165e-08
1.1500053e-05
-2.1073345e-08
1.1503863e-05
-2.0982804e-08
1.1507551e-05
-2.089161e-08
1.1511117e-05
-2.0799829e-08
1.1514564e-05
-2.0707523e-08
1.1517894e-05
-2.0614748e-08
1.1521108e-05
-2.0521558e-08
1.1524209e-05
-2.0428002e-08
1.1527198e-05
-2.0334127e-08
1.1530078e-05
-2.0239977e-08
1.1532849e-05
-2.0145592e-08
1.1535514e-05
-2.0051011e-08
1.1538074e-05
-1.9956268e-08
1.1540531e-05
-1.9861397e-08
1.1542887e-05
-1.9766429e-08
1.1545143e-05
-1.9671393e-08
1.1547301e-05
-1.9576315e-08
1.1549362e-05
-1.9481222e-08
1.1551327e-05
-1.9386136e-08
1.1553199e-05
-1.9291081e-08
1.1554979e-05
-1.9196076e-08
1.1556667e-05
-1.9101141e-08
1.1558266e-05
-1.9006294e-08
1.1559777e-05
-1.8911552e-08
1.1561201e-05
-1.8816931e-08
1.156254e-05
-1.8722445e-08
1.1563794e-05
-1.8628109e-08
1.1564966e-05
-1.8533936e-08
1.1566055e-05
-1.8439938e-08
1.1567064e-05
-1.8346126e-08
1.1567994e-05
-1.8252512e-08
1.1568846e-05
-1.8159104e-08
1.1569621e-05
-1.8065914e-08
1.1570319e-05
-1.7972949e-08
1.1570944e-05
-1.7880219e-08
1.1571494e-05
-1.778773e-08
1.1571973e-05
-1.7695491e-08
1.1572379e-05
-1.7603509e-08
1.1572716e-05
-1.7511789e-08
1.1572983e-05
-1.742034e-08
1.1573181e-05
-1.7329165e-08
1.1573313e-05
-1.7238272e-08
1.1573378e-05
-1.7147664e-08
1.1573377e-05
-1.7057348e-08
1.1573313e-05
-1.6967328e-08
1.1573185e-05
-1.6877608e-08
1.1572994e-05
-1.6788192e-08
1.1572742e-05
-1.6699086e-08
1.1572428e-05
-1.6610291e-08
1.1572056e-05
-1.6521813e-08
1.1571624e-05
-1.6433654e-08
1.1571134e-05
-1.6345819e-08
1.1570587e-05
-1.6258309e-08
1.1569983e-05
-1.6171127e-08
1.1569324e-05
-1.6084278e-08
1.156861e-05
-1.5997763e-08
1.1567842e-05
-1.5911585e-08
1.1567022e-05
-1.5825747e-08
1.1566148e-05
-1.5740251e-08
1.1565223e-05
-1.5655098e-08
1.1564247e-05
-1.5570293e-08
1.1563221e-05
-1.5485835e-08
1.1562146e-05
-1.5401728e-08
1.1561022e-05
-1.5317974e-08
1.155985e-05
-1.5234574e-08
1.1558631e-05
-1.5151531e-08
1.1557366e-05
-1.5068845e-08
1.1556054e-05
-1.498652e-08
1.1554698e-05
-1.4904556e-08
1.1553297e-05
-1.4822955e-08
1.1551852e-05
-1.4741719e-08
1.1550364e-05
-1.466085e-08
1.1548834e-05
-1.4580349e-08
1.1547262e-05
-1.4500218e-08
1.1545648e-05
-1.4420458e-08
1.1543994e-05
-1.4341071e-08
1.15423e-05
-1.4262058e-08
1.1540567e-05
-1.4183421e-08
1.1538794e-05
-1.410516e-08
1.1536984e-05
-1.4027277e-08
1.1535136e-05
-1.3949772e-08
1.1533251e-05
-1.3872645e-08
1.153133e-05
-1.3795893e-08
1.1529373e-05
-1.3719514e-08
1.152738e-05
-1.3643497e-08
1.1525353e-05
-1.3567827e-08
1.1523292e-05
-1.3492474e-08
1.1521197e-05
-1.3417379e-08
1.1519069e-05
-1.334244e-08
1.1516909e-05
-1.3267466e-08
1.1514717e-05
-1.3192114e-08
1.1512495e-05
-1.3115754e-08
1.1510244e-05
-1.3037311e-08
1.1507968e-05
-1.2954675e-08
1.150567e-05
-1.2865587e-08
1.1503363e-05
-1.276085e-08
1.1501077e-05
-1.2658e-08
1.1498866e-05
-1.2454466e-08
1.1496987e-05
-1.2622615e-08
-1.1071022e-08
7.4046433e-06
-1.0018072e-06
7.3190736e-06
-6.209356e-07
7.2394378e-06
-4.7012267e-07
7.1737739e-06
-3.8290555e-07
7.1245199e-06
-3.0354413e-07
7.0910712e-06
-2.3791665e-07
7.0701309e-06
-1.8414946e-07
7.0589889e-06
-1.404815e-07
7.0555991e-06
-1.0598378e-07
7.0583283e-06
-7.9507213e-08
7.0658648e-06
-5.9728482e-08
7.0771413e-06
-4.5323599e-08
7.091277e-06
-3.5077217e-08
7.1075578e-06
-2.795157e-08
7.1253973e-06
-2.3092242e-08
7.1442896e-06
-1.9838426e-08
7.163784e-06
-1.7720144e-08
7.1834859e-06
-1.6407794e-08
7.2030853e-06
-1.5662278e-08
7.2223466e-06
-1.53052e-08
7.2410901e-06
-1.5207051e-08
7.2591804e-06
-1.5276337e-08
7.2765176e-06
-1.5449226e-08
7.2930336e-06
-1.5681854e-08
7.3086875e-06
-1.5944426e-08
7.3234485e-06
-1.6216665e-08
7.3372911e-06
-1.6487191e-08
7.3502052e-06
-1.6749397e-08
7.3621911e-06
-1.6997695e-08
7.373257e-06
-1.7228197e-08
7.3834167e-06
-1.7438418e-08
7.3926885e-06
-1.7626929e-08
7.4010938e-06
-1.7793081e-08
7.4086563e-06
-1.793678e-08
7.4154016e-06
-1.8058323e-08
7.421356e-06
-1.8158276e-08
7.4265467e-06
-1.8237384e-08
7.4310012e-06
-1.8296512e-08
7.4347468e-06
-1.8336588e-08
7.437811e-06
-1.8358581e-08
7.4402209e-06
-1.8363467e-08
7.4420034e-06
-1.8352453e-08
7.4431869e-06
-1.8326523e-08
7.4437997e-06
-1.8285558e-08
7.4438666e-06
-1.8230187e-08
7.4434102e-06
-1.8162308e-08
7.4424519e-06
-1.8083547e-08
7.4410121e-06
-1.7995145e-08
7.4391108e-06
-1.7898078e-08
7.436767e-06
-1.7793143e-08
7.4339996e-06
-1.7681031e-08
7.4308264e-06
-1.7562364e-08
7.427265e-06
-1.7437726e-08
7.4233323e-06
-1.7307668e-08
7.4190447e-06
-1.7172719e-08
7.4144178e-06
-1.7033381e-08
7.4094669e-06
-1.6890136e-08
7.4042065e-06
-1.6743455e-08
7.3986507e-06
-1.6593803e-08
7.3928131e-06
-1.6441584e-08
7.3867068e-06
-1.6287124e-08
7.3803443e-06
-1.6130759e-08
7.3737377e-06
-1.5972849e-08
7.3668984e-06
-1.5813738e-08
7.3598374e-06
-1.5653746e-08
7.352565e-06
-1.5493168e-08
7.3450915e-06
-1.5332272e-08
7.3374262e-06
-1.5171302e-08
7.3295784e-06
-1.5010482e-08
7.3215569e-06
-1.4850013e-08
7.3133702e-06
-1.4690078e-08
7.3050263e-06
-1.4530845e-08
7.296533e-06
-1.4372463e-08
7.2878977e-06
-1.4215071e-08
7.2791276e-06
-1.4058792e-08
7.2702297e-06
-1.3903737e-08
7.2612104e-06
-1.3750006e-08
7.2520761e-06
-1.3597689e-08
7.2428329e-06
-1.3446867e-08
7.2334866e-06
-1.3297608e-08
7.224043e-06
-1.3149976e-08
7.2145072e-06
-1.3004025e-08
7.2048847e-06
-1.2859802e-08
7.1951803e-06
-1.2717347e-08
7.1853988e-06
-1.2576693e-08
7.1755449e-06
-1.2437869e-08
7.165623e-06
-1.2300897e-08
7.1556373e-06
-1.2165794e-08
7.1455919e-06
-1.2032573e-08
7.1354909e-06
-1.1901243e-08
7.1253378e-06
-1.1771808e-08
7.1151365e-06
-1.1644269e-08
7.1048905e-06
-1.1518624e-08
7.094603e-06
-1.1394866e-08
7.0842773e-06
-1.1272989e-08
7.0739167e-06
-1.1152981e-08
7.063524e-06
-1.1034829e-08
7.0531022e-06
-1.0918519e-08
7.042654e-06
-1.0804033e-08
7.0321822e-06
-1.0691352e-08
7.0216893e-06
-1.0580457e-08
7.0111778e-06
-1.0471326e-08
7.0006502e-06
-1.0363937e-08
6.9901086e-06
-1.0258266e-08
6.9795554e-06
-1.0154289e-08
6.9689926e-06
-1.005198e-08
6.9584224e-06
-9.951314e-09
6.9478466e-06
-9.8522642e-09
6.9372673e-06
-9.7548038e-09
6.9266862e-06
-9.6589057e-09
6.9161052e-06
-9.5645425e-09
6.9055259e-06
-9.4716867e-09
6.8949499e-06
-9.3803104e-09
6.8843789e-06
-9.2903861e-09
6.8738143e-06
-9.2018859e-09
6.8632577e-06
-9.1147822e-09
6.8527105e-06
-9.0290474e-09
6.8421739e-06
-8.9446543e-09
6.8316493e-06
-8.8615756e-09
6.821138e-06
-8.7797845e-09
6.8106412e-06
-8.6992542e-09
6.80016e-06
-8.6199584e-09
6.7896956e-06
-8.5418711e-09
6.779249e-06
-8.4649666e-09
6.7688213e-06
-8.3892197e-09
6.7584135e-06
-8.3146054e-09
6.7480265e-06
-8.2410993e-09
6.7376612e-06
-8.1686772e-09
6.7273186e-06
-8.0973155e-09
6.7169994e-06
-8.026991e-09
6.7067046e-06
-7.9576809e-09
6.6964349e-06
-7.8893629e-09
6.686191e-06
-7.8220151e-09
6.6759736e-06
-7.7556161e-09
6.6657836e-06
-7.690145e-09
6.6556214e-06
-7.6255812e-09
6.6454878e-06
-7.5619048e-09
6.6353834e-06
-7.4990962e-09
6.6253088e-06
-7.4371363e-09
6.6152644e-06
-7.3760063e-09
6.605251e-06
-7.3156882e-09
6.5952688e-06
-7.2561641e-09
6.5853186e-06
-7.1974167e-09
6.5754007e-06
-7.139429e-09
6.5655155e-06
-7.0821847e-09
6.5556636e-06
-7.0256676e-09
6.5458453e-06
-6.9698622e-09
6.5360609e-06
-6.9147531e-09
6.526311e-06
-6.8603257e-09
6.5165957e-06
-6.8065653e-09
6.5069155e-06
-6.7534581e-09
6.4972707e-06
-6.7009903e-09
6.4876615e-06
-6.6491486e-09
6.4780883e-06
-6.5979201e-09
6.4685513e-06
-6.5472922e-09
6.4590508e-06
-6.4972527e-09
6.449587e-06
-6.4477898e-09
6.4401602e-06
-6.3988918e-09
6.4307705e-06
-6.3505476e-09
6.4214181e-06
-6.3027463e-09
6.4121033e-06
-6.2554774e-09
6.4028262e-06
-6.2087305e-09
6.393587e-06
-6.1624957e-09
6.3843858e-06
-6.1167633e-09
6.3752227e-06
-6.0715241e-09
6.3660979e-06
-6.0267688e-09
6.3570116e-06
-5.9824888e-09
6.3479637e-06
-5.9386755e-09
6.3389545e-06
-5.8953207e-09
6.329984e-06
-5.8524163e-09
6.3210522e-06
-5.8099546e-09
6.3121593e-06
-5.7679281e-09
6.3033053e-06
-5.7263297e-09
6.2944902e-06
-5.6851522e-09
6.2857141e-06
-5.6443889e-09
6.2769771e-06
-5.6040331e-09
6.2682791e-06
-5.5640785e-09
6.2596202e-06
-5.5245187e-09
6.2510004e-06
-5.4853477e-09
6.2424197e-06
-5.4465594e-09
6.233878e-06
-5.4081476e-09
6.2253755e-06
-5.370106e-09
6.216912e-06
-5.3324277e-09
6.2084876e-06
-5.2951046e-09
6.2001023e-06
-5.2581268e-09
6.1917559e-06
-5.22148e-09
6.1834486e-06
-5.1851429e-09
6.1751803e-06
-5.1490809e-09
6.1669511e-06
-5.113235e-09
6.1587611e-06
-5.0775017e-09
6.1506107e-06
-5.0416988e-09
6.1425004e-06
-5.0054924e-09
6.1344315e-06
-4.9683507e-09
6.1264059e-06
-4.9290492e-09
6.1184276e-06
-4.8872952e-09
6.1105023e-06
-4.8355585e-09
6.1026454e-06
-4.8011308e-09
6.0948979e-06
-4.7069514e-09
6.0872647e-06
-4.9893851e-09
-5.7694933e-09
4.8160508e-06
-7.6945206e-07
4.6060563e-06
-4.1094103e-07
4.4515663e-06
-3.1563263e-07
4.3218635e-06
-2.5320274e-07
4.2177139e-06
-1.993946e-07
4.1352327e-06
-1.5543542e-07
4.0702174e-06
-1.1913416e-07
4.0194109e-06
-8.9675021e-08
3.9799342e-06
-6.6507074e-08
3.9492316e-06
-4.8804595e-08
3.9251363e-06
-3.5633103e-08
3.905879e-06
-2.6066369e-08
3.8900609e-06
-1.9259069e-08
3.8766093e-06
-1.4500029e-08
3.8647304e-06
-1.1213261e-08
3.8538478e-06
-8.9559175e-09
3.8435381e-06
-7.4104383e-09
3.8334845e-06
-6.354132e-09
3.8234565e-06
-5.634309e-09
3.813295e-06
-5.143664e-09
3.8028949e-06
-4.8069702e-09
3.7921912e-06
-4.5726053e-09
3.7811476e-06
-4.4056437e-09
3.7697489e-06
-4.2831473e-09
3.7579951e-06
-4.1906151e-09
3.7458953e-06
-4.1168909e-09
3.7334628e-06
-4.0546955e-09
3.7207142e-06
-4.000832e-09
3.7076694e-06
-3.9528544e-09
3.6943502e-06
-3.9089677e-09
3.6807797e-06
-3.8679138e-09
3.6669816e-06
-3.8288194e-09
3.6529796e-06
-3.7910825e-09
3.6387971e-06
-3.7542882e-09
3.6244569e-06
-3.7181478e-09
3.6099811e-06
-3.6824578e-09
3.5953908e-06
-3.6470723e-09
3.5807061e-06
-3.6118837e-09
3.5659464e-06
-3.5768096e-09
3.5511296e-06
-3.541789e-09
3.5362729e-06
-3.5067685e-09
3.5213923e-06
-3.4718439e-09
3.506503e-06
-3.437272e-09
3.4916201e-06
-3.4026092e-09
3.4767573e-06
-3.3673881e-09
3.4619268e-06
-3.3318607e-09
3.4471396e-06
-3.2962926e-09
3.4324052e-06
-3.2608286e-09
3.4177327e-06
-3.2255365e-09
3.40313e-06
-3.190437e-09
3.3886045e-06
-3.155527e-09
3.3741629e-06
-3.120796e-09
3.3598114e-06
-3.0862344e-09
3.3455556e-06
-3.0518367e-09
3.3314005e-06
-3.0176019e-09
3.3173506e-06
-2.9835336e-09
3.3034101e-06
-2.9496391e-09
3.2895826e-06
-2.9159339e-09
3.2758713e-06
-2.8824487e-09
3.2622789e-06
-2.8492022e-09
3.2488079e-06
-2.8161829e-09
3.2354606e-06
-2.7833874e-09
3.2222386e-06
-2.7508329e-09
3.2091434e-06
-2.7185394e-09
3.1961761e-06
-2.6865251e-09
3.1833378e-06
-2.6548065e-09
3.1706289e-06
-2.623398e-09
3.1580499e-06
-2.5923121e-09
3.145601e-06
-2.5615594e-09
3.1332821e-06
-2.5311495e-09
3.1210931e-06
-2.5010903e-09
3.1090337e-06
-2.4713894e-09
3.0971033e-06
-2.4420528e-09
3.0853013e-06
-2.4130862e-09
3.073627e-06
-2.3844943e-09
3.0620795e-06
-2.3562812e-09
3.050658e-06
-2.3284502e-09
3.0393613e-06
-2.3010041e-09
3.0281884e-06
-2.2739449e-09
3.017138e-06
-2.2472742e-09
3.0062091e-06
-2.2209929e-09
2.9954001e-06
-2.1951014e-09
2.9847099e-06
-2.1695996e-09
2.9741371e-06
-2.1444869e-09
2.9636801e-06
-2.1197623e-09
2.9533377e-06
-2.0954242e-09
2.9431083e-06
-2.0714708e-09
2.9329904e-06
-2.0478997e-09
2.9229825e-06
-2.0247084e-09
2.9130832e-06
-2.0018939e-09
2.9032908e-06
-1.9794529e-09
2.8936039e-06
-1.9573818e-09
2.884021e-06
-1.9356769e-09
2.8745404e-06
-1.9143341e-09
2.8651608e-06
-1.893349e-09
2.8558805e-06
-1.8727173e-09
2.8466981e-06
-1.8524342e-09
2.8376121e-06
-1.832495e-09
2.828621e-06
-1.8128948e-09
2.8197233e-06
-1.7936284e-09
2.8109175e-06
-1.7746906e-09
2.8022022e-06
-1.7560764e-09
2.7935761e-06
-1.7377802e-09
2.7850376e-06
-1.7197967e-09
2.7765854e-06
-1.7021204e-09
2.7682182e-06
-1.6847459e-09
2.7599346e-06
-1.6676676e-09
2.7517332e-06
-1.6508801e-09
2.7436128e-06
-1.6343777e-09
2.735572e-06
-1.6181551e-09
2.7276097e-06
-1.6022066e-09
2.7197245e-06
-1.5865268e-09
2.7119153e-06
-1.5711102e-09
2.7041809e-06
-1.5559514e-09
2.69652e-06
-1.5410451e-09
2.6889316e-06
-1.526386e-09
2.6814146e-06
-1.5119687e-09
2.6739677e-06
-1.497788e-09
2.66659e-06
-1.4838389e-09
2.6592803e-06
-1.4701162e-09
2.6520377e-06
-1.456615e-09
2.644861e-06
-1.4433303e-09
2.6377494e-06
-1.4302572e-09
2.6307018e-06
-1.4173911e-09
2.6237173e-06
-1.4047271e-09
2.616795e-06
-1.3922608e-09
2.6099339e-06
-1.3799875e-09
2.6031331e-06
-1.3679029e-09
2.5963918e-06
-1.3560026e-09
2.5897091e-06
-1.3442824e-09
2.5830841e-06
-1.332738e-09
2.5765161e-06
-1.3213655e-09
2.5700043e-06
-1.3101607e-09
2.5635478e-06
-1.2991198e-09
2.5571459e-06
-1.288239e-09
2.5507978e-06
-1.2775145e-09
2.5445029e-06
-1.2669427e-09
2.5382603e-06
-1.2565201e-09
2.5320694e-06
-1.2462432e-09
2.5259295e-06
-1.2361086e-09
2.5198399e-06
-1.226113e-09
2.5138e-06
-1.2162532e-09
2.5078091e-06
-1.2065261e-09
2.5018666e-06
-1.1969285e-09
2.4959719e-06
-1.1874576e-09
2.4901243e-06
-1.1781105e-09
2.4843234e-06
-1.1688843e-09
2.4785684e-06
-1.1597762e-09
2.4728588e-06
-1.1507837e-09
2.4671942e-06
-1.1419041e-09
2.4615739e-06
-1.1331349e-09
2.4559973e-06
-1.1244736e-09
2.4504641e-06
-1.115918e-09
2.4449737e-06
-1.1074656e-09
2.4395255e-06
-1.0991142e-09
2.4341191e-06
-1.0908616e-09
2.428754e-06
-1.0827057e-09
2.4234298e-06
-1.0746446e-09
2.4181459e-06
-1.0666761e-09
2.4129019e-06
-1.0587984e-09
2.4076975e-06
-1.0510095e-09
2.402532e-06
-1.0433077e-09
2.3974052e-06
-1.0356913e-09
2.3923166e-06
-1.0281585e-09
2.3872658e-06
-1.0207077e-09
2.3822524e-06
-1.0133373e-09
2.3772759e-06
-1.0060458e-09
2.3723361e-06
-9.9883173e-10
2.3674325e-06
-9.9169365e-10
2.3625647e-06
-9.8463022e-10
2.3577324e-06
-9.7764005e-10
2.3529352e-06
-9.7072196e-10
2.3481727e-06
-9.6387464e-10
2.3434447e-06
-9.5709691e-10
2.3387507e-06
-9.5038763e-10
2.3340904e-06
-9.437457e-10
2.3294635e-06
-9.3717003e-10
2.3248696e-06
-9.3065955e-10
2.3203085e-06
-9.2421318e-10
2.3157797e-06
-9.1782993e-10
2.3112831e-06
-9.1150863e-10
2.3068182e-06
-9.0524811e-10
2.3023849e-06
-8.9904696e-10
2.2979827e-06
-8.9290347e-10
2.2936113e-06
-8.8681518e-10
2.2892706e-06
-8.8077837e-10
2.2849603e-06
-8.7478712e-10
2.28068e-06
-8.6883131e-10
2.2764297e-06
-8.6289324e-10
2.2722091e-06
-8.5694127e-10
2.2680184e-06
-8.5092089e-10
2.2638576e-06
-8.4472113e-10
2.2597275e-06
-8.3822003e-10
2.2556293e-06
-8.308448e-10
2.2515653e-06
-8.2338229e-10
2.2475401e-06
-8.102694e-10
2.2435504e-06
-8.1143004e-10
2.239626e-06
-7.8264186e-10
2.2354867e-06
-8.4999485e-10
-1.9848845e-09
2.590376e-06
2.179435e-06
1.8638024e-06
1.6105996e-06
1.411205e-06
1.2557696e-06
1.1366354e-06
1.0469604e-06
9.8045335e-07
9.3164875e-07
8.9601565e-07
8.6994928e-07
8.5069021e-07
8.3619018e-07
8.2497692e-07
8.16021e-07
8.0861057e-07
8.0225643e-07
7.9662213e-07
7.9147846e-07
7.8667149e-07
7.8209889e-07
7.7769324e-07
7.734101e-07
7.6921948e-07
7.6510259e-07
7.6104789e-07
7.5704706e-07
7.5309421e-07
7.4918524e-07
7.4531733e-07
7.4148851e-07
7.3769742e-07
7.3394314e-07
7.3022499e-07
7.2654253e-07
7.2289546e-07
7.1928357e-07
7.1570676e-07
7.1216498e-07
7.0865821e-07
7.0518636e-07
7.0174909e-07
6.9834648e-07
6.9497909e-07
6.9164723e-07
6.8835094e-07
6.8509011e-07
6.8186458e-07
6.7867414e-07
6.7551861e-07
6.7239782e-07
6.6931158e-07
6.6625974e-07
6.6324214e-07
6.6025861e-07
6.5730897e-07
6.5439304e-07
6.5151059e-07
6.4866138e-07
6.458452e-07
6.4306181e-07
6.4031098e-07
6.3759244e-07
6.3490592e-07
6.3225111e-07
6.2962771e-07
6.270354e-07
6.2447384e-07
6.2194269e-07
6.194416e-07
6.1697021e-07
6.1452816e-07
6.1211507e-07
6.0973058e-07
6.073743e-07
6.0504585e-07
6.0274484e-07
6.004709e-07
5.9822362e-07
5.9600263e-07
5.9380753e-07
5.9163793e-07
5.8949344e-07
5.8737368e-07
5.8527826e-07
5.8320679e-07
5.8115889e-07
5.7913418e-07
5.7713228e-07
5.7515283e-07
5.7319545e-07
5.7125977e-07
5.6934544e-07
5.6745209e-07
5.6557937e-07
5.6372694e-07
5.6189444e-07
5.6008155e-07
5.5828792e-07
5.5651323e-07
5.5475715e-07
5.5301937e-07
5.5129957e-07
5.4959745e-07
5.4791271e-07
5.4624504e-07
5.4459416e-07
5.4295978e-07
5.4134163e-07
5.3973942e-07
5.3815289e-07
5.3658178e-07
5.3502583e-07
5.3348479e-07
5.319584e-07
5.3044643e-07
5.2894865e-07
5.2746481e-07
5.2599469e-07
5.2453808e-07
5.2309475e-07
5.2166449e-07
5.202471e-07
5.1884237e-07
5.1745011e-07
5.1607012e-07
5.1470222e-07
5.1334622e-07
5.1200193e-07
5.106692e-07
5.0934783e-07
5.0803767e-07
5.0673855e-07
5.0545031e-07
5.041728e-07
5.0290585e-07
5.0164933e-07
5.0040309e-07
4.9916698e-07
4.9794087e-07
4.9672461e-07
4.9551809e-07
4.9432116e-07
4.931337e-07
4.9195559e-07
4.9078671e-07
4.8962693e-07
4.8847615e-07
4.8733424e-07
4.8620111e-07
4.8507664e-07
4.8396072e-07
4.8285325e-07
4.8175414e-07
4.8066328e-07
4.7958057e-07
4.7850593e-07
4.7743925e-07
4.7638045e-07
4.7532944e-07
4.7428613e-07
4.7325044e-07
4.7222228e-07
4.7120158e-07
4.7018824e-07
4.6918219e-07
4.6818336e-07
4.6719167e-07
4.6620704e-07
4.652294e-07
4.6425868e-07
4.632948e-07
4.623377e-07
4.6138732e-07
4.6044357e-07
4.595064e-07
4.5857574e-07
4.5765153e-07
4.567337e-07
4.5582219e-07
4.5491694e-07
4.5401789e-07
4.5312499e-07
4.5223818e-07
4.513574e-07
4.5048261e-07
4.4961378e-07
4.4875089e-07
4.4789394e-07
4.4704302e-07
4.461983e-07
4.4536008e-07
4.4452924e-07
4.4370585e-07
4.4289559e-07
4.4208416e-07
4.4130151e-07
4.4045152e-07
)
;

boundaryField
{
    exteriorWall
    {
        type            calculated;
        value           uniform 0;
    }
    inlet
    {
        type            calculated;
        value           nonuniform List<scalar> 6(-6.7496949e-06 -1.1204735e-05 -9.8350806e-06 -7.3064895e-06 -5.0484059e-06 -3.3598281e-06);
    }
    outlet
    {
        type            calculated;
        value           nonuniform List<scalar> 6(8.7650686e-06 1.4491304e-05 1.149573e-05 6.0819631e-06 2.231702e-06 4.3846663e-07);
    }
    walls
    {
        type            calculated;
        value           nonuniform List<scalar> 0();
    }
    frontAndBack
    {
        type            empty;
        value           nonuniform List<scalar> 0();
    }
    frontAndBack_pos
    {
        type            wedge;
        value           nonuniform List<scalar> 
1200
(
-1.7649474e-15
4.0927802e-16
-3.1854159e-15
6.7388536e-15
-1.123829e-14
2.6629333e-15
-2.984658e-15
6.2276795e-16
-4.0619113e-15
6.9380194e-15
-1.0767443e-14
2.4061068e-15
-3.1920248e-15
6.1425764e-16
-3.5325891e-15
5.0650531e-15
-7.6860383e-15
1.6071851e-15
-3.084938e-15
5.5692588e-16
-3.0004019e-15
3.93825e-15
-6.1811402e-15
1.1992865e-15
-2.8352963e-15
4.778353e-16
-2.4715999e-15
3.0562124e-15
-5.064293e-15
8.9314599e-16
-2.5032607e-15
3.8931053e-16
-1.9677871e-15
2.3125057e-15
-4.1189811e-15
6.4868661e-16
-2.1544939e-15
3.0421412e-16
-1.5316805e-15
1.7131838e-15
-3.3207076e-15
4.5869356e-16
-1.8239144e-15
2.282475e-16
-1.1694002e-15
1.2383458e-15
-2.6465177e-15
3.1451375e-16
-1.524493e-15
1.6312203e-16
-8.7494984e-16
8.6961547e-16
-2.0881705e-15
2.0898405e-16
-1.2604996e-15
1.0900116e-16
-6.4031719e-16
5.9143565e-16
-1.6384892e-15
1.3447688e-16
-1.0314841e-15
6.5155432e-17
-4.5651215e-16
3.881058e-16
-1.2860635e-15
8.3485571e-17
-8.3439024e-16
3.0374255e-17
-3.1454864e-16
2.4440138e-16
-1.0166164e-15
4.9541973e-17
-6.6520704e-16
3.2805035e-18
-2.0620882e-16
1.4657814e-16
-8.1495328e-16
2.7505094e-17
-5.198071e-16
-1.7484174e-17
-1.2433458e-16
8.2904207e-17
-6.6663537e-16
1.353779e-17
-3.9376008e-16
-3.3073489e-17
-6.304492e-17
4.3784022e-17
-5.5888318e-16
4.8708664e-18
-2.8344745e-16
-4.4390646e-17
-1.7929102e-17
2.1778192e-17
-4.8108166e-16
-4.2388578e-19
-1.8796328e-16
-5.2241279e-17
1.4576491e-17
1.1660474e-17
-4.2500641e-16
-3.6095425e-18
-1.0658362e-16
-5.736257e-17
3.7310937e-17
9.9622316e-18
-3.8450841e-16
-5.4843737e-18
-3.8074252e-17
-6.0379192e-17
5.2550388e-17
1.4173848e-17
-3.5506641e-16
-6.5356823e-18
1.8955669e-17
-6.1787336e-17
6.2117694e-17
2.2365596e-17
-3.333803e-16
-7.0676843e-18
6.5889794e-17
-6.1975469e-17
6.7428516e-17
3.3108147e-17
-3.1706346e-16
-7.2746244e-18
1.0404985e-16
-6.1247221e-17
6.9560757e-17
4.5382301e-17
-3.0441746e-16
-7.2785481e-18
1.346566e-16
-5.9838809e-17
6.9332254e-17
5.8469744e-17
-2.9425322e-16
-7.1546232e-18
1.5880977e-16
-5.7932348e-17
6.7369904e-17
7.1857132e-17
-2.8575879e-16
-6.9476242e-18
1.774844e-16
-5.5667298e-17
6.4157482e-17
8.5164577e-17
-2.7840195e-16
-6.6829376e-18
1.9153694e-16
-5.3154383e-17
6.0029815e-17
9.8164456e-17
-2.7181625e-16
-6.3824834e-18
2.0170723e-16
-5.0482332e-17
5.5218815e-17
1.1077619e-16
-2.6573812e-16
-6.0602903e-18
2.0862488e-16
-4.7718038e-17
4.9913406e-17
1.229322e-16
-2.6000487e-16
-5.7183343e-18
2.1283075e-16
-4.4911054e-17
4.4272285e-17
1.345638e-16
-2.5451715e-16
-5.3585829e-18
2.1479167e-16
-4.2098769e-17
3.8420556e-17
1.4561994e-16
-2.4921074e-16
-4.9845573e-18
2.1490735e-16
-3.9309645e-17
3.2455187e-17
1.5606859e-16
-2.4404442e-16
-4.600094e-18
2.1351719e-16
-3.65653e-17
2.6451171e-17
1.6589309e-16
-2.3899215e-16
-4.2087656e-18
2.1090771e-16
-3.388202e-17
2.0466269e-17
1.7508868e-16
-2.3403784e-16
-3.813714e-18
2.0731969e-16
-3.1271888e-17
1.4544719e-17
1.8365956e-16
-2.2917193e-16
-3.4176414e-18
2.0295473e-16
-2.8743661e-17
8.7201397e-18
1.9161648e-16
-2.2438903e-16
-3.0228583e-18
1.9798104e-16
-2.6303446e-17
3.017786e-18
1.989749e-16
-2.1968631e-16
-2.6313456e-18
1.9253871e-16
-2.3955254e-17
-2.5436804e-18
2.0575352e-16
-2.1506249e-16
-2.2447982e-18
1.8674407e-16
-2.1701428e-17
-7.9507827e-18
2.1197325e-16
-2.105172e-16
-1.8646586e-18
1.8069371e-16
-1.9543014e-17
-1.3194083e-17
2.1765632e-16
-2.0605049e-16
-1.4921644e-18
1.7446786e-16
-1.7480076e-17
-1.8267176e-17
2.2282565e-16
-2.0166265e-16
-1.1283588e-18
1.6813384e-16
-1.5511943e-17
-2.3165821e-17
2.275041e-16
-1.9735411e-16
-7.7416632e-19
1.6174835e-16
-1.3637599e-17
-2.7886846e-17
2.3171524e-16
-1.9312794e-16
-4.3002906e-19
1.5537076e-16
-1.1854251e-17
-3.2427274e-17
2.3547218e-16
-1.8899151e-16
-9.5845362e-20
1.4907695e-16
-1.0154205e-17
-3.6789163e-17
2.3877841e-16
-1.8494478e-16
2.2587665e-19
1.4293083e-16
-8.5305183e-18
-4.0991322e-17
2.4165116e-16
-1.8098404e-16
5.3220373e-19
1.3695625e-16
-6.9794952e-18
-4.5047031e-17
2.4412586e-16
-1.7711287e-16
8.2320917e-19
1.3114917e-16
-5.499658e-18
-4.896138e-17
2.4624092e-16
-1.7333524e-16
1.0999047e-18
1.2549616e-16
-4.0899334e-18
-5.2736236e-17
2.4802974e-16
-1.69651e-16
1.3632823e-18
1.1998279e-16
-2.7490732e-18
-5.6372639e-17
2.4952018e-16
-1.6605739e-16
1.6142209e-18
1.1459649e-16
-1.4755531e-18
-5.9871592e-17
2.5073563e-16
-1.6255071e-16
1.8534534e-18
1.0932745e-16
-2.6757215e-19
-6.3234592e-17
2.5169617e-16
-1.5912724e-16
2.0815511e-18
1.0416844e-16
8.7690257e-19
-6.6463775e-17
2.5241957e-16
-1.557837e-16
2.2989499e-18
9.9114318e-17
1.9600794e-18
-6.9561897e-17
2.5292187e-16
-1.5251741e-16
2.5059908e-18
9.4161583e-17
2.9842791e-18
-7.2532231e-17
2.5321788e-16
-1.4932627e-16
2.7029507e-18
8.9307869e-17
3.9518881e-18
-7.5378439e-17
2.5332136e-16
-1.4620865e-16
2.8900584e-18
8.4551667e-17
4.8653568e-18
-7.8104448e-17
2.5324525e-16
-1.4316324e-16
3.0675179e-18
7.9892088e-17
5.7269691e-18
-8.0714317e-17
2.5300179e-16
-1.4018902e-16
3.2355267e-18
7.5329107e-17
6.539026e-18
-8.3212192e-17
2.5260267e-16
-1.3728522e-16
3.3942882e-18
7.085987e-17
7.3038351e-18
-8.5601804e-17
2.5205929e-16
-1.344513e-16
3.5440599e-18
6.6469261e-17
8.0235085e-18
-8.7885924e-17
2.5138246e-16
-1.3168643e-16
3.6850923e-18
6.213678e-17
8.7004196e-18
-9.0067419e-17
2.5058198e-16
-1.2898906e-16
3.8175583e-18
5.7852849e-17
9.3371201e-18
-9.2150499e-17
2.4966699e-16
-1.2635768e-16
3.9416616e-18
5.3618733e-17
9.9359268e-18
-9.4140324e-17
2.4864634e-16
-1.237914e-16
4.05766e-18
4.9440437e-17
1.0498954e-17
-9.604209e-17
2.4752837e-16
-1.2128978e-16
4.1657926e-18
4.5324558e-17
1.102818e-17
-9.7860638e-17
2.4632089e-16
-1.1885247e-16
4.2662674e-18
4.1277024e-17
1.1525467e-17
-9.9600375e-17
2.4503123e-16
-1.1647907e-16
4.3592756e-18
3.7302722e-17
1.1992576e-17
-1.0126529e-16
2.436663e-16
-1.1416909e-16
4.445005e-18
3.3405411e-17
1.2431169e-17
-1.02859e-16
2.4223261e-16
-1.1192189e-16
4.5236521e-18
2.9587808e-17
1.2842829e-17
-1.0438479e-16
2.4073627e-16
-1.0973669e-16
4.5954224e-18
2.5851735e-17
1.3229057e-17
-1.0584566e-16
2.3918307e-16
-1.076126e-16
4.6605291e-18
2.2198273e-17
1.359128e-17
-1.0724438e-16
2.3757843e-16
-1.055486e-16
4.719195e-18
1.8627907e-17
1.3930858e-17
-1.0858351e-16
2.3592749e-16
-1.0354362e-16
4.7716496e-18
1.5140651e-17
1.4249081e-17
-1.0986543e-16
2.3423504e-16
-1.015965e-16
4.8181327e-18
1.1736144e-17
1.454718e-17
-1.1109239e-16
2.3250563e-16
-9.9706053e-17
4.8588804e-18
8.4137455e-18
1.4826321e-17
-1.1226646e-16
2.3074351e-16
-9.7871011e-17
4.894127e-18
5.1725923e-18
1.5087616e-17
-1.1338963e-16
2.2895266e-16
-9.609011e-17
4.9241137e-18
2.011654e-18
1.533212e-17
-1.1446374e-16
2.2713683e-16
-9.4362076e-17
4.9490802e-18
-1.0702213e-18
1.5560834e-17
-1.1549057e-16
2.2529952e-16
-9.2685608e-17
4.969256e-18
-4.0742723e-18
1.5774709e-17
-1.1647177e-16
2.23444e-16
-9.1059387e-17
4.9848671e-18
-7.0018063e-18
1.5974647e-17
-1.1740894e-16
2.2157335e-16
-8.9482106e-17
4.996142e-18
-9.8541713e-18
1.6161555e-17
-1.1830357e-16
2.196904e-16
-8.7952469e-17
5.0033018e-18
-1.2632741e-17
1.6336136e-17
-1.1915709e-16
2.1779784e-16
-8.6469194e-17
5.0065607e-18
-1.5338904e-17
1.6499158e-17
-1.1997087e-16
2.1589813e-16
-8.5030976e-17
5.0061228e-18
-1.7974056e-17
1.6651451e-17
-1.2074621e-16
2.1399358e-16
-8.3636535e-17
5.0021885e-18
-2.0539585e-17
1.6793647e-17
-1.2148433e-16
2.1208634e-16
-8.2284615e-17
4.9949562e-18
-2.3036874e-17
1.6926396e-17
-1.2218643e-16
2.1017839e-16
-8.0973971e-17
4.9846161e-18
-2.5467294e-17
1.7050305e-17
-1.2285362e-16
2.0827157e-16
-7.9703375e-17
4.971351e-18
-2.7832193e-17
1.7165953e-17
-1.2348699e-16
2.0636758e-16
-7.8471617e-17
4.9553354e-18
-3.0132911e-17
1.7273887e-17
-1.2408756e-16
2.04468e-16
-7.7277509e-17
4.9367394e-18
-3.2370758e-17
1.7374616e-17
-1.2465632e-16
2.0257426e-16
-7.6119881e-17
4.9157274e-18
-3.4547029e-17
1.7468624e-17
-1.2519422e-16
2.0068771e-16
-7.4997586e-17
4.8924558e-18
-3.6662995e-17
1.7556367e-17
-1.2570215e-16
1.9880956e-16
-7.39095e-17
4.8670755e-18
-3.8719904e-17
1.7638274e-17
-1.2618099e-16
1.9694093e-16
-7.2854522e-17
4.839731e-18
-4.0718983e-17
1.7714746e-17
-1.2663156e-16
1.9508285e-16
-7.1831573e-17
4.8105617e-18
-4.2661434e-17
1.778616e-17
-1.2705467e-16
1.9323625e-16
-7.0839599e-17
4.7796994e-18
-4.4548439e-17
1.7852872e-17
-1.2745108e-16
1.9140197e-16
-6.9877571e-17
4.7472716e-18
-4.6381159e-17
1.7915218e-17
-1.2782154e-16
1.8958079e-16
-6.8944474e-17
4.7133977e-18
-4.8160729e-17
1.7973508e-17
-1.2816675e-16
1.877734e-16
-6.8039344e-17
4.6781974e-18
-4.9888267e-17
1.8028036e-17
-1.284874e-16
1.8598041e-16
-6.7161221e-17
4.641781e-18
-5.1564871e-17
1.8079075e-17
-1.2878415e-16
1.8420241e-16
-6.6309155e-17
4.6042482e-18
-5.3191614e-17
1.8126883e-17
-1.2905764e-16
1.8243986e-16
-6.548226e-17
4.5657062e-18
-5.4769554e-17
1.81717e-17
-1.2930849e-16
1.8069323e-16
-6.4679641e-17
4.5262454e-18
-5.6299729e-17
1.8213752e-17
-1.2953729e-16
1.7896289e-16
-6.3900443e-17
4.4859585e-18
-5.7783155e-17
1.8253247e-17
-1.2974461e-16
1.7724918e-16
-6.3143831e-17
4.4449328e-18
-5.9220833e-17
1.8290381e-17
-1.2993103e-16
1.755524e-16
-6.2408995e-17
4.4032481e-18
-6.0613748e-17
1.8325338e-17
-1.3009707e-16
1.7387278e-16
-6.1695145e-17
4.3609832e-18
-6.1962864e-17
1.8358288e-17
-1.3024327e-16
1.7221055e-16
-6.100152e-17
4.3182111e-18
-6.3269129e-17
1.8389387e-17
-1.3037013e-16
1.7056586e-16
-6.0327378e-17
4.2750013e-18
-6.4533475e-17
1.8418786e-17
-1.3047815e-16
1.6893886e-16
-5.9672e-17
4.2314198e-18
-6.5756819e-17
1.8446618e-17
-1.305678e-16
1.6732964e-16
-5.9034694e-17
4.187528e-18
-6.6940059e-17
1.8473013e-17
-1.3063957e-16
1.6573829e-16
-5.8414787e-17
4.1433847e-18
-6.8084081e-17
1.8498087e-17
-1.3069389e-16
1.6416485e-16
-5.7811621e-17
4.0990456e-18
-6.9189757e-17
1.852195e-17
-1.3073123e-16
1.6260934e-16
-5.7224561e-17
4.0545617e-18
-7.0257939e-17
1.8544702e-17
-1.30752e-16
1.6107176e-16
-5.6653021e-17
4.0099856e-18
-7.1289469e-17
1.8566439e-17
-1.3075663e-16
1.5955208e-16
-5.6096387e-17
3.9653573e-18
-7.2285176e-17
1.8587243e-17
-1.3074554e-16
1.5805027e-16
-5.5554097e-17
3.9207235e-18
-7.3245869e-17
1.8607196e-17
-1.3071912e-16
1.5656626e-16
-5.5025604e-17
3.876124e-18
-7.4172345e-17
1.862637e-17
-1.3067777e-16
1.5509997e-16
-5.4510375e-17
3.8315965e-18
-7.5065392e-17
1.8644833e-17
-1.3062186e-16
1.5365132e-16
-5.4007896e-17
3.7871773e-18
-7.5925782e-17
1.8662646e-17
-1.3055178e-16
1.5222019e-16
-5.3517673e-17
3.7428987e-18
-7.6754272e-17
1.8679864e-17
-1.3046789e-16
1.5080647e-16
-5.3039232e-17
3.6987913e-18
-7.7551609e-17
1.869654e-17
-1.3037055e-16
1.4941002e-16
-5.2572112e-17
3.6548838e-18
-7.8318525e-17
1.8712719e-17
-1.3026011e-16
1.4803071e-16
-5.2115873e-17
3.6112027e-18
-7.905574e-17
1.8728446e-17
-1.3013691e-16
1.4666839e-16
-5.1670084e-17
3.567773e-18
-7.9763959e-17
1.8743758e-17
-1.3000129e-16
1.4532289e-16
-5.1234336e-17
3.5246173e-18
-8.0443882e-17
1.8758689e-17
-1.2985358e-16
1.4399405e-16
-5.0808237e-17
3.4817563e-18
-8.1096191e-17
1.8773271e-17
-1.296941e-16
1.426817e-16
-5.0391404e-17
3.4392101e-18
-8.1721554e-17
1.8787533e-17
-1.2952317e-16
1.4138567e-16
-4.9983473e-17
3.3969962e-18
-8.2320633e-17
1.88015e-17
-1.2934109e-16
1.4010576e-16
-4.9584092e-17
3.3551306e-18
-8.2894073e-17
1.8815193e-17
-1.2914818e-16
1.388418e-16
-4.9192924e-17
3.3136288e-18
-8.3442511e-17
1.8828634e-17
-1.2894472e-16
1.3759358e-16
-4.8809641e-17
3.2725031e-18
-8.396657e-17
1.884184e-17
-1.2873102e-16
1.3636093e-16
-4.8433934e-17
3.2317661e-18
-8.4466863e-17
1.8854824e-17
-1.2850735e-16
1.3514363e-16
-4.8065505e-17
3.1914303e-18
-8.4943993e-17
1.8867601e-17
-1.28274e-16
1.339415e-16
-4.7704065e-17
3.1515045e-18
-8.5398547e-17
1.8880181e-17
-1.2803124e-16
1.3275433e-16
-4.7349338e-17
3.1119968e-18
-8.5831105e-17
1.8892575e-17
-1.2777934e-16
1.3158192e-16
-4.7001059e-17
3.0729157e-18
-8.6242235e-17
1.8904789e-17
-1.2751856e-16
1.3042406e-16
-4.6658975e-17
3.0342683e-18
-8.6632495e-17
1.891683e-17
-1.2724918e-16
1.2928056e-16
-4.6322836e-17
2.996059e-18
-8.7002428e-17
1.8928705e-17
-1.2697143e-16
1.2815122e-16
-4.5992424e-17
2.9582964e-18
-8.7352574e-17
1.8940415e-17
-1.2668558e-16
1.2703582e-16
-4.5667508e-17
2.9209816e-18
-8.7683456e-17
1.8951964e-17
-1.2639186e-16
1.2593417e-16
-4.5347881e-17
2.8841196e-18
-8.799559e-17
1.8963354e-17
-1.2609052e-16
1.2484606e-16
-4.5033322e-17
2.8477103e-18
-8.8289478e-17
1.8974583e-17
-1.2578179e-16
1.237713e-16
-4.4723645e-17
2.8117588e-18
-8.8565618e-17
1.8985655e-17
-1.254659e-16
1.2270968e-16
-4.441866e-17
2.7762663e-18
-8.8824493e-17
1.8996565e-17
-1.2514308e-16
1.2166101e-16
-4.4118187e-17
2.7412335e-18
-8.9066577e-17
1.9007313e-17
-1.2481355e-16
1.2062508e-16
-4.3822057e-17
2.7066606e-18
-8.9292336e-17
1.9017896e-17
-1.2447753e-16
1.1960172e-16
-4.3530097e-17
2.6725467e-18
-8.9502225e-17
1.9028313e-17
-1.2413523e-16
1.1859071e-16
-4.3242165e-17
2.638894e-18
-8.9696688e-17
1.9038558e-17
-1.2378686e-16
1.1759188e-16
-4.2958111e-17
2.6056997e-18
-8.9876162e-17
1.9048628e-17
-1.2343263e-16
1.1660502e-16
-4.2677775e-17
2.57296e-18
-9.0041077e-17
1.905852e-17
-1.2307274e-16
1.1562996e-16
-4.2401029e-17
2.5406756e-18
-9.0191847e-17
1.9068228e-17
-1.2270738e-16
1.1466652e-16
-4.2127742e-17
2.5088446e-18
-9.0328884e-17
1.9077748e-17
-1.2233675e-16
1.137145e-16
-4.1857788e-17
2.4774642e-18
-9.0452585e-17
1.9087074e-17
-1.2196103e-16
1.1277373e-16
-4.1591051e-17
2.4465311e-18
-9.0563344e-17
1.9096201e-17
-1.2158042e-16
1.1184403e-16
-4.132741e-17
2.4160418e-18
-9.0661541e-17
1.9105124e-17
-1.211951e-16
1.1092522e-16
-4.1066767e-17
2.3859958e-18
-9.0747553e-17
1.9113838e-17
-1.2080523e-16
1.1001715e-16
-4.0809021e-17
2.3563876e-18
-9.0821744e-17
1.9122335e-17
-1.20411e-16
1.0911962e-16
-4.0554062e-17
2.3272111e-18
-9.0884471e-17
1.913061e-17
-1.2001258e-16
1.0823249e-16
-4.0301802e-17
2.2984655e-18
-9.0936085e-17
1.913866e-17
-1.1961014e-16
1.0735558e-16
-4.0052148e-17
2.2701457e-18
-9.0976927e-17
1.9146475e-17
-1.1920383e-16
1.0648874e-16
-3.9805018e-17
2.2422481e-18
-9.1007334e-17
1.9154052e-17
-1.1879382e-16
1.056318e-16
-3.9560335e-17
2.2147675e-18
-9.1027626e-17
1.9161383e-17
-1.1838027e-16
1.0478462e-16
-3.9318014e-17
2.1876986e-18
-9.1038126e-17
1.9168465e-17
-1.1796332e-16
1.0394703e-16
-3.9077993e-17
2.161041e-18
-9.1039143e-17
1.9175291e-17
-1.1754314e-16
1.031189e-16
-3.8840199e-17
2.1347858e-18
-9.1030981e-17
1.9181854e-17
-1.1711987e-16
1.0230006e-16
-3.8604573e-17
2.1089298e-18
-9.1013938e-17
1.9188152e-17
-1.1669364e-16
1.0149039e-16
-3.8371039e-17
2.0834656e-18
-9.0988302e-17
1.9194177e-17
-1.1626462e-16
1.0068973e-16
-3.8139547e-17
2.0583909e-18
-9.0954358e-17
1.9199923e-17
-1.1583292e-16
9.9897959e-17
-3.791004e-17
2.0337007e-18
-9.0912379e-17
1.9205388e-17
-1.153987e-16
9.9114931e-17
-3.7682465e-17
2.00939e-18
-9.0862635e-17
1.9210565e-17
-1.1496207e-16
9.8340517e-17
-3.7456777e-17
1.9854529e-18
-9.0805391e-17
1.921545e-17
-1.1452318e-16
9.7574589e-17
-3.7232918e-17
1.9618839e-18
-9.0740899e-17
1.9220038e-17
-1.1408215e-16
9.681702e-17
-3.7010862e-17
1.9386814e-18
-9.0669413e-17
1.9224325e-17
-1.1363911e-16
9.6067685e-17
-3.6790565e-17
1.9158378e-18
-9.0591172e-17
1.9228307e-17
-1.1319417e-16
9.5326466e-17
-3.6571976e-17
1.8933454e-18
-9.0506417e-17
1.9231981e-17
-1.1274745e-16
9.4593242e-17
-3.6355066e-17
1.8712023e-18
-9.0415376e-17
1.9235341e-17
-1.1229908e-16
9.3867899e-17
-3.6139794e-17
1.8494031e-18
-9.0318272e-17
1.9238385e-17
-1.1184917e-16
9.3150323e-17
-3.5926131e-17
1.8279426e-18
-9.0215325e-17
1.9241107e-17
-1.1139783e-16
9.2440402e-17
-3.5714047e-17
1.8068153e-18
-9.010674e-17
1.9243506e-17
-1.1094516e-16
9.1738025e-17
-3.55035e-17
1.7860153e-18
-8.9992713e-17
1.9245574e-17
-1.1049126e-16
9.104308e-17
-3.5294475e-17
1.7655399e-18
-8.9873427e-17
1.9247309e-17
-1.1003623e-16
9.0355454e-17
-3.5086938e-17
1.7453815e-18
-8.9749043e-17
1.9248699e-17
-1.0958016e-16
8.9675028e-17
-3.488083e-17
1.7255317e-18
-8.9619685e-17
1.9249736e-17
-1.091231e-16
8.9001672e-17
-3.4676111e-17
1.7059866e-18
-8.9485421e-17
1.9250397e-17
-1.0866509e-16
8.8335228e-17
-3.4472714e-17
1.6867368e-18
-8.9346211e-17
1.9250651e-17
-1.0820611e-16
8.7675499e-17
-3.4270529e-17
1.6677708e-18
-8.9201833e-17
1.925044e-17
-1.0774604e-16
8.7022202e-17
-3.4069384e-17
1.6490715e-18
-8.9051729e-17
1.9249656e-17
-1.0728459e-16
8.6374902e-17
-3.3868971e-17
1.6306114e-18
-8.8894748e-17
1.924811e-17
-1.0682114e-16
8.573289e-17
-3.3668772e-17
1.6123495e-18
-8.8728647e-17
1.9245455e-17
-1.0635449e-16
8.5094951e-17
-3.3467837e-17
1.5942041e-18
-8.8549223e-17
1.9241062e-17
-1.0588241e-16
8.4458973e-17
-3.3264488e-17
1.5760524e-18
-8.8348681e-17
1.9233771e-17
-1.054007e-16
8.3821195e-17
-3.3055559e-17
1.5576105e-18
-8.8112977e-17
1.9221482e-17
-1.049018e-16
8.3175321e-17
-3.2836177e-17
1.5386546e-18
-8.7815714e-17
1.9200146e-17
-1.0437111e-16
8.2509306e-17
-3.2593827e-17
1.5177463e-18
-8.7413433e-17
1.9162911e-17
-1.0378628e-16
8.1811986e-17
-3.2328386e-17
1.4967011e-18
-8.6809847e-17
1.9093073e-17
-1.0308724e-16
8.1035394e-17
-3.195463e-17
1.4655724e-18
-8.5914753e-17
1.8974169e-17
-1.0226509e-16
8.031509e-17
-3.1762716e-17
1.4473752e-18
-8.421839e-17
1.8691073e-17
-1.0082316e-16
7.9190317e-17
-3.1036315e-17
1.4797635e-18
-8.2339189e-17
1.8365713e-17
-1.0000079e-16
8.0583952e-17
-3.3564825e-17
1.1082227e-18
-7.4904128e-17
1.643383e-17
-9.0619682e-17
7.7544767e-17
-4.9116531e-17
5.9748233e-18
)
;
    }
    frontAndBack_neg
    {
        type            wedge;
        value           nonuniform List<scalar> 
1200
(
-1.7649476e-15
4.0927809e-16
-3.1854159e-15
6.7388537e-15
-1.123829e-14
2.6629333e-15
-2.9846583e-15
6.2276803e-16
-4.0619112e-15
6.9380194e-15
-1.0767443e-14
2.4061068e-15
-3.1920249e-15
6.1425779e-16
-3.5325891e-15
5.0650531e-15
-7.6860383e-15
1.6071851e-15
-3.084938e-15
5.5692608e-16
-3.0004019e-15
3.93825e-15
-6.1811402e-15
1.1992865e-15
-2.8352963e-15
4.7783539e-16
-2.4715999e-15
3.0562124e-15
-5.064293e-15
8.9314599e-16
-2.5032606e-15
3.8931059e-16
-1.9677871e-15
2.3125057e-15
-4.1189811e-15
6.4868661e-16
-2.1544939e-15
3.042141e-16
-1.5316805e-15
1.7131838e-15
-3.3207076e-15
4.5869356e-16
-1.8239144e-15
2.282474e-16
-1.1694002e-15
1.2383458e-15
-2.6465178e-15
3.1451376e-16
-1.5244931e-15
1.6312203e-16
-8.7494985e-16
8.6961547e-16
-2.0881705e-15
2.0898405e-16
-1.2604996e-15
1.0900114e-16
-6.403172e-16
5.9143565e-16
-1.6384892e-15
1.3447688e-16
-1.0314842e-15
6.5155417e-17
-4.5651215e-16
3.881058e-16
-1.2860635e-15
8.3485574e-17
-8.3439031e-16
3.0374306e-17
-3.1454865e-16
2.4440136e-16
-1.0166163e-15
4.9541973e-17
-6.6520713e-16
3.2805487e-18
-2.0620883e-16
1.4657813e-16
-8.1495327e-16
2.750509e-17
-5.1980721e-16
-1.7484134e-17
-1.243346e-16
8.2904204e-17
-6.6663537e-16
1.3537791e-17
-3.937602e-16
-3.3073452e-17
-6.3044935e-17
4.3784018e-17
-5.5888318e-16
4.8708674e-18
-2.8344758e-16
-4.4390613e-17
-1.7929118e-17
2.1778176e-17
-4.8108165e-16
-4.2388771e-19
-1.8796343e-16
-5.2241249e-17
1.4576474e-17
1.166047e-17
-4.2500641e-16
-3.6095401e-18
-1.0658378e-16
-5.7362541e-17
3.7310919e-17
9.9622269e-18
-3.8450842e-16
-5.4843741e-18
-3.807443e-17
-6.0379169e-17
5.2550369e-17
1.4173831e-17
-3.550664e-16
-6.5356851e-18
1.8955478e-17
-6.1787318e-17
6.2117674e-17
2.2365591e-17
-3.3338031e-16
-7.0676819e-18
6.5889591e-17
-6.1975453e-17
6.7428496e-17
3.3108142e-17
-3.1706346e-16
-7.2746248e-18
1.0404964e-16
-6.124721e-17
6.9560736e-17
4.5382284e-17
-3.0441745e-16
-7.2785514e-18
1.3465637e-16
-5.9838729e-17
6.9332233e-17
5.8469726e-17
-2.9425322e-16
-7.1546209e-18
1.5880952e-16
-5.7932272e-17
6.7369881e-17
7.1857114e-17
-2.8575879e-16
-6.9476244e-18
1.7748414e-16
-5.5667296e-17
6.4157459e-17
8.5164559e-17
-2.7840194e-16
-6.6829404e-18
1.9153666e-16
-5.3154383e-17
6.0029791e-17
9.8164438e-17
-2.7181624e-16
-6.3824832e-18
2.0170694e-16
-5.0482332e-17
5.521879e-17
1.1077618e-16
-2.6573812e-16
-6.060291e-18
2.0862458e-16
-4.7718045e-17
4.9913381e-17
1.2293218e-16
-2.6000488e-16
-5.7183323e-18
2.1283043e-16
-4.4911065e-17
4.4272259e-17
1.3456378e-16
-2.5451715e-16
-5.3585815e-18
2.1479134e-16
-4.2098781e-17
3.8420528e-17
1.4561992e-16
-2.4921073e-16
-4.984559e-18
2.14907e-16
-3.9309661e-17
3.2455159e-17
1.5606858e-16
-2.4404442e-16
-4.6000954e-18
2.1351683e-16
-3.6565317e-17
2.6451142e-17
1.6589308e-16
-2.3899214e-16
-4.2087671e-18
2.1090733e-16
-3.3882039e-17
2.0466239e-17
1.7508866e-16
-2.3403783e-16
-3.8137131e-18
2.073193e-16
-3.127191e-17
1.4544689e-17
1.8365954e-16
-2.2917194e-16
-3.4176377e-18
2.0295432e-16
-2.8743686e-17
8.7201079e-18
1.9161647e-16
-2.2438904e-16
-3.0228578e-18
1.9798063e-16
-2.6303474e-17
3.0177532e-18
1.9897488e-16
-2.196863e-16
-2.6313494e-18
1.9253827e-16
-2.3955284e-17
-2.5437138e-18
2.057535e-16
-2.1506248e-16
-2.2448002e-18
1.8674362e-16
-2.170146e-17
-7.9508168e-18
2.1197323e-16
-2.1051719e-16
-1.8646584e-18
1.8069324e-16
-1.9543048e-17
-1.3194117e-17
2.176563e-16
-2.0605049e-16
-1.4921646e-18
1.7446738e-16
-1.7480113e-17
-1.8267211e-17
2.2282564e-16
-2.0166266e-16
-1.1283568e-18
1.6813334e-16
-1.5511984e-17
-2.3165857e-17
2.2750408e-16
-1.9735412e-16
-7.7416616e-19
1.6174784e-16
-1.3637641e-17
-2.7886883e-17
2.3171522e-16
-1.9312794e-16
-4.3003225e-19
1.5537024e-16
-1.1854296e-17
-3.2427311e-17
2.3547216e-16
-1.8899151e-16
-9.5846859e-20
1.490764e-16
-1.0154253e-17
-3.6789202e-17
2.3877839e-16
-1.8494478e-16
2.2587622e-19
1.4293027e-16
-8.5305686e-18
-4.0991361e-17
2.4165114e-16
-1.8098403e-16
5.3220299e-19
1.3695567e-16
-6.9795481e-18
-4.5047032e-17
2.4412582e-16
-1.7711289e-16
8.2321083e-19
1.3114857e-16
-5.4997133e-18
-4.8961386e-17
2.4624088e-16
-1.7333526e-16
1.0999052e-18
1.2549555e-16
-4.0899908e-18
-5.2736284e-17
2.4802972e-16
-1.69651e-16
1.3632776e-18
1.1998216e-16
-2.7491329e-18
-5.6372687e-17
2.4952016e-16
-1.6605739e-16
1.6142183e-18
1.1459585e-16
-1.4756151e-18
-5.987164e-17
2.5073561e-16
-1.6255071e-16
1.8534534e-18
1.0932679e-16
-2.676367e-19
-6.3234639e-17
2.5169615e-16
-1.5912724e-16
2.0815497e-18
1.0416776e-16
8.7683653e-19
-6.6463821e-17
2.5241955e-16
-1.557837e-16
2.2989481e-18
9.9113626e-17
1.9600104e-18
-6.9561942e-17
2.5292185e-16
-1.5251741e-16
2.5059908e-18
9.4160875e-17
2.9842081e-18
-7.2532276e-17
2.5321786e-16
-1.4932628e-16
2.7029503e-18
8.9307143e-17
3.9518145e-18
-7.5378486e-17
2.5332133e-16
-1.4620865e-16
2.8900582e-18
8.4550927e-17
4.8651851e-18
-7.8104496e-17
2.5324523e-16
-1.4316326e-16
3.0675208e-18
7.9891329e-17
5.7267915e-18
-8.0714366e-17
2.5300176e-16
-1.4018904e-16
3.2355267e-18
7.5328327e-17
6.5389393e-18
-8.3212244e-17
2.5260265e-16
-1.3728522e-16
3.3942838e-18
7.0859073e-17
7.3037483e-18
-8.5601857e-17
2.5205927e-16
-1.344513e-16
3.5440559e-18
6.6468448e-17
8.0234185e-18
-8.7885978e-17
2.5138244e-16
-1.3168643e-16
3.6850908e-18
6.2135948e-17
8.7003276e-18
-9.0067473e-17
2.5058195e-16
-1.2898906e-16
3.8175586e-18
5.7852001e-17
9.3370259e-18
-9.2150554e-17
2.4966697e-16
-1.2635768e-16
3.941661e-18
5.3617867e-17
9.9358313e-18
-9.414038e-17
2.4864632e-16
-1.2379141e-16
4.0576589e-18
4.9439554e-17
1.0498856e-17
-9.6042148e-17
2.4752835e-16
-1.2128979e-16
4.1657924e-18
4.5323659e-17
1.102808e-17
-9.7860696e-17
2.4632086e-16
-1.1885247e-16
4.2662667e-18
4.1276109e-17
1.1525364e-17
-9.9600435e-17
2.450312e-16
-1.1647907e-16
4.3592733e-18
3.7301788e-17
1.1992469e-17
-1.0126535e-16
2.4366628e-16
-1.1416909e-16
4.4450039e-18
3.340446e-17
1.2431058e-17
-1.0285906e-16
2.4223258e-16
-1.1192189e-16
4.523652e-18
2.9586841e-17
1.2842715e-17
-1.0438485e-16
2.4073625e-16
-1.097367e-16
4.595421e-18
2.5850751e-17
1.3228939e-17
-1.0584572e-16
2.3918304e-16
-1.076126e-16
4.6605269e-18
2.2197273e-17
1.3591159e-17
-1.0724444e-16
2.3757841e-16
-1.0554861e-16
4.7191933e-18
1.8626891e-17
1.3930735e-17
-1.0858357e-16
2.3592746e-16
-1.0354364e-16
4.7716517e-18
1.5139616e-17
1.4248955e-17
-1.098655e-16
2.3423502e-16
-1.0159652e-16
4.8181326e-18
1.1735095e-17
1.4547051e-17
-1.1109245e-16
2.3250561e-16
-9.9706059e-17
4.8588759e-18
8.4126787e-18
1.482619e-17
-1.1226653e-16
2.3074348e-16
-9.7871017e-17
4.8941246e-18
5.1715066e-18
1.5087481e-17
-1.1338969e-16
2.2895263e-16
-9.6090131e-17
4.9241142e-18
2.0105513e-18
1.5331983e-17
-1.1446381e-16
2.271368e-16
-9.4362096e-17
4.949077e-18
-1.0713387e-18
1.5560694e-17
-1.1549064e-16
2.2529949e-16
-9.2685614e-17
4.9692498e-18
-4.0754076e-18
1.5774568e-17
-1.1647184e-16
2.2344398e-16
-9.1059393e-17
4.9848652e-18
-7.0029582e-18
1.5974503e-17
-1.1740901e-16
2.2157332e-16
-8.9482127e-17
4.9961435e-18
-9.8553384e-18
1.6161303e-17
-1.1830364e-16
2.1969037e-16
-8.7952504e-17
5.0033027e-18
-1.2633924e-17
1.6335883e-17
-1.1915717e-16
2.177978e-16
-8.6469212e-17
5.0065562e-18
-1.5340104e-17
1.6499007e-17
-1.1997095e-16
2.158981e-16
-8.503098e-17
5.0061157e-18
-1.797527e-17
1.6651297e-17
-1.2074628e-16
2.1399355e-16
-8.3636539e-17
5.0021843e-18
-2.0540815e-17
1.6793491e-17
-1.2148441e-16
2.1208631e-16
-8.228462e-17
4.994955e-18
-2.303812e-17
1.6926234e-17
-1.2218651e-16
2.1017836e-16
-8.0973976e-17
4.9846159e-18
-2.5468554e-17
1.705014e-17
-1.228537e-16
2.0827154e-16
-7.9703381e-17
4.9713496e-18
-2.7833471e-17
1.7165784e-17
-1.2348707e-16
2.0636755e-16
-7.8471624e-17
4.955334e-18
-3.0134204e-17
1.7273714e-17
-1.2408764e-16
2.0446797e-16
-7.7277516e-17
4.9367389e-18
-3.2372068e-17
1.7374439e-17
-1.246564e-16
2.0257423e-16
-7.6119888e-17
4.9157265e-18
-3.4548357e-17
1.7468445e-17
-1.251943e-16
2.0068768e-16
-7.4997593e-17
4.8924547e-18
-3.666434e-17
1.7556184e-17
-1.2570223e-16
1.9880953e-16
-7.3909508e-17
4.8670742e-18
-3.8721266e-17
1.7638088e-17
-1.2618107e-16
1.969409e-16
-7.285453e-17
4.8397298e-18
-4.0720362e-17
1.7714556e-17
-1.2663165e-16
1.9508281e-16
-7.1831582e-17
4.8105596e-18
-4.266283e-17
1.7785968e-17
-1.2705476e-16
1.9323621e-16
-7.0839608e-17
4.7796972e-18
-4.4549852e-17
1.7852677e-17
-1.2745117e-16
1.9140193e-16
-6.987758e-17
4.747269e-18
-4.6382588e-17
1.791502e-17
-1.2782163e-16
1.8958075e-16
-6.8944499e-17
4.7133984e-18
-4.8162176e-17
1.7973307e-17
-1.2816684e-16
1.8777336e-16
-6.8039368e-17
4.6781974e-18
-4.9889731e-17
1.802783e-17
-1.2848749e-16
1.8598038e-16
-6.7161232e-17
4.6417764e-18
-5.1566351e-17
1.8078867e-17
-1.2878424e-16
1.8420237e-16
-6.630918e-17
4.6042468e-18
-5.3193112e-17
1.8126673e-17
-1.2905773e-16
1.8243983e-16
-6.5482281e-17
4.565702e-18
-5.4771069e-17
1.8171488e-17
-1.2930858e-16
1.8069319e-16
-6.4679663e-17
4.5262421e-18
-5.6301259e-17
1.8213537e-17
-1.2953738e-16
1.7896285e-16
-6.3900465e-17
4.4859565e-18
-5.7784701e-17
1.825303e-17
-1.2974471e-16
1.7724914e-16
-6.3143852e-17
4.4449297e-18
-5.9222397e-17
1.8290161e-17
-1.2993112e-16
1.7555236e-16
-6.2409015e-17
4.4032455e-18
-6.0615328e-17
1.8325115e-17
-1.3009717e-16
1.7387274e-16
-6.1695165e-17
4.3609804e-18
-6.1964458e-17
1.8358061e-17
-1.3024336e-16
1.7221051e-16
-6.1001539e-17
4.318208e-18
-6.3270739e-17
1.8389158e-17
-1.3037023e-16
1.7056582e-16
-6.0327397e-17
4.2749982e-18
-6.4535101e-17
1.8418553e-17
-1.3047824e-16
1.6893882e-16
-5.9672022e-17
4.2314161e-18
-6.5758459e-17
1.8446383e-17
-1.305679e-16
1.673296e-16
-5.9034715e-17
4.1875246e-18
-6.6941717e-17
1.8472774e-17
-1.3063967e-16
1.6573825e-16
-5.8414802e-17
4.1433821e-18
-6.8085757e-17
1.8497845e-17
-1.30694e-16
1.6416481e-16
-5.7811637e-17
4.099043e-18
-6.9191448e-17
1.8521705e-17
-1.3073133e-16
1.626093e-16
-5.7224593e-17
4.0545606e-18
-7.0259648e-17
1.8544454e-17
-1.307521e-16
1.6107172e-16
-5.6653037e-17
4.0099802e-18
-7.1291196e-17
1.8566187e-17
-1.3075674e-16
1.5955204e-16
-5.6096403e-17
3.9653534e-18
-7.2286916e-17
1.8586988e-17
-1.3074565e-16
1.5805023e-16
-5.5554116e-17
3.92072e-18
-7.3247624e-17
1.8606938e-17
-1.3071923e-16
1.5656622e-16
-5.5025621e-17
3.8761211e-18
-7.4174118e-17
1.8626108e-17
-1.3067787e-16
1.5509993e-16
-5.4510389e-17
3.8315944e-18
-7.5067184e-17
1.8644568e-17
-1.3062197e-16
1.5365128e-16
-5.4007911e-17
3.7871747e-18
-7.592759e-17
1.8662377e-17
-1.3055189e-16
1.5222015e-16
-5.3517691e-17
3.7428956e-18
-7.6756097e-17
1.8679592e-17
-1.30468e-16
1.5080642e-16
-5.303925e-17
3.6987883e-18
-7.7553449e-17
1.8696265e-17
-1.3037066e-16
1.4940998e-16
-5.2572131e-17
3.6548807e-18
-7.8320381e-17
1.8712441e-17
-1.3026022e-16
1.4803067e-16
-5.2115889e-17
3.6111999e-18
-7.9057612e-17
1.8728163e-17
-1.3013702e-16
1.4666834e-16
-5.16701e-17
3.5677701e-18
-7.976585e-17
1.8743471e-17
-1.3000141e-16
1.4532284e-16
-5.1234354e-17
3.5246143e-18
-8.044579e-17
1.87584e-17
-1.298537e-16
1.43994e-16
-5.0808254e-17
3.4817539e-18
-8.1098114e-17
1.877298e-17
-1.2969422e-16
1.4268165e-16
-5.0391421e-17
3.4392076e-18
-8.1723494e-17
1.8787238e-17
-1.2952329e-16
1.4138562e-16
-4.998349e-17
3.3969935e-18
-8.2322589e-17
1.8801202e-17
-1.2934121e-16
1.4010571e-16
-4.9584107e-17
3.3551279e-18
-8.2896046e-17
1.8814892e-17
-1.291483e-16
1.3884175e-16
-4.9192937e-17
3.3136252e-18
-8.34445e-17
1.882833e-17
-1.2894485e-16
1.3759354e-16
-4.8809656e-17
3.2725003e-18
-8.3968578e-17
1.8841531e-17
-1.2873114e-16
1.3636088e-16
-4.8433951e-17
3.2317646e-18
-8.4468887e-17
1.8854512e-17
-1.2850747e-16
1.3514358e-16
-4.8065521e-17
3.1914278e-18
-8.4946032e-17
1.8867285e-17
-1.2827412e-16
1.3394145e-16
-4.770408e-17
3.1515012e-18
-8.5400601e-17
1.8879862e-17
-1.2803136e-16
1.3275428e-16
-4.7349353e-17
3.111994e-18
-8.5833175e-17
1.8892252e-17
-1.2777946e-16
1.3158187e-16
-4.7001075e-17
3.0729132e-18
-8.624432e-17
1.8904464e-17
-1.2751869e-16
1.3042401e-16
-4.6658992e-17
3.0342654e-18
-8.6634596e-17
1.8916502e-17
-1.2724931e-16
1.2928051e-16
-4.6322868e-17
2.9960583e-18
-8.7004547e-17
1.8928373e-17
-1.2697156e-16
1.2815116e-16
-4.5992455e-17
2.9582933e-18
-8.7354709e-17
1.8940079e-17
-1.2668571e-16
1.2703577e-16
-4.5667537e-17
2.9209775e-18
-8.7685607e-17
1.8951626e-17
-1.26392e-16
1.2593411e-16
-4.5347894e-17
2.8841134e-18
-8.7997757e-17
1.8963011e-17
-1.2609065e-16
1.2484601e-16
-4.5033336e-17
2.8477064e-18
-8.8291664e-17
1.8974238e-17
-1.2578192e-16
1.2377124e-16
-4.4723657e-17
2.8117559e-18
-8.856782e-17
1.8985306e-17
-1.2546603e-16
1.2270962e-16
-4.4418673e-17
2.7762637e-18
-8.8826712e-17
1.8996212e-17
-1.2514321e-16
1.2166095e-16
-4.4118203e-17
2.7412308e-18
-8.9068813e-17
1.9006957e-17
-1.2481369e-16
1.2062503e-16
-4.3822073e-17
2.7066579e-18
-8.9294588e-17
1.9017536e-17
-1.2447767e-16
1.1960166e-16
-4.3530127e-17
2.6725457e-18
-8.9504493e-17
1.9027949e-17
-1.2413537e-16
1.1859066e-16
-4.3242194e-17
2.6388907e-18
-8.9698974e-17
1.9038191e-17
-1.23787e-16
1.1759182e-16
-4.2958123e-17
2.6056937e-18
-8.9878466e-17
1.9048257e-17
-1.2343277e-16
1.1660497e-16
-4.2677788e-17
2.5729561e-18
-9.0043398e-17
1.9058146e-17
-1.2307288e-16
1.1562991e-16
-4.2401043e-17
2.5406728e-18
-9.0194184e-17
1.906785e-17
-1.2270752e-16
1.1466646e-16
-4.2127756e-17
2.508842e-18
-9.0331236e-17
1.9077366e-17
-1.2233689e-16
1.1371444e-16
-4.1857806e-17
2.4774614e-18
-9.0454954e-17
1.9086689e-17
-1.2196118e-16
1.1277367e-16
-4.1591068e-17
2.4465284e-18
-9.0565728e-17
1.9095813e-17
-1.2158057e-16
1.1184397e-16
-4.1327439e-17
2.4160408e-18
-9.0663943e-17
1.9104732e-17
-1.2119525e-16
1.1092517e-16
-4.1066797e-17
2.3859925e-18
-9.0749971e-17
1.9113442e-17
-1.2080538e-16
1.1001709e-16
-4.0809038e-17
2.3563816e-18
-9.0824178e-17
1.9121936e-17
-1.2041116e-16
1.0911957e-16
-4.0554077e-17
2.3272072e-18
-9.0886923e-17
1.9130208e-17
-1.2001274e-16
1.0823243e-16
-4.0301813e-17
2.2984619e-18
-9.0938554e-17
1.9138253e-17
-1.1961029e-16
1.0735553e-16
-4.0052162e-17
2.2701428e-18
-9.0979413e-17
1.9146065e-17
-1.1920399e-16
1.0648868e-16
-3.9805038e-17
2.2422449e-18
-9.1009834e-17
1.9153638e-17
-1.1879398e-16
1.0563175e-16
-3.9560353e-17
2.2147648e-18
-9.1030143e-17
1.9160966e-17
-1.1838042e-16
1.0478456e-16
-3.9318042e-17
2.1876987e-18
-9.1040657e-17
1.9168044e-17
-1.1796348e-16
1.0394697e-16
-3.9078022e-17
2.1610377e-18
-9.104169e-17
1.9174866e-17
-1.175433e-16
1.0311884e-16
-3.8840228e-17
2.1347815e-18
-9.1033545e-17
1.9181426e-17
-1.1712003e-16
1.023e-16
-3.8604587e-17
2.1089234e-18
-9.1016517e-17
1.9187718e-17
-1.1669381e-16
1.0149033e-16
-3.8371054e-17
2.0834615e-18
-9.0990897e-17
1.9193739e-17
-1.1626478e-16
1.0068967e-16
-3.8139561e-17
2.0583879e-18
-9.0956967e-17
1.9199483e-17
-1.1583309e-16
9.9897898e-17
-3.7910054e-17
2.033698e-18
-9.0915004e-17
1.9204943e-17
-1.1539886e-16
9.911487e-17
-3.7682482e-17
2.0093868e-18
-9.0865276e-17
1.9210116e-17
-1.1496224e-16
9.8340456e-17
-3.7456793e-17
1.98545e-18
-9.0808046e-17
1.9214997e-17
-1.1452335e-16
9.7574527e-17
-3.723295e-17
1.9618832e-18
-9.0743571e-17
1.9219582e-17
-1.1408232e-16
9.6816957e-17
-3.7010893e-17
1.938678e-18
-9.06721e-17
1.9223867e-17
-1.1363928e-16
9.6067622e-17
-3.6790583e-17
1.9158315e-18
-9.0593876e-17
1.9227845e-17
-1.1319434e-16
9.5326402e-17
-3.6571993e-17
1.8933412e-18
-9.0509137e-17
1.9231515e-17
-1.1274763e-16
9.4593178e-17
-3.6355078e-17
1.8711991e-18
-9.0418112e-17
1.9234871e-17
-1.1229926e-16
9.3867835e-17
-3.6139809e-17
1.8494002e-18
-9.0321025e-17
1.9237911e-17
-1.1184935e-16
9.3150259e-17
-3.5926149e-17
1.8279396e-18
-9.0218092e-17
1.9240631e-17
-1.11398e-16
9.2440337e-17
-3.5714065e-17
1.8068123e-18
-9.0109521e-17
1.9243025e-17
-1.1094533e-16
9.1737959e-17
-3.5503534e-17
1.786014e-18
-8.999551e-17
1.924509e-17
-1.1049144e-16
9.1043013e-17
-3.5294507e-17
1.7655362e-18
-8.9876239e-17
1.924682e-17
-1.1003641e-16
9.0355387e-17
-3.5086951e-17
1.7453753e-18
-8.975187e-17
1.9248207e-17
-1.0958034e-16
8.9674961e-17
-3.4880845e-17
1.7255276e-18
-8.9622529e-17
1.924924e-17
-1.0912328e-16
8.9001604e-17
-3.467613e-17
1.7059831e-18
-8.9488279e-17
1.9249898e-17
-1.0866527e-16
8.8335161e-17
-3.4472734e-17
1.6867336e-18
-8.9349083e-17
1.9250148e-17
-1.082063e-16
8.7675431e-17
-3.4270551e-17
1.6677675e-18
-8.920472e-17
1.9249933e-17
-1.0774623e-16
8.7022133e-17
-3.4069404e-17
1.6490684e-18
-8.9054633e-17
1.9249145e-17
-1.0728477e-16
8.6374833e-17
-3.3869001e-17
1.6306101e-18
-8.8897666e-17
1.9247595e-17
-1.0682132e-16
8.573282e-17
-3.3668803e-17
1.6123457e-18
-8.873158e-17
1.9244936e-17
-1.0635468e-16
8.509488e-17
-3.3467867e-17
1.5941994e-18
-8.8552171e-17
1.9240541e-17
-1.058826e-16
8.4458902e-17
-3.3264506e-17
1.5760449e-18
-8.8351644e-17
1.9233245e-17
-1.0540089e-16
8.3821124e-17
-3.3055577e-17
1.5576055e-18
-8.8115956e-17
1.9220953e-17
-1.0490199e-16
8.3175249e-17
-3.2836194e-17
1.5386514e-18
-8.7818707e-17
1.9199614e-17
-1.043713e-16
8.2509234e-17
-3.2593844e-17
1.5177433e-18
-8.7416441e-17
1.9162376e-17
-1.0378648e-16
8.1811914e-17
-3.2328406e-17
1.4966976e-18
-8.6812869e-17
1.9092534e-17
-1.0308744e-16
8.1035322e-17
-3.195465e-17
1.465569e-18
-8.5917791e-17
1.8973626e-17
-1.0226528e-16
8.0315017e-17
-3.1762749e-17
1.4473739e-18
-8.4221442e-17
1.8690526e-17
-1.0082336e-16
7.9190243e-17
-3.1036348e-17
1.4797597e-18
-8.2342257e-17
1.8365163e-17
-1.0000099e-16
8.0583878e-17
-3.3564843e-17
1.108216e-18
-7.4907211e-17
1.6433276e-17
-9.0619879e-17
7.7544693e-17
-4.9116537e-17
5.9748167e-18
)
;
    }
}


// ************************************************************************* //
