/*--------------------------------*- C++ -*----------------------------------*\
  =========                 |
  \\      /  F ield         | OpenFOAM: The Open Source CFD Toolbox
   \\    /   O peration     | Website:  https://openfoam.org
    \\  /    A nd           | Version:  10
     \\/     M anipulation  |
\*---------------------------------------------------------------------------*/
FoamFile
{
    format      ascii;
    class       volVectorField;
    location    "1200/FLUID";
    object      U;
}
// * * * * * * * * * * * * * * * * * * * * * * * * * * * * * * * * * * * * * //

dimensions      [0 1 -1 0 0 0 0];

internalField   nonuniform List<vector> 
1200
(
(5.0693656 -0.099855872 4.8424471e-18)
(5.2532172 -0.12909332 9.5869864e-18)
(5.4800001 -0.13069727 3.4764191e-18)
(5.7043365 -0.12590406 -2.0072906e-18)
(5.9245504 -0.11555397 -1.5237928e-18)
(6.1375698 -0.10240879 -9.5118783e-19)
(6.3398913 -0.088983314 -4.5987001e-19)
(6.5310843 -0.076250776 9.0873932e-20)
(6.7119525 -0.064600607 4.2022054e-19)
(6.8835655 -0.054186436 1.0434908e-18)
(7.0471296 -0.044991122 1.5874281e-18)
(7.2038474 -0.036908905 2.0751231e-18)
(7.3547984 -0.029803622 2.6714532e-18)
(7.5009051 -0.023532937 3.3914861e-18)
(7.6429851 -0.017921326 3.9881717e-18)
(7.7819007 -0.012858687 4.5112757e-18)
(7.9181082 -0.0083673717 5.1847294e-18)
(8.051892 -0.0044363344 5.8636306e-18)
(8.1834883 -0.001029835 6.4294687e-18)
(8.3130912 0.0018942558 7.1404531e-18)
(8.4408541 0.004381104 7.764032e-18)
(8.5668989 0.0064764179 8.5341865e-18)
(8.6913235 0.0082242579 9.4981866e-18)
(8.8142074 0.0096658521 1.0477885e-17)
(8.9356165 0.010839111 1.123746e-17)
(9.0556068 0.011778583 1.197389e-17)
(9.1742251 0.012514877 1.2743086e-17)
(9.2915112 0.013074686 1.3823541e-17)
(9.4074997 0.013481953 1.466611e-17)
(9.5222216 0.013758091 1.5609213e-17)
(9.6357046 0.013922005 1.6577393e-17)
(9.7479742 0.013990248 1.7517378e-17)
(9.8590538 0.013977227 1.8512323e-17)
(9.9689652 0.013895434 1.9455654e-17)
(10.077729 0.013755661 2.0484083e-17)
(10.185363 0.013567214 2.1483216e-17)
(10.291887 0.013338104 2.2552066e-17)
(10.397317 0.013075226 2.3698323e-17)
(10.501671 0.012784522 2.4960352e-17)
(10.604963 0.012471134 2.6115812e-17)
(10.707209 0.012139584 2.7333087e-17)
(10.808424 0.011793857 2.8719772e-17)
(10.908622 0.011438701 2.9775997e-17)
(11.007819 0.011080574 3.1016655e-17)
(11.106029 0.010724224 3.2418902e-17)
(11.203266 0.010370997 3.3867234e-17)
(11.299543 0.010020696 3.502977e-17)
(11.394873 0.0096727039 3.6315023e-17)
(11.489269 0.0093263958 3.7723054e-17)
(11.582742 0.0089812931 3.909162e-17)
(11.675305 0.0086371007 4.0327775e-17)
(11.766971 0.0082936917 4.1709635e-17)
(11.85775 0.0079510725 4.3059325e-17)
(11.947655 0.007609348 4.4496629e-17)
(12.036697 0.0072686916 4.5998284e-17)
(12.124887 0.006929329 4.7312694e-17)
(12.212237 0.0065915193 4.8934674e-17)
(12.298758 0.0062555979 5.0567334e-17)
(12.384461 0.0059215162 5.2066246e-17)
(12.469366 0.0055879602 5.3612726e-17)
(12.553491 0.0052533574 5.5237482e-17)
(12.636847 0.004917403 5.6658942e-17)
(12.719442 0.0045806611 5.8252384e-17)
(12.801284 0.004243917 5.9839727e-17)
(12.882385 0.0039079486 6.1335824e-17)
(12.962752 0.0035734659 6.2866336e-17)
(13.042396 0.0032410858 6.4545216e-17)
(13.121325 0.002911328 6.619453e-17)
(13.199549 0.0025846227 6.772926e-17)
(13.277075 0.0022613222 6.9307807e-17)
(13.353913 0.0019417135 7.0787247e-17)
(13.430072 0.0016260287 7.2362539e-17)
(13.50556 0.0013144549 7.4132875e-17)
(13.580385 0.0010071423 7.5579347e-17)
(13.654556 0.00070421052 7.7288198e-17)
(13.728081 0.00040575448 7.9084724e-17)
(13.800968 0.0001118484 8.0742533e-17)
(13.873225 -0.00017745044 8.2229914e-17)
(13.94486 -0.0004620989 8.3981223e-17)
(14.015881 -0.00074206558 8.5632311e-17)
(14.086295 -0.001017329 8.7181508e-17)
(14.15611 -0.0012878759 8.8771739e-17)
(14.225334 -0.0015537004 9.0495008e-17)
(14.293973 -0.0018148023 9.1961687e-17)
(14.362036 -0.002071187 9.3630743e-17)
(14.429529 -0.0023228641 9.5208635e-17)
(14.49646 -0.0025698474 9.6682107e-17)
(14.562835 -0.0028121542 9.8464743e-17)
(14.628661 -0.0030498046 1.0004527e-16)
(14.693945 -0.0032828219 1.0180827e-16)
(14.758695 -0.0035112316 1.0363876e-16)
(14.822916 -0.0037350615 1.0537435e-16)
(14.886614 -0.0039543416 1.0701519e-16)
(14.949798 -0.0041691036 1.088017e-16)
(15.012472 -0.004379381 1.1064974e-16)
(15.074643 -0.004585209 1.1233832e-16)
(15.136317 -0.0047866242 1.14039e-16)
(15.197501 -0.0049836645 1.1593809e-16)
(15.2582 -0.0051763693 1.1771594e-16)
(15.31842 -0.0053647791 1.1943738e-16)
(15.378167 -0.0055489354 1.2129225e-16)
(15.437446 -0.0057288811 1.2297309e-16)
(15.496264 -0.0059046598 1.2465461e-16)
(15.554626 -0.0060763161 1.2637843e-16)
(15.612537 -0.0062438956 1.2826178e-16)
(15.670002 -0.0064074445 1.299829e-16)
(15.727028 -0.0065670099 1.3153459e-16)
(15.783618 -0.0067226397 1.3321926e-16)
(15.839779 -0.0068743822 1.3496118e-16)
(15.895515 -0.0070222865 1.3657171e-16)
(15.950832 -0.0071664022 1.3838265e-16)
(16.005734 -0.0073067793 1.4025052e-16)
(16.060225 -0.0074434684 1.4206985e-16)
(16.114312 -0.0075765205 1.4391593e-16)
(16.167998 -0.0077059869 1.456535e-16)
(16.221288 -0.0078319191 1.4724528e-16)
(16.274187 -0.0079543692 1.4890909e-16)
(16.326699 -0.0080733892 1.5088459e-16)
(16.378828 -0.0081890314 1.5285655e-16)
(16.43058 -0.0083013484 1.5469777e-16)
(16.481957 -0.0084103927 1.5644594e-16)
(16.532964 -0.008516217 1.5811623e-16)
(16.583606 -0.0086188739 1.599029e-16)
(16.633887 -0.008718416 1.6170126e-16)
(16.683809 -0.0088148961 1.636678e-16)
(16.733379 -0.0089083666 1.6550424e-16)
(16.782598 -0.00899888 1.6716623e-16)
(16.831472 -0.0090864884 1.6906315e-16)
(16.880004 -0.0091712442 1.7084525e-16)
(16.928197 -0.009253199 1.7273551e-16)
(16.976056 -0.0093324046 1.7449632e-16)
(17.023583 -0.0094089124 1.7638741e-16)
(17.070783 -0.0094827734 1.7825293e-16)
(17.117659 -0.0095540384 1.7994496e-16)
(17.164214 -0.0096227579 1.8170793e-16)
(17.210452 -0.0096889818 1.8347516e-16)
(17.256375 -0.00975276 1.8518023e-16)
(17.301989 -0.0098141415 1.8687491e-16)
(17.347295 -0.0098731754 1.888393e-16)
(17.392296 -0.0099299099 1.9060882e-16)
(17.436997 -0.0099843931 1.9236053e-16)
(17.4814 -0.010036672 1.9426359e-16)
(17.525508 -0.010086794 1.9622948e-16)
(17.569323 -0.010134806 1.9805986e-16)
(17.61285 -0.010180753 1.9990176e-16)
(17.656091 -0.010224681 2.0170385e-16)
(17.699049 -0.010266634 2.0354679e-16)
(17.741727 -0.010306657 2.054378e-16)
(17.784127 -0.010344794 2.0736214e-16)
(17.826253 -0.010381087 2.0933436e-16)
(17.868106 -0.01041558 2.1120836e-16)
(17.90969 -0.010448314 2.1308649e-16)
(17.951008 -0.01047933 2.1481573e-16)
(17.992061 -0.01050867 2.1659303e-16)
(18.032854 -0.010536374 2.1837463e-16)
(18.073387 -0.010562481 2.2019687e-16)
(18.113664 -0.01058703 2.2209597e-16)
(18.153686 -0.010610059 2.2394113e-16)
(18.193458 -0.010631607 2.2587026e-16)
(18.23298 -0.01065171 2.27731e-16)
(18.272255 -0.010670405 2.2953078e-16)
(18.311287 -0.010687728 2.312842e-16)
(18.350076 -0.010703714 2.3308536e-16)
(18.388625 -0.010718398 2.3478249e-16)
(18.426937 -0.010731814 2.3656346e-16)
(18.465013 -0.010743995 2.3839204e-16)
(18.502857 -0.010754975 2.4018885e-16)
(18.540469 -0.010764786 2.41918e-16)
(18.577852 -0.01077346 2.4366596e-16)
(18.615009 -0.010781026 2.4533209e-16)
(18.651941 -0.010787518 2.4711048e-16)
(18.688651 -0.010792963 2.4887889e-16)
(18.72514 -0.010797392 2.5058716e-16)
(18.76141 -0.010800833 2.5240022e-16)
(18.797464 -0.010803314 2.5428204e-16)
(18.833303 -0.010804864 2.5613231e-16)
(18.86893 -0.010805509 2.5789395e-16)
(18.904345 -0.010805275 2.5968857e-16)
(18.939552 -0.010804187 2.6133058e-16)
(18.974552 -0.010802272 2.6304139e-16)
(19.009346 -0.01079955 2.6475671e-16)
(19.043937 -0.010796045 2.6651927e-16)
(19.078326 -0.010791775 2.6820802e-16)
(19.112516 -0.010786754 2.7006483e-16)
(19.146507 -0.010780987 2.7173418e-16)
(19.180301 -0.010774466 2.7337266e-16)
(19.213901 -0.010767157 2.7512927e-16)
(19.247307 -0.010758979 2.7682659e-16)
(19.28052 -0.010749767 2.7854974e-16)
(19.313543 -0.010739206 2.8025624e-16)
(19.346376 -0.010726701 2.8200978e-16)
(19.379017 -0.010711156 2.8370434e-16)
(19.411465 -0.0106906 2.8541778e-16)
(19.443716 -0.010661288 2.8705852e-16)
(19.475755 -0.010617261 2.8871154e-16)
(19.507582 -0.010544304 2.9040549e-16)
(19.539061 -0.010432767 2.9214096e-16)
(19.570508 -0.010197931 2.9383591e-16)
(19.599755 -0.0099836653 2.9547627e-16)
(19.632832 -0.0087906485 2.9723843e-16)
(5.1230162 -0.19306558 2.3806742e-19)
(5.3802308 -0.22344506 3.8416141e-19)
(5.6355508 -0.21357133 -3.4445693e-18)
(5.8745278 -0.19559684 -5.7832983e-18)
(6.1082073 -0.16874296 -1.4371734e-18)
(6.3322841 -0.13870095 1.9968712e-18)
(6.5441967 -0.10961796 6.7263828e-18)
(6.744691 -0.083019574 1.0851984e-17)
(6.9348919 -0.059583411 5.9421211e-18)
(7.115958 -0.039555097 6.2241185e-18)
(7.2891398 -0.022844985 6.3145906e-18)
(7.4556304 -0.0091700666 1.9230669e-18)
(7.6164703 0.0018442225 2.3054237e-18)
(7.7725655 0.010599854 2.6952257e-18)
(7.9248845 0.017433349 2.9969497e-18)
(8.0738338 0.022602341 3.2596237e-18)
(8.219755 0.02637318 3.4918086e-18)
(8.3629515 0.02901149 3.8227022e-18)
(8.5036651 0.030744309 4.0583238e-18)
(8.6420859 0.031755689 4.4811048e-18)
(8.7783637 0.032194885 4.8371283e-18)
(8.9126174 0.032182602 5.1357936e-18)
(9.0449427 0.031815828 -2.2562748e-19)
(9.1754186 0.031171702 2.3445925e-19)
(9.3041124 0.030311197 6.2333218e-18)
(9.4310828 0.029285911 6.4453624e-18)
(9.5563805 0.028138896 6.7915816e-18)
(9.6800506 0.026902958 7.247978e-18)
(9.8021352 0.02560381 7.6392531e-18)
(9.9226732 0.024262092 8.0733859e-18)
(10.041701 0.022894535 8.3966749e-18)
(10.159252 0.021514753 8.7507347e-18)
(10.275358 0.020133841 8.9963133e-18)
(10.390052 0.018760821 9.3518145e-18)
(10.503361 0.01740301 9.654006e-18)
(10.615315 0.016066302 1.0032425e-17)
(10.72594 0.014755408 1.034072e-17)
(10.835263 0.013474062 1.0670023e-17)
(10.943308 0.012225188 1.1016705e-17)
(11.050101 0.011011072 1.1387912e-17)
(11.155663 0.009833476 1.1768039e-17)
(11.260019 0.0086939338 1.211877e-17)
(11.363194 0.0075922613 1.2504713e-17)
(11.465244 0.0065244927 1.2892694e-17)
(11.566188 0.0054878592 1.3201654e-17)
(11.666041 0.0044823474 1.3612008e-17)
(11.764818 0.0035087885 1.3958338e-17)
(11.862537 0.0025679473 1.4324206e-17)
(11.959214 0.0016603479 1.4700333e-17)
(12.054864 0.00078624121 1.5046666e-17)
(12.149505 -5.4388106e-05 1.5443186e-17)
(12.24315 -0.00086178678 1.5718983e-17)
(12.335815 -0.0016363913 1.6153973e-17)
(12.427515 -0.0023787877 1.649002e-17)
(12.518262 -0.0030896746 1.6879893e-17)
(12.60807 -0.0037698294 2.7892833e-17)
(12.696954 -0.0044200747 2.8726378e-17)
(12.784925 -0.0050412355 1.8729969e-17)
(12.871996 -0.0056341341 1.8842685e-17)
(12.958174 -0.0061996672 1.9353498e-17)
(13.043467 -0.0067389814 1.9722647e-17)
(13.127887 -0.0072533371 2.0025005e-17)
(13.211446 -0.0077438347 2.0347929e-17)
(13.294158 -0.0082114994 2.0660768e-17)
(13.376032 -0.0086573117 2.1122319e-17)
(13.457081 -0.0090822106 2.1606471e-17)
(13.537315 -0.0094870987 2.2131949e-17)
(13.616747 -0.0098728475 2.2686919e-17)
(13.695386 -0.010240299 2.3242008e-17)
(13.773243 -0.01059027 2.3728137e-17)
(13.850328 -0.010923549 2.4241418e-17)
(13.926653 -0.011240901 2.4701137e-17)
(14.002226 -0.011543066 2.5155318e-17)
(14.077058 -0.01183076 2.5613312e-17)
(14.151158 -0.012104674 2.6091432e-17)
(14.224537 -0.012365475 2.6608259e-17)
(14.297203 -0.012613807 2.7038034e-17)
(14.369166 -0.01285029 2.7462367e-17)
(14.440435 -0.013075522 2.7927735e-17)
(14.511019 -0.013290074 2.8376012e-17)
(14.580926 -0.013494498 4.1817658e-17)
(14.650165 -0.013689323 4.2146125e-17)
(14.718745 -0.013875054 2.9521579e-17)
(14.786674 -0.014052176 2.9957575e-17)
(14.853961 -0.014221153 3.0506014e-17)
(14.920612 -0.014382427 3.1175832e-17)
(14.986637 -0.014536422 3.182833e-17)
(15.052043 -0.01468354 3.2456645e-17)
(15.116837 -0.014824167 3.2996383e-17)
(15.181028 -0.014958667 3.3542094e-17)
(15.244622 -0.015087389 3.4054695e-17)
(15.307628 -0.015210664 3.4596276e-17)
(15.370051 -0.015328806 3.5201176e-17)
(15.4319 -0.015442113 3.5701908e-17)
(15.49318 -0.015550869 3.6220128e-17)
(15.5539 -0.015655342 3.6742064e-17)
(15.614066 -0.015755784 3.7242564e-17)
(15.673683 -0.015852438 3.7746815e-17)
(15.73276 -0.015945528 3.8298171e-17)
(15.791301 -0.016035271 3.8757425e-17)
(15.849314 -0.016121868 3.923873e-17)
(15.906805 -0.016205511 3.9721547e-17)
(15.96378 -0.016286379 4.0174036e-17)
(16.020244 -0.016364642 4.0698535e-17)
(16.076203 -0.016440459 4.1199507e-17)
(16.131665 -0.01651398 4.1733729e-17)
(16.186633 -0.016585346 4.2258056e-17)
(16.241114 -0.016654689 4.2801957e-17)
(16.295113 -0.016722133 4.3356338e-17)
(16.348636 -0.016787794 4.3866918e-17)
(16.401688 -0.016851781 4.437673e-17)
(16.454275 -0.016914195 4.4903837e-17)
(16.5064 -0.01697513 4.5416629e-17)
(16.558071 -0.017034676 4.5948945e-17)
(16.609291 -0.017092915 4.6561529e-17)
(16.660066 -0.017149923 4.7191201e-17)
(16.7104 -0.017205772 4.7763749e-17)
(16.760298 -0.017260528 4.8420808e-17)
(16.809765 -0.017314253 4.9036511e-17)
(16.858806 -0.017367003 4.9662535e-17)
(16.907425 -0.01741883 5.0258533e-17)
(16.955627 -0.017469784 5.0829061e-17)
(17.003416 -0.017519909 5.141221e-17)
(17.050797 -0.017569246 5.2012426e-17)
(17.097773 -0.017617833 5.2558208e-17)
(17.144349 -0.017665704 5.3103249e-17)
(17.19053 -0.01771289 5.3643094e-17)
(17.236319 -0.017759421 5.4197811e-17)
(17.281721 -0.017805323 5.4774051e-17)
(17.326739 -0.017850619 5.5367317e-17)
(17.371377 -0.017895331 5.5995357e-17)
(17.41564 -0.017939477 5.6562594e-17)
(17.459531 -0.017983076 5.7151285e-17)
(17.503053 -0.018026142 5.7761388e-17)
(17.546212 -0.018068689 5.8359619e-17)
(17.58901 -0.018110729 5.8968154e-17)
(17.63145 -0.018152272 5.9553786e-17)
(17.673538 -0.018193328 6.0171844e-17)
(17.715275 -0.018233904 6.0782494e-17)
(17.756666 -0.018274007 6.1412248e-17)
(17.797714 -0.018313642 6.2016953e-17)
(17.838422 -0.018352815 6.2625324e-17)
(17.878794 -0.018391528 6.3224143e-17)
(17.918833 -0.018429784 6.3837646e-17)
(17.958542 -0.018467585 6.4446013e-17)
(17.997924 -0.018504932 6.5058051e-17)
(18.036984 -0.018541826 6.5691326e-17)
(18.075722 -0.018578267 6.6317269e-17)
(18.114144 -0.018614254 6.6953444e-17)
(18.152252 -0.018649787 6.7560391e-17)
(18.190048 -0.018684863 6.8166644e-17)
(18.227537 -0.018719481 6.8802846e-17)
(18.26472 -0.01875364 6.9462377e-17)
(18.301601 -0.018787335 7.006653e-17)
(18.338182 -0.018820566 7.0700587e-17)
(18.374467 -0.018853328 7.1314303e-17)
(18.410458 -0.018885619 7.1984043e-17)
(18.446158 -0.018917436 7.2629074e-17)
(18.48157 -0.018948775 7.3288647e-17)
(18.516695 -0.018979633 7.3938801e-17)
(18.551538 -0.019010006 7.4592609e-17)
(18.586101 -0.019039892 7.5256587e-17)
(18.620385 -0.019069285 7.5909005e-17)
(18.654395 -0.019098184 7.6569422e-17)
(18.688131 -0.019126584 7.7263851e-17)
(18.721598 -0.019154482 7.7935882e-17)
(18.754797 -0.019181874 7.8602893e-17)
(18.78773 -0.019208759 7.925624e-17)
(18.820401 -0.019235131 7.9895958e-17)
(18.852811 -0.019260989 8.0548015e-17)
(18.884963 -0.019286329 8.1199432e-17)
(18.916859 -0.019311149 8.1867483e-17)
(18.948502 -0.019335446 8.250037e-17)
(18.979894 -0.019359217 8.3162839e-17)
(19.011036 -0.01938246 8.3811751e-17)
(19.041932 -0.019405174 8.4451443e-17)
(19.072584 -0.019427355 8.5107756e-17)
(19.102993 -0.019449001 8.5772065e-17)
(19.133162 -0.019470111 8.6431463e-17)
(19.163093 -0.019490682 8.7073082e-17)
(19.192788 -0.01951071 8.7714128e-17)
(19.222249 -0.019530191 8.8380347e-17)
(19.251478 -0.019549118 8.9045974e-17)
(19.280478 -0.019567479 8.9672454e-17)
(19.30925 -0.019585253 9.0306965e-17)
(19.337796 -0.019602402 9.0979453e-17)
(19.366118 -0.019618858 9.1625703e-17)
(19.394219 -0.0196345 9.2275687e-17)
(19.422099 -0.019649104 9.2920862e-17)
(19.449761 -0.019662261 9.3535628e-17)
(19.477205 -0.019673228 9.4205379e-17)
(19.504434 -0.019680627 9.48746e-17)
(19.531448 -0.019681974 9.5551834e-17)
(19.558245 -0.019672403 9.6173218e-17)
(19.584821 -0.019643946 9.6789981e-17)
(19.611182 -0.019575506 9.7440554e-17)
(19.637245 -0.019451922 9.8065445e-17)
(19.663237 -0.019110591 9.8674185e-17)
(19.687615 -0.018800133 9.9333089e-17)
(19.714428 -0.016112716 1.0000792e-16)
(5.2347904 -0.31074562 3.4408276e-20)
(5.6218931 -0.29779988 -6.4844675e-20)
(5.9082691 -0.26368288 2.3685705e-20)
(6.1634303 -0.23308372 -5.6939574e-20)
(6.413424 -0.19646177 4.5846824e-20)
(6.6496487 -0.16031301 8.0786586e-20)
(6.8715152 -0.12795309 6.9679218e-20)
(7.0813972 -0.099901317 8.1725625e-20)
(7.280821 -0.076223732 2.4036957e-19)
(7.4711693 -0.05671922 2.8233171e-19)
(7.6538597 -0.040963157 3.4783975e-19)
(7.8301537 -0.028436337 4.3543807e-19)
(8.0010834 -0.018606497 5.3619678e-19)
(8.1674462 -0.010968983 6.751047e-19)
(8.3295707 -0.0051018134 7.4850414e-19)
(8.4879421 -0.00067791798 8.6328907e-19)
(8.6430164 0.002588802 1.0010385e-18)
(8.7950912 0.0049295586 1.1321587e-18)
(8.9443623 0.0065405748 1.2695238e-18)
(9.0909817 0.0075841318 1.3752498e-18)
(9.2350729 0.0081885407 1.4805288e-18)
(9.376737 0.0084538333 1.626144e-18)
(9.5160586 0.0084579959 1.7493538e-18)
(9.6531105 0.0082629157 1.8548154e-18)
(9.7879628 0.0079180167 2.0202706e-18)
(9.9206816 0.0074558323 2.1807171e-18)
(10.051319 0.0068993762 2.3340173e-18)
(10.17992 0.0062702875 2.4467832e-18)
(10.30653 0.0055867575 2.6009538e-18)
(10.431192 0.0048634016 2.7652574e-18)
(10.553947 0.0041119724 2.8948384e-18)
(10.674836 0.0033419356 3.0726751e-18)
(10.793894 0.0025609151 3.2737545e-18)
(10.911159 0.0017750543 3.4371907e-18)
(11.026665 0.00098930234 3.6153198e-18)
(11.140444 0.00020764104 3.8037025e-18)
(11.252528 -0.00056673372 3.9374202e-18)
(11.362948 -0.0013312624 4.0924912e-18)
(11.471734 -0.0020838955 4.2156707e-18)
(11.578913 -0.0028229743 4.4188979e-18)
(11.684513 -0.0035471244 4.5427956e-18)
(11.788561 -0.0042550891 4.7236945e-18)
(11.891079 -0.0049456217 4.9001494e-18)
(11.992055 -0.0056189085 5.0953804e-18)
(12.091516 -0.0062773897 5.233649e-18)
(12.189488 -0.0069218871 -1.4985515e-18)
(12.285999 -0.0075522793 -7.6064305e-19)
(12.381072 -0.0081681931 6.9119244e-18)
(12.474733 -0.0087692103 7.0404974e-18)
(12.567004 -0.0093549667 6.9321911e-18)
(12.657909 -0.0099252083 6.7387007e-18)
(12.74747 -0.010479807 6.6467524e-18)
(12.835709 -0.01101875 6.6386858e-18)
(12.922648 -0.011542127 6.7692493e-18)
(13.008306 -0.012050107 6.9884027e-18)
(13.092706 -0.012542921 7.2779706e-18)
(13.175866 -0.01302084 7.5865943e-18)
(13.257807 -0.013484171 7.8666387e-18)
(13.338547 -0.013933147 8.1260575e-18)
(13.418106 -0.014367839 8.3905881e-18)
(13.496501 -0.014788432 8.6588637e-18)
(13.57375 -0.015195405 8.9008679e-18)
(13.649871 -0.015589367 9.1235122e-18)
(13.724882 -0.015970912 9.3050787e-18)
(13.798798 -0.016340589 9.5314074e-18)
(13.871637 -0.016698894 9.7616039e-18)
(13.943414 -0.017046272 9.9467831e-18)
(14.014146 -0.017383124 1.0130492e-17)
(14.083848 -0.017709812 1.0307319e-17)
(14.152535 -0.018026667 1.0504147e-17)
(14.220222 -0.018333994 1.0691849e-17)
(14.286924 -0.018632074 1.0900867e-17)
(14.352656 -0.018921171 1.1070589e-17)
(14.417431 -0.019201535 1.1245454e-17)
(14.481263 -0.019473398 1.142878e-17)
(14.544167 -0.019736983 1.1594317e-17)
(14.606154 -0.019992502 1.182718e-17)
(14.66724 -0.020240155 1.204897e-17)
(14.727435 -0.020480135 1.2303334e-17)
(14.786754 -0.020712626 1.2565447e-17)
(14.845209 -0.020937807 1.2808623e-17)
(14.902811 -0.021155846 1.3097529e-17)
(14.959574 -0.021366906 1.3306773e-17)
(15.015508 -0.021571146 1.355102e-17)
(15.070626 -0.021768715 1.378447e-17)
(15.124938 -0.021959761 1.4021885e-17)
(15.178457 -0.022144422 1.4241843e-17)
(15.231192 -0.022322836 1.4487196e-17)
(15.283156 -0.022495133 1.4780647e-17)
(15.334359 -0.02266144 1.504861e-17)
(15.38481 -0.022821879 1.526842e-17)
(15.434522 -0.022976569 1.5541642e-17)
(15.483503 -0.023125625 1.578545e-17)
(15.531764 -0.023269158 1.6005228e-17)
(15.579315 -0.023407277 1.6227549e-17)
(15.626165 -0.023540087 1.6471486e-17)
(15.672324 -0.02366769 1.6709957e-17)
(15.717801 -0.023790186 1.6924464e-17)
(15.762606 -0.023907671 1.7136216e-17)
(15.806747 -0.024020241 1.7369556e-17)
(15.850234 -0.024127987 1.7584171e-17)
(15.893075 -0.024231 1.7846596e-17)
(15.935279 -0.024329367 1.8109159e-17)
(15.976855 -0.024423176 1.8387695e-17)
(16.017811 -0.02451251 1.8623841e-17)
(16.058156 -0.024597453 1.8881066e-17)
(16.097896 -0.024678084 1.9180938e-17)
(16.137042 -0.024754485 1.94649e-17)
(16.175599 -0.024826734 1.9725111e-17)
(16.213577 -0.024894906 2.001436e-17)
(16.250983 -0.024959079 2.0317021e-17)
(16.287824 -0.025019326 2.0603808e-17)
(16.324108 -0.02507572 2.0890746e-17)
(16.359842 -0.025128334 2.1159087e-17)
(16.395033 -0.025177238 2.1451264e-17)
(16.429689 -0.025222504 2.1743601e-17)
(16.463817 -0.025264199 2.202806e-17)
(16.497423 -0.025302393 2.2283544e-17)
(16.530514 -0.025337151 2.2594568e-17)
(16.563098 -0.025368542 2.285809e-17)
(16.59518 -0.02539663 2.317731e-17)
(16.626767 -0.025421479 2.343316e-17)
(16.657866 -0.025443155 2.3747189e-17)
(16.688483 -0.025461719 2.4069331e-17)
(16.718624 -0.025477235 2.4375692e-17)
(16.748296 -0.025489763 2.4692813e-17)
(16.777504 -0.025499366 2.4980796e-17)
(16.806254 -0.025506102 2.5287484e-17)
(16.834553 -0.025510032 2.557842e-17)
(16.862406 -0.025511213 2.583252e-17)
(16.889819 -0.025509705 2.6136865e-17)
(16.916797 -0.025505564 2.6417605e-17)
(16.943347 -0.025498846 2.6714345e-17)
(16.969473 -0.025489609 2.7011279e-17)
(16.995182 -0.025477906 2.7337312e-17)
(17.020478 -0.025463794 2.7629178e-17)
(17.045367 -0.025447324 2.7950322e-17)
(17.069854 -0.025428551 2.8271554e-17)
(17.093944 -0.025407528 2.8569148e-17)
(17.117642 -0.025384305 2.8874775e-17)
(17.140954 -0.025358934 2.9164752e-17)
(17.163884 -0.025331467 2.9476032e-17)
(17.186437 -0.025301951 2.973995e-17)
(17.208618 -0.025270438 3.0059439e-17)
(17.230432 -0.025236975 3.0355356e-17)
(17.251883 -0.02520161 3.0640915e-17)
(17.272976 -0.02516439 3.0947745e-17)
(17.293716 -0.025125361 3.1241495e-17)
(17.314107 -0.025084571 3.1519606e-17)
(17.334154 -0.025042063 3.1826968e-17)
(17.35386 -0.024997883 3.2134549e-17)
(17.373231 -0.024952074 3.2473959e-17)
(17.39227 -0.024904679 3.2742226e-17)
(17.410982 -0.024855742 3.3066223e-17)
(17.429371 -0.024805304 3.3356012e-17)
(17.447441 -0.024753406 3.3627456e-17)
(17.465196 -0.024700089 3.3907054e-17)
(17.482641 -0.024645393 3.4202709e-17)
(17.499778 -0.024589357 3.448008e-17)
(17.516613 -0.024532021 3.4791968e-17)
(17.533148 -0.024473422 3.5085575e-17)
(17.549388 -0.024413598 3.5384697e-17)
(17.565337 -0.024352587 3.5686643e-17)
(17.580998 -0.024290423 3.5964989e-17)
(17.596374 -0.024227144 3.6248806e-17)
(17.61147 -0.024162784 3.6554019e-17)
(17.62629 -0.024097377 3.6872673e-17)
(17.640835 -0.024030959 3.7114819e-17)
(17.655111 -0.023963562 3.7436525e-17)
(17.669121 -0.02389522 3.7708178e-17)
(17.682867 -0.023825965 3.8009177e-17)
(17.696354 -0.023755828 3.8323613e-17)
(17.709584 -0.023684841 3.8601186e-17)
(17.722561 -0.023613035 3.8884284e-17)
(17.735288 -0.02354044 3.9194085e-17)
(17.747769 -0.023467086 3.9467036e-17)
(17.760005 -0.023393002 3.9726931e-17)
(17.772002 -0.023318217 4.0034745e-17)
(17.783761 -0.023242757 4.0350747e-17)
(17.795286 -0.023166651 4.0627211e-17)
(17.806579 -0.023089924 4.0927743e-17)
(17.817644 -0.023012599 4.1225861e-17)
(17.828483 -0.0229347 4.1532161e-17)
(17.8391 -0.022856241 4.1841352e-17)
(17.849497 -0.022777234 4.2142804e-17)
(17.859678 -0.022697674 4.2404698e-17)
(17.869644 -0.022617534 4.2701311e-17)
(17.879399 -0.022536743 4.3011419e-17)
(17.888945 -0.022455156 4.3281947e-17)
(17.898286 -0.022372481 4.3576591e-17)
(17.907423 -0.022288175 4.3852884e-17)
(17.916362 -0.022201212 4.4158621e-17)
(17.925104 -0.022109761 4.4459283e-17)
(17.933656 -0.022010208 4.4765518e-17)
(17.942023 -0.02189736 4.5056053e-17)
(17.950221 -0.021755304 4.5349471e-17)
(17.958257 -0.021588099 4.5651042e-17)
(17.966224 -0.021244024 4.5942622e-17)
(17.973942 -0.02116216 4.6234801e-17)
(17.980889 -0.01838074 4.6533869e-17)
(5.3533156 -0.37060167 4.571214e-19)
(5.8593634 -0.27513197 -8.6260738e-19)
(6.1330163 -0.21691139 -2.6157425e-18)
(6.3748741 -0.18043328 -1.1147642e-18)
(6.615859 -0.14433539 1.0782797e-18)
(6.8411727 -0.11232176 1.1896573e-18)
(7.0525407 -0.085237825 -7.923295e-19)
(7.2534653 -0.062739414 -2.6548647e-18)
(7.4454568 -0.044658269 -9.56797e-20)
(7.6296793 -0.030658919 -3.6068936e-19)
(7.807209 -0.020214898 -3.9992343e-19)
(7.978893 -0.012717987 2.0935079e-18)
(8.1453554 -0.0075619676 2.0915925e-18)
(8.3070359 -0.0041939722 -4.7512615e-19)
(8.4642356 -0.0021382381 -3.3710783e-19)
(8.617177 -0.0010164387 2.3789245e-18)
(8.7660003 -0.00056883642 -3.0313996e-19)
(8.9108423 -0.00062096037 -1.384696e-19)
(9.051821 -0.0010343208 2.6666718e-18)
(9.1890307 -0.0016981806 -2.0870355e-19)
(9.3225535 -0.0025297189 -1.2459462e-19)
(9.4524668 -0.0034685816 2.8775695e-18)
(9.5788466 -0.0044708294 3.0935272e-18)
(9.7017686 -0.0055035267 3.1872098e-18)
(9.8213054 -0.0065410436 3.1446044e-18)
(9.9375295 -0.0075694662 3.0628214e-18)
(10.050521 -0.008583715 3.0097074e-18)
(10.160362 -0.0095767879 3.0485608e-18)
(10.267131 -0.010542198 3.0883478e-18)
(10.370908 -0.011475009 3.0745483e-18)
(10.471769 -0.012371646 3.079849e-18)
(10.569791 -0.013229647 3.1193598e-18)
(10.665049 -0.014047452 3.1325172e-18)
(10.757616 -0.014824204 3.2574974e-18)
(10.847564 -0.015559588 3.3651946e-18)
(10.934963 -0.016253708 3.3913957e-18)
(11.01988 -0.016906985 3.4311726e-18)
(11.102383 -0.017520083 3.4753189e-18)
(11.182536 -0.018093841 3.5360425e-18)
(11.260401 -0.018629224 3.6794543e-18)
(11.33604 -0.01912725 3.8159348e-18)
(11.409513 -0.019589114 3.8784207e-18)
(11.480875 -0.020014785 3.9300155e-18)
(11.550182 -0.020403627 4.0255949e-18)
(11.61749 -0.020756978 4.0960546e-18)
(11.682851 -0.021077672 9.7983877e-18)
(11.746316 -0.02136842 9.4437279e-18)
(11.807934 -0.021631492 3.7423409e-18)
(11.867754 -0.021868764 4.0404615e-18)
(11.92582 -0.022081807 4.1641503e-18)
(11.982179 -0.022271985 4.3186348e-18)
(12.036873 -0.022440516 4.5486885e-18)
(12.089945 -0.022588521 4.7720259e-18)
(12.141436 -0.022717048 4.89404e-18)
(12.191385 -0.022827092 4.9919779e-18)
(12.239833 -0.022919605 5.1493234e-18)
(12.286815 -0.022995502 5.2602001e-18)
(12.33237 -0.023055682 5.2837494e-18)
(12.376532 -0.023101042 5.3483632e-18)
(12.419337 -0.023132436 5.4724963e-18)
(12.460817 -0.023150629 5.5847544e-18)
(12.501006 -0.023156368 5.7096547e-18)
(12.539935 -0.023150383 5.8206235e-18)
(12.577636 -0.023133371 5.9524511e-18)
(12.614139 -0.023105992 6.0887921e-18)
(12.649473 -0.023068877 6.2378698e-18)
(12.683666 -0.023022626 6.3853459e-18)
(12.716747 -0.022967817 6.5127177e-18)
(12.748742 -0.022904997 6.6178718e-18)
(12.779678 -0.022834694 6.7151618e-18)
(12.80958 -0.022757408 6.8458026e-18)
(12.838474 -0.022673619 7.0780163e-18)
(12.866383 -0.022583785 7.2943481e-18)
(12.893331 -0.022488341 7.3582211e-18)
(12.919341 -0.022387701 7.476226e-18)
(12.944436 -0.022282261 7.6754979e-18)
(12.968638 -0.022172397 7.9148039e-18)
(12.991968 -0.022058463 8.0217991e-18)
(13.014446 -0.021940798 8.1291769e-18)
(13.036093 -0.021819723 8.3660946e-18)
(13.05693 -0.021695541 8.7017414e-18)
(13.076974 -0.021568538 8.8879761e-18)
(13.096245 -0.021438988 8.9556065e-18)
(13.114762 -0.021307145 9.0444536e-18)
(13.132542 -0.021173252 9.1294396e-18)
(13.149603 -0.021037537 9.2168435e-18)
(13.165961 -0.020900215 9.3129769e-18)
(13.181633 -0.020761488 9.4178714e-18)
(13.196637 -0.020621547 9.5357737e-18)
(13.210986 -0.020480571 9.6519623e-18)
(13.224698 -0.020338728 9.7643149e-18)
(13.237786 -0.020196174 9.8495385e-18)
(13.250267 -0.020053058 9.9424791e-18)
(13.262153 -0.019909518 1.0030435e-17)
(13.27346 -0.019765682 1.015269e-17)
(13.2842 -0.019621671 1.0250873e-17)
(13.294388 -0.019477599 1.0485742e-17)
(13.304037 -0.019333569 1.0729854e-17)
(13.313158 -0.01918968 1.0845437e-17)
(13.321766 -0.019046021 1.1105815e-17)
(13.329871 -0.018902677 1.1351976e-17)
(13.337487 -0.018759727 1.1573127e-17)
(13.344624 -0.018617242 1.1797094e-17)
(13.351294 -0.018475288 1.2000215e-17)
(13.357508 -0.018333928 1.2200717e-17)
(13.363277 -0.018193218 1.2394269e-17)
(13.368612 -0.01805321 1.260245e-17)
(13.373523 -0.017913951 1.2809088e-17)
(13.37802 -0.017775484 1.2994666e-17)
(13.382113 -0.01763785 1.3172113e-17)
(13.385812 -0.017501084 1.3309868e-17)
(13.389126 -0.017365218 1.3480687e-17)
(13.392065 -0.017230282 1.3793728e-17)
(13.394638 -0.017096302 1.3926454e-17)
(13.396853 -0.016963302 1.4087992e-17)
(13.39872 -0.016831302 1.4253281e-17)
(13.400246 -0.016700321 1.4399306e-17)
(13.401441 -0.016570374 1.4552336e-17)
(13.402311 -0.016441475 1.4722297e-17)
(13.402866 -0.016313637 1.4866304e-17)
(13.403113 -0.016186869 1.5022845e-17)
(13.403059 -0.016061178 1.5185345e-17)
(13.402712 -0.015936573 1.5318424e-17)
(13.402079 -0.015813056 1.5477347e-17)
(13.401167 -0.015690633 1.5636704e-17)
(13.399983 -0.015569305 1.5762044e-17)
(13.398535 -0.015449073 1.5919987e-17)
(13.396828 -0.015329938 1.6028199e-17)
(13.394869 -0.015211897 1.6125521e-17)
(13.392665 -0.015094949 1.6237614e-17)
(13.390221 -0.01497909 1.6365658e-17)
(13.387544 -0.014864318 1.6526538e-17)
(13.38464 -0.014750627 1.6670993e-17)
(13.381515 -0.014638011 1.6809068e-17)
(13.378174 -0.014526466 1.694974e-17)
(13.374622 -0.014415985 1.7105422e-17)
(13.370866 -0.01430656 1.7254718e-17)
(13.36691 -0.014198184 1.75763e-17)
(13.36276 -0.014090849 1.7859108e-17)
(13.358422 -0.013984548 1.8102966e-17)
(13.353899 -0.013879271 1.8192963e-17)
(13.349196 -0.013775009 1.8296796e-17)
(13.34432 -0.013671754 1.8401989e-17)
(13.339273 -0.013569496 1.8498277e-17)
(13.334062 -0.013468225 1.8629037e-17)
(13.328689 -0.013367932 1.8749791e-17)
(13.323161 -0.013268607 1.9007169e-17)
(13.31748 -0.013170239 1.9252574e-17)
(13.311651 -0.013072819 1.929863e-17)
(13.305679 -0.012976337 1.9388456e-17)
(13.299567 -0.012880781 1.9455393e-17)
(13.293319 -0.012786143 1.9569743e-17)
(13.286939 -0.01269241 1.9676229e-17)
(13.28043 -0.012599574 1.9793334e-17)
(13.273798 -0.012507624 2.0064827e-17)
(13.267044 -0.01241655 2.0317251e-17)
(13.260172 -0.012326341 2.0424988e-17)
(13.253187 -0.012236987 2.0509639e-17)
(13.246091 -0.012148478 2.0586258e-17)
(13.238887 -0.012060804 2.070617e-17)
(13.231579 -0.011973956 2.0823966e-17)
(13.22417 -0.011887922 2.094783e-17)
(13.216663 -0.011802694 2.1204377e-17)
(13.209062 -0.011718262 2.1479126e-17)
(13.201368 -0.011634616 2.176627e-17)
(13.193585 -0.011551748 2.1852813e-17)
(13.185715 -0.011469646 2.1922969e-17)
(13.177762 -0.011388304 2.1961327e-17)
(13.169728 -0.011307711 2.2028028e-17)
(13.161616 -0.011227859 2.212319e-17)
(13.153428 -0.011148739 2.2225594e-17)
(13.145167 -0.011070343 2.2482422e-17)
(13.136835 -0.010992662 2.2727932e-17)
(13.128435 -0.010915689 2.2825232e-17)
(13.119969 -0.010839415 2.2926235e-17)
(13.111439 -0.010763832 2.3016637e-17)
(13.102848 -0.010688932 2.3145377e-17)
(13.094197 -0.010614709 2.3343711e-17)
(13.08549 -0.010541153 2.3520873e-17)
(13.076727 -0.010468258 2.3837507e-17)
(13.067911 -0.010396016 2.4141626e-17)
(13.059044 -0.010324419 2.4278032e-17)
(13.050129 -0.010253456 2.4424286e-17)
(13.041166 -0.010183117 2.4643126e-17)
(13.032158 -0.010113389 2.4823755e-17)
(13.023106 -0.010044249 2.4984154e-17)
(13.014013 -0.0099756681 2.5125452e-17)
(13.00488 -0.0099075931 2.5409991e-17)
(12.995709 -0.0098399358 2.5675693e-17)
(12.986502 -0.009772541 2.5978381e-17)
(12.977262 -0.0097051343 2.610526e-17)
(12.96799 -0.0096372214 2.6251799e-17)
(12.95869 -0.0095679857 2.6361958e-17)
(12.949368 -0.0094958058 2.6514986e-17)
(12.940029 -0.0094195381 2.667924e-17)
(12.930683 -0.0093318357 2.6851101e-17)
(12.92136 -0.0092579498 2.7168378e-17)
(12.911962 -0.0091120793 2.7460022e-17)
(12.903154 -0.0094094633 2.7587437e-17)
(12.890523 -0.0087962545 2.75849e-17)
(5.3665374 -0.35950079 1.6607204e-18)
(5.8847494 -0.24362919 3.4691418e-18)
(6.0189273 -0.19651316 2.7861043e-18)
(6.1225089 -0.1701763 2.4952521e-18)
(6.2313131 -0.14468912 -3.0965643e-19)
(6.3280495 -0.12154974 -3.6589151e-18)
(6.4183632 -0.10060839 -8.3624664e-19)
(6.5074201 -0.081966951 2.7100872e-18)
(6.5963869 -0.06599236 -9.5068977e-19)
(6.6852582 -0.052806452 -4.6857066e-19)
(6.7736003 -0.042279827 -9.8506535e-19)
(6.8607259 -0.034119316 -4.7431875e-18)
(6.945907 -0.027947954 -5.3156507e-18)
(7.0284962 -0.023376573 -1.1716107e-18)
(7.1079881 -0.020040061 -2.8968509e-19)
(7.1840486 -0.017626192 -5.1008471e-18)
(7.256489 -0.015890605 -1.2713304e-19)
(7.3252282 -0.014646524 2.2442237e-19)
(7.3902565 -0.013754162 -4.2438096e-18)
(7.4516138 -0.013109262 9.8563301e-19)
(7.509378 -0.012635245 3.3787032e-19)
(7.563655 -0.012277021 -4.705196e-18)
(7.6145695 -0.011995682 1.3720184e-18)
(7.6622572 -0.011764704 1.3309658e-18)
(7.706856 -0.011566994 -4.2289259e-18)
(7.7485061 -0.011390111 -4.0480923e-18)
(7.7873507 -0.011224969 -2.1018599e-18)
(7.8235296 -0.011066651 2.5830417e-18)
(7.8571769 -0.010912038 4.190521e-19)
(7.8884212 -0.010759196 -4.2049692e-18)
(7.9173862 -0.010606967 -3.5840054e-18)
(7.9441902 -0.0104547 -3.2492637e-18)
(7.9689462 -0.010302087 -2.9284223e-18)
(7.9917619 -0.010149032 3.2526101e-18)
(8.0127401 -0.0099955766 3.1923452e-18)
(8.0319786 -0.009841838 -2.7287311e-18)
(8.0495704 -0.0096879789 -2.7477204e-18)
(8.0656037 -0.0095341814 -2.6160444e-18)
(8.0801626 -0.0093806321 -1.7384602e-18)
(8.0933269 -0.0092275158 5.1221888e-18)
(8.1051725 -0.0090750165 4.9857185e-18)
(8.115771 -0.0089234815 -1.3900486e-18)
(8.1251896 -0.0087734907 -1.1539364e-18)
(8.1334919 -0.0086250375 -1.940638e-18)
(8.1407401 -0.0084780702 -2.9328916e-18)
(8.1469935 -0.0083330243 5.7613345e-18)
(8.1523079 -0.008190162 7.4584352e-18)
(8.1567358 -0.0080495379 -5.4268459e-20)
(8.1603264 -0.0079111077 -5.5991383e-19)
(8.1631263 -0.0077747929 -5.383609e-19)
(8.1651796 -0.0076405186 -1.4723379e-19)
(8.1665279 -0.0075082308 2.2459374e-19)
(8.1672106 -0.0073779007 4.4502417e-19)
(8.1672648 -0.0072495224 6.0519394e-19)
(8.1667259 -0.0071231073 7.7244293e-19)
(8.1656271 -0.0069986787 7.8397754e-18)
(8.1640001 -0.0068762676 7.4835708e-18)
(8.1618747 -0.0067559155 -2.204576e-19)
(8.1592789 -0.0066376743 -6.4152068e-20)
(8.1562394 -0.0065215652 7.6883085e-19)
(8.1527812 -0.0064075654 -2.5137168e-19)
(8.1489281 -0.0062956677 5.4579434e-19)
(8.1447026 -0.0061859012 2.5865922e-18)
(8.140126 -0.0060783077 2.2183319e-18)
(8.1352181 -0.0059729289 2.1218147e-18)
(8.1299981 -0.0058698015 2.3049937e-18)
(8.1244836 -0.0057689533 2.5263244e-18)
(8.1186915 -0.0056704024 2.5773092e-18)
(8.1126377 -0.005574158 2.547986e-18)
(8.1063372 -0.0054802208 2.6631737e-18)
(8.099804 -0.0053885842 2.8135573e-18)
(8.0930514 -0.0052992354 1.0494599e-17)
(8.0860921 -0.0052121564 9.9200327e-18)
(8.0789378 -0.0051273246 1.8932101e-18)
(8.0715997 -0.0050447137 2.2830668e-18)
(8.0640882 -0.0049642941 1.0394537e-17)
(8.0564134 -0.0048860334 1.0094674e-17)
(8.0485844 -0.0048098969 2.0380433e-18)
(8.0406102 -0.004735848 2.329531e-18)
(8.032499 -0.0046638484 1.0371778e-17)
(8.0242587 -0.0045938584 1.7804314e-17)
(8.0158966 -0.0045258372 8.8266198e-18)
(8.0074197 -0.0044597429 7.5773694e-19)
(7.9988345 -0.0043955332 1.3002899e-18)
(7.9901472 -0.0043331647 1.6534891e-18)
(7.9813637 -0.0042725941 1.9352565e-18)
(7.9724894 -0.0042137773 2.2584215e-18)
(7.9635295 -0.0041566705 2.5349401e-18)
(7.954489 -0.0041012295 2.7195802e-18)
(7.9453724 -0.0040474104 2.9172978e-18)
(7.9361842 -0.0039951691 3.1221458e-18)
(7.9269285 -0.003944462 3.351756e-18)
(7.9176091 -0.0038952457 3.5531095e-18)
(7.9082297 -0.0038474772 3.7665037e-18)
(7.8987939 -0.0038011139 3.9539003e-18)
(7.889305 -0.0037561136 4.1392754e-18)
(7.879766 -0.0037124349 1.2863986e-17)
(7.87018 -0.0036700368 1.2215679e-17)
(7.8605498 -0.0036288789 5.0710342e-18)
(7.8508779 -0.0035889215 1.3431895e-17)
(7.8411671 -0.0035501256 1.0733925e-17)
(7.8314196 -0.0035124531 1.1032102e-17)
(7.8216377 -0.0034758663 1.1156829e-17)
(7.8118237 -0.0034403286 1.0899678e-17)
(7.8019796 -0.003405804 1.0396293e-17)
(7.7921074 -0.0033722574 1.0075918e-17)
(7.782209 -0.0033396544 9.8367163e-18)
(7.7722861 -0.0033079615 9.7015244e-18)
(7.7623405 -0.0032771461 1.1540396e-17)
(7.7523739 -0.0032471763 1.0694957e-17)
(7.7423878 -0.0032180211 7.9664086e-18)
(7.7323838 -0.0031896504 8.3580789e-18)
(7.7223632 -0.0031620348 1.7685244e-17)
(7.7123275 -0.0031351458 7.8583391e-18)
(7.702278 -0.0031089557 8.1798775e-18)
(7.6922161 -0.0030834376 9.6776564e-18)
(7.6821429 -0.0030585656 8.6750793e-18)
(7.6720596 -0.0030343144 6.9873424e-18)
(7.6619674 -0.0030106596 8.0898541e-18)
(7.6518675 -0.0029875774 9.2042407e-18)
(7.6417608 -0.0029650451 9.2538363e-18)
(7.6316485 -0.0029430403 9.6654567e-18)
(7.6215316 -0.0029215419 8.4637066e-18)
(7.611411 -0.002900529 8.9340007e-18)
(7.6012877 -0.0028799818 9.3301477e-18)
(7.5911626 -0.002859881 8.5114745e-18)
(7.5810366 -0.0028402081 9.1009042e-18)
(7.5709107 -0.0028209451 9.1046882e-18)
(7.5607855 -0.0028020749 7.9338834e-18)
(7.5506621 -0.0027835809 6.6792891e-18)
(7.5405411 -0.0027654471 7.9774283e-18)
(7.5304233 -0.0027476581 8.8561729e-18)
(7.5203097 -0.0027301992 8.9408404e-18)
(7.5102008 -0.0027130562 8.2432566e-18)
(7.5000974 -0.0026962155 8.1121692e-18)
(7.4900002 -0.002679664 8.5227151e-18)
(7.47991 -0.0026633892 8.8571115e-18)
(7.4698274 -0.002647379 1.8316381e-17)
(7.4597531 -0.0026316219 1.7314172e-17)
(7.4496878 -0.0026161069 1.6604417e-17)
(7.439632 -0.0026008233 7.1243416e-18)
(7.4295865 -0.002585761 7.086707e-18)
(7.4195518 -0.0025709104 6.1089946e-18)
(7.4095285 -0.0025562622 6.9469851e-18)
(7.3995173 -0.0025418074 8.7510082e-18)
(7.3895186 -0.0025275377 8.7781299e-18)
(7.3795332 -0.002513445 1.7674884e-17)
(7.3695615 -0.0024995215 1.6942807e-17)
(7.359604 -0.0024857598 6.2226449e-18)
(7.3496614 -0.0024721531 6.8189388e-18)
(7.339734 -0.0024586944 7.2740013e-18)
(7.3298226 -0.0024453776 7.6587169e-18)
(7.3199274 -0.0024321966 1.0345212e-17)
(7.3100492 -0.0024191455 9.4281307e-18)
(7.3001882 -0.0024062189 1.7020605e-17)
(7.290345 -0.0023934117 1.7031079e-17)
(7.2805201 -0.0023807187 9.3645652e-18)
(7.2707139 -0.0023681355 8.5048641e-18)
(7.2609268 -0.0023556576 5.7266767e-18)
(7.2511594 -0.0023432806 7.5800965e-18)
(7.2414119 -0.0023310008 1.1148633e-17)
(7.2316849 -0.0023188144 9.6660442e-18)
(7.2219787 -0.0023067177 1.6354391e-17)
(7.2122937 -0.0022947075 1.6896449e-17)
(7.2026303 -0.0022827808 1.701334e-17)
(7.192989 -0.0022709344 7.4480131e-18)
(7.18337 -0.0022591657 8.252289e-18)
(7.1737737 -0.0022474721 7.4254978e-18)
(7.1642004 -0.0022358512 7.7327334e-18)
(7.1546506 -0.0022243008 9.426838e-18)
(7.1451246 -0.0022128187 9.3993727e-18)
(7.1356226 -0.0022014031 1.8854874e-17)
(7.126145 -0.0021900521 1.8211903e-17)
(7.1166921 -0.0021787641 1.0078096e-17)
(7.1072641 -0.0021675375 9.3669774e-18)
(7.0978614 -0.002156371 6.6202252e-18)
(7.0884843 -0.0021452631 8.7145141e-18)
(7.079133 -0.0021342125 1.0214573e-17)
(7.0698078 -0.0021232182 1.0446144e-17)
(7.0605089 -0.0021122789 2.015341e-17)
(7.0512365 -0.0021013933 1.863979e-17)
(7.041991 -0.00209056 7.1125666e-18)
(7.0327725 -0.0020797771 8.1555477e-18)
(7.0235813 -0.0020690421 1.0901975e-17)
(7.0144175 -0.0020583509 1.1124421e-17)
(7.0052815 -0.0020476967 1.3118155e-17)
(6.9961734 -0.0020370681 1.1573125e-17)
(6.9870935 -0.0020264447 1.795633e-17)
(6.9780423 -0.0020157899 1.8309146e-17)
(6.9690202 -0.0020050375 1.8417141e-17)
(6.9600279 -0.0019940694 1.0303685e-17)
(6.9510667 -0.0019826609 1.0373581e-17)
(6.9421387 -0.0019704799 9.4843927e-18)
(6.9332476 -0.0019565757 9.7861904e-18)
(6.9244002 -0.0019413066 1.1376002e-17)
(6.9155977 -0.0019171525 1.1766588e-17)
(6.9069078 -0.0019120711 1.9925876e-17)
(6.8979805 -0.0018538643 1.9727408e-17)
(6.8903357 -0.0020955942 1.0296765e-17)
(6.8756461 -0.003395148 2.5474766e-18)
(4.8220681 -0.1731251 -3.8017755e-19)
(4.7964512 -0.11284332 -2.0409199e-19)
(4.2946046 -0.086574169 1.416568e-18)
(3.8495968 -0.069442967 2.0268849e-18)
(3.4943159 -0.053677606 -6.4796119e-19)
(3.1942085 -0.040210932 -8.8246142e-19)
(2.9513838 -0.028973587 -1.5985408e-18)
(2.7654193 -0.019978577 -2.6809869e-18)
(2.628641 -0.013141802 4.274945e-19)
(2.5319967 -0.0081691828 1.807386e-21)
(2.4668064 -0.004688138 -2.2274966e-18)
(2.4252653 -0.0023346555 -8.1986519e-20)
(2.4008529 -0.00079319631 2.1805846e-18)
(2.3884268 0.00018498919 -8.92512e-19)
(2.3841027 0.00078812036 -9.2872432e-19)
(2.3850775 0.0011512882 8.9830794e-19)
(2.3893944 0.0013637402 -1.8922112e-18)
(2.3957121 0.0014824206 -6.3220295e-20)
(2.4031204 0.0015417701 1.5026858e-18)
(2.4110055 0.0015636447 -1.884072e-18)
(2.4189647 0.0015621376 -3.4838788e-20)
(2.4267438 0.0015460196 1.8600877e-18)
(2.4341898 0.0015206105 -1.9012648e-18)
(2.4412161 0.0014889537 -2.2254065e-19)
(2.4477758 0.0014526835 1.6121306e-18)
(2.4538489 0.0014136349 -4.7452787e-19)
(2.4594391 0.0013727928 1.8932327e-19)
(2.4645609 0.001329937 -1.7654979e-18)
(2.4692309 0.0012851735 -1.3397307e-18)
(2.4734678 0.0012387846 8.8958748e-19)
(2.4772911 0.0011910918 6.9310546e-19)
(2.4807211 0.0011424074 7.5841501e-19)
(2.4837773 0.0010930175 -9.7126546e-19)
(2.4864788 0.0010431793 -3.0733905e-18)
(2.4888439 0.00099312287 -6.9778266e-19)
(2.49089 0.00094305391 2.4780472e-18)
(2.4926335 0.00089315631 1.1381889e-18)
(2.4940902 0.0008435946 -4.6569107e-19)
(2.4952749 0.00079451659 -1.7225094e-19)
(2.4962016 0.0007460524 -1.8952142e-18)
(2.4968838 0.0006983242 -4.6233599e-19)
(2.4973341 0.0006513913 2.1032134e-18)
(2.4975634 0.00060525883 8.1094335e-19)
(2.4975813 0.00056029995 -4.1788119e-21)
(2.4973995 0.00051688674 2.3824372e-19)
(2.4970301 0.00047499011 -1.62804e-18)
(2.4964838 0.0004345212 -7.9413468e-19)
(2.49577 0.00039539548 3.4036549e-18)
(2.4948975 0.00035753573 1.6601417e-18)
(2.4938744 0.00032088066 -4.0108725e-19)
(2.4927087 0.00028538604 7.0380209e-19)
(2.4914078 0.00025102158 1.1730867e-18)
(2.4899788 0.00021776737 -2.7641867e-19)
(2.4884286 0.00018561055 -3.7786666e-20)
(2.4867638 0.00015454282 -1.920264e-19)
(2.4849907 0.00012455822 -2.6871605e-18)
(2.4831152 9.565144e-05 -3.4685767e-19)
(2.4811432 6.7814619e-05 3.2464879e-18)
(2.47908 4.1031637e-05 2.9602773e-18)
(2.4769307 1.5287722e-05 8.9639856e-19)
(2.4747002 -9.4228848e-06 -5.5800011e-19)
(2.4723932 -3.3111972e-05 2.1841812e-19)
(2.4700141 -5.5797662e-05 6.2949204e-19)
(2.4675672 -7.7494166e-05 -1.8993355e-19)
(2.4650566 -9.8212353e-05 2.7268017e-19)
(2.4624861 -0.00011796255 1.578713e-18)
(2.4598593 -0.00013675606 5.3282286e-19)
(2.4571796 -0.00015460603 -2.5036135e-19)
(2.4544503 -0.0001715277 8.3092234e-19)
(2.4516745 -0.00018753856 1.5847821e-18)
(2.4488551 -0.000202658 1.1652102e-18)
(2.4459947 -0.00021690713 -2.0917038e-18)
(2.4430961 -0.00023030834 -1.660442e-19)
(2.4401616 -0.00024288515 3.5111804e-18)
(2.4371937 -0.00025466181 1.788205e-18)
(2.4341945 -0.00026566316 -8.0326478e-19)
(2.431166 -0.00027591437 2.4331175e-18)
(2.4281103 -0.00028544084 5.0864681e-18)
(2.4250292 -0.00029426803 1.2880668e-18)
(2.4219244 -0.00030242128 -1.708643e-18)
(2.4187976 -0.00030992585 -1.1642134e-18)
(2.4156503 -0.00031680669 3.6112878e-18)
(2.412484 -0.00032308846 5.9225503e-18)
(2.4093001 -0.00032879545 3.387344e-18)
(2.4060998 -0.00033395157 7.2078295e-19)
(2.4028843 -0.0003385802 -1.6307707e-19)
(2.3996549 -0.0003427043 9.1211832e-19)
(2.3964126 -0.00034634626 8.9502687e-19)
(2.3931584 -0.00034952799 1.4901291e-19)
(2.3898933 -0.00035227078 4.9244416e-19)
(2.3866181 -0.00035459541 6.2524322e-19)
(2.3833338 -0.00035652206 8.2020293e-19)
(2.380041 -0.0003580703 7.4245881e-19)
(2.3767407 -0.00035925915 1.5248737e-18)
(2.3734334 -0.00036010702 1.6927555e-18)
(2.3701198 -0.00036063176 2.0669328e-18)
(2.3668006 -0.00036085059 -9.865287e-19)
(2.3634764 -0.00036078018 -3.2730665e-19)
(2.3601476 -0.0003604366 3.8948662e-18)
(2.3568149 -0.00035983539 9.7521396e-19)
(2.3534787 -0.00035899146 3.5635936e-18)
(2.3501396 -0.00035791923 2.6947779e-18)
(2.3467978 -0.00035663254 1.5042744e-18)
(2.3434539 -0.00035514471 2.5692359e-18)
(2.3401082 -0.00035346852 2.0516807e-18)
(2.3367612 -0.00035161625 2.2789621e-18)
(2.3334131 -0.00034959967 2.540429e-18)
(2.3300644 -0.00034743008 2.5611899e-18)
(2.3267152 -0.00034511828 3.0970134e-18)
(2.323366 -0.00034267461 2.8301696e-18)
(2.320017 -0.00034010896 2.1114543e-18)
(2.3166685 -0.00033743078 2.1664093e-18)
(2.3133208 -0.00033464911 6.5109578e-19)
(2.3099741 -0.00033177256 4.7635856e-18)
(2.3066286 -0.00032880933 3.3676373e-18)
(2.3032845 -0.00032576726 2.937105e-18)
(2.2999422 -0.00032265381 2.3602174e-18)
(2.2966018 -0.00031947603 1.6328678e-18)
(2.2932635 -0.00031624069 2.1174101e-18)
(2.2899275 -0.00031295418 2.5959411e-18)
(2.286594 -0.00030962259 2.5173231e-18)
(2.2832631 -0.00030625164 2.6073949e-18)
(2.2799352 -0.0003028468 2.2767393e-18)
(2.2766102 -0.00029941325 2.4248875e-18)
(2.2732885 -0.00029595586 2.4845505e-18)
(2.2699701 -0.00029247925 1.9636769e-18)
(2.2666552 -0.00028898777 2.0739166e-18)
(2.2633441 -0.00028548554 2.3227191e-18)
(2.2600367 -0.00028197641 2.2550374e-18)
(2.2567333 -0.00027846404 3.1630863e-18)
(2.2534341 -0.00027495184 2.3094599e-18)
(2.2501391 -0.00027144303 1.1523325e-18)
(2.2468485 -0.0002679406 2.0434665e-18)
(2.2435625 -0.0002644474 2.8152877e-18)
(2.2402811 -0.00026096605 2.3796291e-18)
(2.2370045 -0.00025749901 2.1124103e-18)
(2.2337329 -0.00025404858 2.4506076e-18)
(2.2304663 -0.00025061691 4.0083709e-19)
(2.2272049 -0.00024720597 2.6516032e-18)
(2.2239488 -0.00024381758 3.6344451e-18)
(2.2206982 -0.00024045348 5.6466285e-18)
(2.2174531 -0.00023711522 3.4686351e-18)
(2.2142136 -0.00023380424 2.4878209e-18)
(2.21098 -0.00023052187 2.2177439e-18)
(2.2077523 -0.00022726932 2.3219828e-18)
(2.2045306 -0.0002240477 2.2624352e-18)
(2.201315 -0.00022085802 6.2791108e-19)
(2.1981057 -0.00021770117 2.8513125e-18)
(2.1949027 -0.00021457799 5.558421e-18)
(2.1917062 -0.00021148921 3.4930091e-18)
(2.1885162 -0.00020843545 2.3773048e-18)
(2.185333 -0.00020541731 2.2030257e-18)
(2.1821565 -0.0002024353 2.3822402e-18)
(2.1789868 -0.00019948982 2.3220536e-18)
(2.1758242 -0.00019658125 6.1669779e-19)
(2.1726686 -0.00019370992 2.9465219e-18)
(2.1695203 -0.00019087605 5.5819635e-18)
(2.1663792 -0.00018807987 3.5352881e-18)
(2.1632454 -0.00018532149 3.2494878e-18)
(2.1601192 -0.00018260104 2.5518388e-18)
(2.1570005 -0.00017991855 2.8404185e-18)
(2.1538894 -0.00017727406 2.3340665e-18)
(2.1507861 -0.00017466754 -3.5263428e-19)
(2.1476906 -0.00017209892 2.9011522e-18)
(2.144603 -0.00016956812 3.9735708e-18)
(2.1415234 -0.000167075 6.0094859e-18)
(2.1384518 -0.00016461943 3.7416855e-18)
(2.1353885 -0.00016220122 2.699314e-18)
(2.1323333 -0.00015982017 2.388006e-18)
(2.1292865 -0.00015747606 2.912984e-18)
(2.126248 -0.00015516863 2.5884352e-18)
(2.123218 -0.00015289765 4.2513658e-19)
(2.1201966 -0.0001506628 3.0911122e-18)
(2.1171837 -0.00014846378 5.9383094e-18)
(2.1141795 -0.00014630028 3.8768051e-18)
(2.111184 -0.00014417197 2.852418e-18)
(2.1081972 -0.0001420785 2.6685158e-18)
(2.1052194 -0.00014001951 2.7315812e-18)
(2.1022504 -0.00013799459 2.6472069e-18)
(2.0992903 -0.00013600339 9.6558969e-19)
(2.0963393 -0.00013404541 3.3465726e-18)
(2.0933974 -0.00013212021 5.8434855e-18)
(2.0904645 -0.00013022722 3.8085971e-18)
(2.0875408 -0.00012836581 3.2606746e-18)
(2.0846264 -0.00012653505 2.9636908e-18)
(2.0817212 -0.00012473368 2.9892797e-18)
(2.0788254 -0.00012295975 2.8350507e-18)
(2.075939 -0.00012121007 9.4022404e-19)
(2.0730623 -0.00011947921 3.4484712e-18)
(2.0701955 -0.0001177574 4.4510897e-18)
(2.067339 -0.0001160293 7.2372071e-18)
(2.0644936 -0.00011425783 4.6495513e-18)
(2.0616608 -0.00011242777 2.8996447e-18)
(2.0588423 -0.00011029614 2.6943823e-18)
(2.056047 -0.00010842166 3.1433884e-18)
(2.053253 -0.00010425613 3.1204636e-18)
(2.0506113 -0.00010615852 9.6723146e-19)
(2.0474451 -0.00010343397 3.5321853e-18)
(2.0463301 -7.5696559e-05 6.4750154e-18)
(2.0371236 -0.00084156218 6.3366343e-18)
)
;

boundaryField
{
    exteriorWall
    {
        type            noSlip;
    }
    inlet
    {
        type            fixedValue;
        value           uniform (5 0 0);
    }
    outlet
    {
        type            zeroGradient;
    }
    walls
    {
        type            noSlip;
    }
    frontAndBack
    {
        type            empty;
    }
    frontAndBack_pos
    {
        type            wedge;
    }
    frontAndBack_neg
    {
        type            wedge;
    }
}


// ************************************************************************* //
