/*--------------------------------*- C++ -*----------------------------------*\
  =========                 |
  \\      /  F ield         | OpenFOAM: The Open Source CFD Toolbox
   \\    /   O peration     | Website:  https://openfoam.org
    \\  /    A nd           | Version:  7
     \\/     M anipulation  |
\*---------------------------------------------------------------------------*/
FoamFile
{
    version     2.0;
    format      ascii;
    class       labelList;
    location    "0";
    object      pointPriority;
}
// * * * * * * * * * * * * * * * * * * * * * * * * * * * * * * * * * * * * * //


2613
(
1826152451
1000898693
-194329885
1073769654
-1007885660
1062590567
-1991596188
-1147604404
-989560466
1073770895
-1007885643
1062590567
477219090
994865607
-1784791045
1073772136
-1007885675
1062590567
1826152114
1000898693
1716071569
1073773377
-1007885658
1062590567
1348933886
999820990
920840988
1073774618
-1007885643
1062590567
869648862
-1147604403
125610406
1073775859
-1007885660
1062590567
-1991596188
-1147604404
-668494274
1073777099
-1007885658
1062590567
1826152451
1000898693
-1463724855
1073778340
-1007885676
1062590567
869648076
-1147604403
2036011860
1073779581
-1007885658
1062590567
1826152451
1000898693
1241907178
1073780822
-1007885660
1062590567
-1991596188
-1147604404
446676599
1073782063
-1007885659
1062590567
869648515
-1147604403
-348553983
1073783303
-1007885658
1062590567
1348933886
999820990
-1142658664
1073784544
-1007885658
1062590567
1826152451
1000898693
-1937889244
1073785785
-1007885660
1062590567
477218588
994865607
1561847471
1073787026
-1007885644
1062590567
-1991595841
-1147604404
767742790
1073788267
-1007885674
1062590567
1826152021
1000898693
-27487791
1073789507
-1007885643
1062590567
869648862
-1147604403
-822718372
1073790748
-1007885659
1062590567
1826152498
1000898693
-1616823053
1073791989
-1007885660
1062590567
-1991596188
-1147604404
1882913662
1073793230
-1007885676
1062590567
869648170
-1147604403
1087683082
1073794471
-1007885659
1062590567
1348933886
999820990
293578401
1073795712
-1007885658
1062590567
1826152451
1000898693
-501652181
1073796952
-1007885659
1062590567
392429857
-1146584954
-1296882762
1073798193
-1007885658
1062590567
1826152451
1000898693
-2090987443
1073799434
-1007885658
1062590567
1348933886
999820990
1408749273
1073800675
-1007885660
1062590567
477218588
994865607
613518691
1073801916
-1007885658
1062590567
1826152451
1000898693
-180585989
1073803156
-1007885660
1062590567
-1991596188
-1147604404
-975816570
1073804397
-1007885643
1062590567
869648955
-1147604403
-1771047149
1073805638
-1007885690
1062590567
1348933040
999820990
1729815465
1073806879
-1007885627
1062590567
1826153268
1000898693
934584883
1073808120
-1007885659
1062590567
392429904
-1146584954
139354303
1073809361
-1007885674
1062590567
1826152021
1000898693
-654750378
1073810601
-1007885658
1062590567
1348933886
999820990
-1449980960
1073811842
-1007885659
1062590567
869648422
-1147604403
2049755755
1073813083
-1007885643
1062590567
-658565274
1001553109
1255651074
1073814324
-1007885660
1062590567
-1991596188
-1147604404
460420494
1073815565
-1007885675
1062590567
869647984
-1147604403
-334810087
1073816805
-1007885658
1062590567
1348933886
999820990
-1128914767
1073818046
-1007885658
1062590567
1826152451
1000898693
-1924145348
1073819287
-1007885643
1062590567
392430289
-1146584954
1575591366
1073820528
-1007885658
1062590567
1826152451
1000898693
781486686
1073821769
-1007885675
1062590567
1348933462
999820990
-13743895
1073823009
-1007885659
1062590567
869648422
-1147604403
-808974477
1073824250
-1007885644
1062590567
-1991595841
-1147604404
-1603079158
1073825491
-1007885675
1062590567
1826152114
1000898693
1896657558
1073826732
-1007885659
1062590567
477215584
994865607
1101426978
1073827973
-1007885658
1062590567
1348933886
999820990
307322296
1073829214
-1007885658
1062590567
1826152451
1000898693
-487908284
1073830454
-1007885643
1062590567
392430289
-1146584954
-1283138865
1073831695
-1007885674
1062590567
1826152021
1000898693
-2077243547
1073832936
-1007885644
1062590567
1348934309
999820990
1422493168
1073834177
-1007885659
1062590567
869648515
-1147604403
627262586
1073835418
-1007885660
1062590567
-1991596188
-1147604404
-166842094
1073836658
-1007885675
1062590567
1826152114
1000898693
-962072675
1073837899
-1007885659
1062590567
869648422
-1147604403
-1757303256
1073839140
-1007885658
1062590567
1826152451
1000898693
1743559359
1073840381
-1007885660
1062590567
-1991596188
-1147604404
948328778
1073841622
-1007885660
1062590567
477218588
994865607
153098198
1073842863
-1007885643
1062590567
1826152883
1000898693
-641006482
1073844103
-1007885675
1062590567
1348933462
999820990
-1436237064
1073845344
-1007885659
1062590567
869648422
-1147604403
2063499651
1073846585
-1007885660
1062590567
-1991596188
-1147604404
1269394970
1073847826
-1007885643
1062590567
1826152883
1000898693
474164390
1073849067
-1007885691
1062590567
869647637
-1147604403
-321066191
1073850307
-1007885627
1062590567
1826153268
1000898693
-1115170873
1073851548
-1007885660
1062590567
-1991596188
-1147604404
-1910401453
1073852789
-1007885675
1062590567
869647984
-1147604403
1589335261
1073854030
-1007885658
1062590567
1348933886
999820990
795230580
1073855271
-1007885658
1062590567
1826152451
1000898693
-1
1073856511
-1007885643
1062590567
477219090
994865607
-795230581
1073857752
-1007885660
1062590567
-1991596188
-1147604404
-1589335261
1073858993
-1007885675
1062590567
1826152114
1000898693
1910401453
1073860234
-1007885659
1062590567
869648422
-1147604403
1115170872
1073861475
-1007885658
1062590567
1826152451
1000898693
321066191
1073862716
-1007885644
1062590567
-1991595841
-1147604404
-474164390
1073863956
-1007885659
1062590567
869648422
-1147604403
-1269394970
1073865197
-1007885690
1062590567
1348933040
999820990
-2063499652
1073866438
-1007885643
1062590567
1826152835
1000898693
1436237064
1073867679
-1007885643
1062590567
392430289
-1146584954
641006482
1073868920
-1007885675
1062590567
1826152114
1000898693
-153098198
1073870160
-1007885659
1062590567
1348933886
999820990
-948328779
1073871401
-1007885660
1062590567
477218588
994865607
-1743559359
1073872642
-1007885658
1062590567
1826152451
1000898693
1757303255
1073873883
-1007885644
1062590567
-1991595841
-1147604404
962072675
1073875124
-1007885675
1062590567
869647984
-1147604403
166842093
1073876365
-1007885658
1062590567
1348933886
999820990
-627262587
1073877605
-1007885643
1062590567
1826152883
1000898693
-1422493169
1073878846
-1007885659
1062590567
392429904
-1146584954
2077243546
1073880087
-1007885659
1062590567
1826152545
1000898693
1283138866
1073881328
-1007885675
1062590567
1348933462
999820990
487908284
1073882569
-1007885659
1062590567
869648422
-1147604403
-307322297
1073883809
-1007885660
1062590567
-1991596188
-1147604404
-1101426978
1073885050
-1007885658
1062590567
1826152451
1000898693
-1896657558
1073886291
-1007885643
1062590567
477216084
994865607
1603079157
1073887532
-1007885675
1062590567
1348933462
999820990
808974475
1073888773
-1007885658
1062590567
1826152451
1000898693
13743895
1073890014
-1007885643
1062590567
392430289
-1146584954
-781486685
1073891254
-1007885675
1062590567
1826152114
1000898693
-1575591366
1073892495
-1007885674
1062590567
1348933464
999820990
1924145347
1073893736
-1007885627
1062590567
869649207
-1147604403
1128914766
1073894977
-1007885660
1062590567
-1991596188
-1147604404
334810087
1073896218
-1007885674
1062590567
1826152021
1000898693
-460420495
1073897458
-1007885659
1062590567
869648422
-1147604403
-1255651075
1073898699
-1007885658
1062590567
1826152451
1000898693
-2049755756
1073899940
-1007885658
1062590567
-658565599
1001553109
1449980958
1073901181
-1007885643
1062590567
392430289
-1146584954
654750379
1073902422
-1007885675
1062590567
1826152114
1000898693
-139354303
1073903662
-1007885658
1062590567
1348933886
999820990
-934584884
1073904903
-1007885659
1062590567
869648422
-1147604403
-1729815466
1073906144
-1007885644
1062590567
-1991595841
-1147604404
1771047150
1073907385
-1007885659
1062590567
1826152545
1000898693
975816569
1073908626
-1007885691
1062590567
869647637
-1147604403
180585989
1073909867
-1007885643
1062590567
1826152835
1000898693
-613518693
1073911107
-1007885644
1062590567
-1991595841
-1147604404
-1408749275
1073912348
-1007885676
1062590567
477221091
994865607
2090987442
1073913589
-1007885659
1062590567
1826152498
1000898693
1296882761
1073914830
-1007885658
1062590567
1348933886
999820990
501652180
1073916071
-1007885643
1062590567
869648862
-1147604403
-293578401
1073917311
-1007885659
1062590567
-1991596092
-1147604404
-1087683082
1073918552
-1007885674
1062590567
1826152021
1000898693
-1882913663
1073919793
-1007885659
1062590567
869648422
-1147604403
1616823052
1073921034
-1007885643
1062590567
1826152883
1000898693
822718370
1073922275
-1007885660
1062590567
-1991596188
-1147604404
27487789
1073923516
-1007885659
1062590567
869648422
-1147604403
-767742791
1073924756
-1007885675
1062590567
1348933462
999820990
-1561847472
1073925997
-1007885658
1062590567
1826152451
1000898693
1937889243
1073927238
-1007885660
1062590567
477218588
994865607
1142658663
1073928479
-1007885658
1062590567
-1991596280
-1147604404
348553983
1073929720
-1007885643
1062590567
1826152883
1000898693
-446676599
1073930960
-1007885676
1062590567
869648076
-1147604403
-1241907179
1073932201
-1007885658
1062590567
1826152451
1000898693
-2036011861
1073933442
-1007885644
1062590567
-1991595841
-1147604404
1463724854
1073934683
-1007885676
1062590567
869648170
-1147604403
668494272
1073935924
-1007885644
1062590567
1348934309
999820990
-125610408
1073937164
-1007885659
1062590567
1826152498
1000898693
-920840989
1073938405
-1007885659
1062590567
392429904
-1146584954
-1716071569
1073939646
-1007885675
1062590567
1826152114
1000898693
1784791045
1073940887
-1007885658
1062590567
1348933886
999820990
989560464
1073942128
-1007885660
1062590567
477218588
994865607
194329884
1073943369
-1007885658
1062590567
1826152451
1000898693
-599774797
1073944609
-1007885644
1062590567
-1991595841
-1147604404
-1395005377
1073945850
-1007885675
1062590567
869647984
-1147604403
2104731338
1073947091
-1007885659
1062590567
1348933886
999820990
1310626656
1073948332
-1007885658
1062590567
1826152451
1000898693
515396075
1073949573
-1007885659
1062590567
392429857
-1146584954
-279834506
1073950813
-1007885643
1062590567
1826152883
1000898693
-1073939188
1073952054
-1007885690
1062590567
1348933040
999820990
-1869169768
1073953295
-1007885627
1062590567
869649207
-1147604403
1630566947
1073954536
-1007885660
1062590567
-1991596188
-1147604404
836462267
1073955777
-1007885675
1062590567
1826152114
1000898693
41231685
1073957018
-1007885660
1062590567
477221593
994865607
-753998895
1073958258
-1007885658
1062590567
1348933886
999820990
-1548103577
1073959499
-1007885643
1062590567
1826152883
1000898693
1951633139
1073960740
-1007885659
1062590567
392429904
-1146584954
1156402559
1073961981
-1007885674
1062590567
1826152021
1000898693
362297878
1073963222
-1007885658
1062590567
1348933886
999820990
-432932705
1073964462
-1007885659
1062590567
869648422
-1147604403
-1228163286
1073965703
-1007885644
1062590567
-1991595841
-1147604404
-2022267966
1073966944
-1007885659
1062590567
1826152545
1000898693
1477468748
1073968185
-1007885676
1062590567
869648076
-1147604403
682238168
1073969426
-1007885658
1062590567
1826152451
1000898693
-111866513
1073970666
-1007885644
1062590567
-1991595841
-1147604404
-907097093
1073971907
-1007885674
1062590567
477215083
994865607
-1702327673
1073973148
-1007885659
1062590567
1826152498
1000898693
1798534942
1073974389
-1007885658
1062590567
1348933886
999820990
1003304359
1073975630
-1007885659
1062590567
869648422
-1147604403
208073778
1073976871
-1007885644
1062590567
-1991595841
-1147604404
-586030902
1073978111
-1007885675
1062590567
1826152114
1000898693
-1381261483
1073979352
-1007885643
1062590567
869648862
-1147604403
2118475232
1073980593
-1007885659
1062590567
1826152498
1000898693
1324370551
1073981834
-1007885660
1062590567
-1991596188
-1147604404
529139970
1073983075
-1007885675
1062590567
869647984
-1147604403
-266090610
1073984315
-1007885658
1062590567
1348933886
999820990
-1060195291
1073985556
-1007885658
1062590567
-658565599
1001553109
-1855425871
1073986797
-1007885659
1062590567
869648422
-1147604403
1644310843
1073988038
-1007885660
1062590567
-1991596188
-1147604404
850206162
1073989279
-1007885643
1062590567
1826152930
1000898693
54975581
1073990520
-1007885676
1062590567
869648076
-1147604403
-740255001
1073991760
-1007885658
1062590567
1826152451
1000898693
-1534359680
1073993001
-1007885658
1062590567
-1991596280
-1147604404
1965377034
1073994242
-1007885643
1062590567
869648862
-1147604403
1170146453
1073995483
-1007885690
1062590567
1348933040
999820990
376041772
1073996724
-1007885627
1062590567
1826153268
1000898693
-419188810
1073997964
-1007885676
1062590567
477221091
994865607
-1214419389
1073999205
-1007885644
1062590567
-1991595841
-1147604404
-2008524070
1074000446
-1007885675
1062590567
1826152114
1000898693
1491212646
1074001687
-1007885659
1062590567
869648422
-1147604403
695982064
1074002928
-1007885643
1062590567
1826152883
1000898693
-98122618
1074004168
-1007885660
1062590567
-1991596188
-1147604404
-893353197
1074005409
-1007885675
1062590567
869647984
-1147604403
-1688583778
1074006650
-1007885658
1062590567
1348933886
999820990
1812278837
1074007891
-1007885658
1062590567
1826152451
1000898693
1017048256
1074009132
-1007885643
1062590567
392430289
-1146584954
221817672
1074010373
-1007885659
1062590567
1826152545
1000898693
-572287006
1074011613
-1007885690
1062590567
1348933040
999820990
-1367517587
1074012854
-1007885643
1062590567
477216084
994865607
2132219127
1074014095
-1007885658
1062590567
1826152451
1000898693
1338114447
1074015336
-1007885658
1062590567
-1991596280
-1147604404
542883867
1074016577
-1007885659
1062590567
869648422
-1147604403
-252346715
1074017817
-1007885658
1062590567
1074060005
-1007885658
1062590567
1826152451
1000898693
1992864825
1074061246
-1007885659
1062590567
869648422
-1147604403
1197634245
1074062487
-1007885643
1062590567
1826152883
1000898693
403529563
1074063728
-1007885660
1062590567
-1991596188
-1147604404
-391701018
1074064968
-1007885675
1062590567
869647984
-1147604403
-1186931599
1074066209
-1007885658
1062590567
1348933886
999820990
-1981036280
1074067450
-1007885643
1062590567
1826152883
1000898693
1518700435
1074068691
-1007885659
1062590567
392429857
-1146584954
723469854
1074069932
-1007885659
1062590567
1826152545
1000898693
-70634826
1074071172
-1007885675
1062590567
-658565925
1001553109
-865865407
1074072413
-1007885659
1062590567
869648422
-1147604403
-1661095988
1074073654
-1007885658
1062590567
1826152451
1000898693
1839766628
1074074895
-1007885658
1062590567
-1991596280
-1147604404
1044536046
1074076136
-1007885643
1062590567
869648955
-1147604403
249305465
1074077377
-1007885675
1062590567
1348933462
999820990
-544799216
1074078617
-1007885658
1062590567
1826152451
1000898693
-1340029797
1074079858
-1007885643
1062590567
392430289
-1146584954
-2135260377
1074081099
-1007885674
1062590567
1826152021
1000898693
1365602236
1074082340
-1007885644
1062590567
1348934309
999820990
570371656
1074083581
-1007885676
1062590567
477221091
994865607
-224858924
1074084821
-1007885658
1062590567
1826152451
1000898693
-1018963604
1074086062
-1007885644
1062590567
-1991595841
-1147604404
-1814194187
1074087303
-1007885676
1062590567
869648170
-1147604403
1685542529
1074088544
-1007885658
1062590567
1348933886
999820990
891437849
1074089785
-1007885658
1062590567
1826152451
1000898693
96207266
1074091026
-1007885644
1062590567
392430241
-1146584954
-699023315
1074092266
-1007885677
1062590567
1348933461
999820990
-1493127994
1074093507
-1007885659
1062590567
1348933886
999820990
2006608720
1074094748
-1007885659
1062590567
869648422
-1147604403
1211378138
1074095989
-1007885660
1062590567
-1991596188
-1147604404
417273459
1074097230
-1007885643
1062590567
1826152930
1000898693
-377957122
1074098470
-1007885675
1062590567
477218089
994865607
-1173187703
1074099711
-1007885658
1062590567
1348933886
999820990
-1967292385
1074100952
-1007885658
1062590567
0
0
1532444331
1074102193
-1007885659
1062590567
392429857
-1146584954
737213750
1074103434
-1007885660
1062590567
1348933885
999820990
-56890931
1074104674
-1007885658
1062590567
1348933886
999820990
-852121512
1074105915
-1007885643
1062590567
869648862
-1147604403
-1647352094
1074107156
-1007885660
1062590567
-1991596188
-1147604404
1853510522
1074108397
-1007885659
1062590567
1826152545
1000898693
1058279941
1074109638
-1007885676
1062590567
869648076
-1147604403
263049360
1074110879
-1007885658
1062590567
0
0
-531055321
1074112119
-1007885644
1062590567
-1991595748
-1147604404
-1326285901
1074113360
-1007885674
1062590567
477215083
994865607
-2121516482
1074114601
-1007885660
1062590567
1348933885
999820990
1379346133
1074115842
-1007885658
1062590567
1348933886
999820990
584115552
1074117083
-1007885659
1062590567
869648422
-1147604403
-211115030
1074118323
-1007885660
1062590567
-1991596188
-1147604404
-1005219710
1074119564
-1007885658
1062590567
1826152405
1000898693
-1800450292
1074120805
-1007885659
1062590567
869648422
-1147604403
1699286424
1074122046
-1007885658
1062590567
0
0
905181742
1074123287
-1007885644
1062590567
-1991595748
-1147604404
109951162
1074124528
-1007885692
1062590567
869647731
-1147604403
-685279419
1074125768
-1007885627
1062590567
1348934733
999820990
-1479384100
1074127009
-1007885659
1062590567
1826152498
1000898693
2020352614
1074128250
-1007885676
1062590567
477221091
994865607
1225122035
1074129491
-1007885644
1062590567
-1991595748
-1147604404
431017355
1074130732
-1007885659
1062590567
1826152545
1000898693
-364213228
1074131972
-1007885659
1062590567
869648515
-1147604403
-1159443807
1074133213
-1007885659
1062590567
0
0
-1953548488
1074134454
-1007885659
1062590567
-1991596092
-1147604404
1546188226
1074135695
-1007885675
1062590567
869647984
-1147604403
750957646
1074136936
-1007885658
1062590567
1348933886
999820990
-43147035
1074138176
-1007885658
1062590567
1826152451
1000898693
-838377616
1074139417
-1007885659
1062590567
392429904
-1146584954
-1633608198
1074140658
-1007885628
1062590567
1826153360
1000898693
1867254417
1074141899
-1007885708
1062590567
1348932615
999820990
1072023837
1074143140
-1007885643
1062590567
477213080
994865607
276793257
1074144381
-1007885643
1062590567
0
0
-517311425
1074145621
-1007885660
1062590567
-1991596188
-1147604404
-1312542007
1074146862
-1007885676
1062590567
869648170
-1147604403
-2107772586
1074148103
-1007885659
1062590567
1348933886
999820990
1393090029
1074149344
-1007885643
1062590567
1826152883
1000898693
597859446
1074150585
-1007885659
-1991596533
-1147604404
1807322236
1074772233
-1007885644
1062590567
869648767
-1147604403
1012091659
1074773474
-1007885690
1062590567
1348933040
999820990
217986976
1074774715
-1007885643
1062590567
0
0
-577243605
1074775955
-1007885643
1062590567
392430289
-1146584954
-1372474187
1074777196
-1007885692
1062590567
1348933039
999820990
2128388429
1074778437
-1007885627
1062590567
1348934733
999820990
1333157848
1074779678
-1007885659
1062590567
869648422
-1147604403
537927268
1074780919
-1007885675
1062590567
-1991596626
-1147604404
-256177413
1074782159
-1007885643
1062590567
1826152930
1000898693
-1051407995
1074783400
-1007885660
1062590567
477218588
994865607
-1846638575
1074784641
-1007885674
1062590567
1348933464
999820990
1654224040
1074785882
-1007885643
1062590567
0
0
858993459
1074787123
-1007885659
1062590567
392429904
-1146584954
63762876
1074788364
-1007885677
1062590567
1348933461
999820990
-730341803
1074789604
-1007885674
1062590567
1348933464
999820990
-762786192
1074790622
-1007885644
1062590567
869648767
-1147604403
987082166
1074791243
-1007885658
1062590567
-658565505
1001553109
-1557453822
1074791863
-1007885627
1062590567
-658562995
1001553109
192414534
1074792484
-1007885691
1062590567
477223596
994865607
1942282892
1074793104
-1007885628
1062590567
1826154560
-1146584955
-602253096
1074793724
-1007885690
1062590567
-658566156
1001553109
1147615261
1074794345
-1007885659
1062590567
0
0
-1397483677
1074794965
-1007885690
1062590567
-658566343
1001553109
352947631
1074795586
-1007885627
1062590567
1826154373
-1146584955
2102815988
1074796206
-1007885660
1062590567
477218588
994865607
-442282951
1074796826
-1007885627
1062590567
-658563089
1001553109
1308148357
1074797447
-1007885692
1062590567
-658566250
1001553109
-1236950582
1074798067
-1007885626
1062590567
477219591
994865607
512917775
1074798688
-1007885691
1062590567
1826152928
-1146584955
-2031618212
1074799308
-1007885658
1062590567
-658565599
1001553109
-281749855
1074799928
-1007885659
1062590567
0
0
1468118503
1074800549
-1007885658
1062590567
-658565599
1001553109
-1076417487
1074801169
-1007885628
1062590567
1826154560
-1146584955
673450871
1074801790
-1007885658
1062590567
477224598
994865607
-1871648067
1074802410
-1007885690
1062590567
-658564297
1001553109
-121216760
1074803030
-1007885626
1062590567
-658564948
1001553109
1628651599
1074803651
-1007885690
1062590567
869649144
999879245
-916447340
1074804271
-1007885658
1062590567
-658565599
1001553109
833983967
1074804892
-1007885660
1062590567
0
0
-1711114971
1074805512
-1007885660
1062590567
477218588
994865607
38753386
1074806133
-1007885658
1062590567
-658565599
1001553109
1789184695
1074806753
-1007885659
1062590567
1826153604
-1146584955
-755914245
1074807373
-1007885660
1062590567
477218588
994865607
993954113
1074807994
-1007885627
1062590567
-658563089
1001553109
-1550581875
1074808614
-1007885692
1062590567
-658566250
1001553109
199286482
1074809235
-1007885659
1062590567
869649646
999879245
1949154840
1074809855
-1007885626
1062590567
-658564948
1001553109
-595381149
1074810475
-1007885692
1062590567
0
0
1154487209
1074811096
-1007885660
1062590567
477218588
994865607
-1390611730
1074811716
-1007885659
1062590567
1826153604
-1146584955
359819579
1074812337
-1007885658
1062590567
-658565599
1001553109
2109687936
1074812957
-1007885660
1062590567
477218588
994865607
-435411002
1074813577
-1007885627
1062590567
-658563089
1001553109
1315020304
1074814198
-1007885658
1062590567
-658565599
1001553109
-1230078634
1074814818
-1007885658
1062590567
869650022
999879245
519789724
1074815439
-1007885690
1062590567
-658566156
1001553109
-2024746265
1074816059
-1007885660
1062590567
0
0
-274877907
1074816679
-1007885691
1062590567
477217587
994865607
1474990449
1074817300
-1007885628
1062590567
1826154560
-1146584955
-1069545538
1074817920
-1007885626
1062590567
-658565042
1001553109
680322819
1074818541
-1007885658
1062590567
0
0
-1864776119
1074819161
-1007885692
1062590567
-658566250
1001553109
-114344811
1074819781
-1007885658
1062590567
-658565599
1001553109
1635523546
1074820402
-1007885659
1062590567
869649646
999879245
-909575392
1074821022
-1007885658
1062590567
-658565599
1001553109
840855915
1074821643
-1007885660
1062590567
0
0
-1704243023
1074822263
-1007885660
1062590567
477218588
994865607
45625334
1074822884
-1007885627
1062590567
1826154466
-1146584955
1796056641
1074823504
-1007885690
1062590567
-658566156
1001553109
-749042296
1074824124
-1007885658
1062590567
0
0
1000826061
1074824745
-1007885626
1062590567
-658564948
1001553109
-1543709928
1074825365
-1007885691
1062590567
1826152928
-1146584955
206158430
1074825986
-1007885658
1062590567
477224598
994865607
1956026788
1074826606
-1007885658
1062590567
-658565599
1001553109
-588509200
1074827226
-1007885660
1062590567
0
0
1161359156
1074827847
-1007885660
1062590567
477218588
994865607
-1383739781
1074828467
-1007885658
1062590567
1826153699
-1146584955
366691526
1074829088
-1007885658
1062590567
-658565505
1001553109
2116559884
1074829708
-1007885626
1062590567
0
0
-428539055
1074830328
-1007885692
1062590567
-658566250
1001553109
1321892252
1074830949
-1007885658
1062590567
1826153699
-1146584955
-1223206687
1074831569
-1007885627
1062590567
477213580
994865607
526661670
1074832190
-1007885692
1062590567
0
0
-2017874318
1074832810
-1007885692
1062590567
-658566250
1001553109
-268005960
1074833430
-1007885627
1062590567
477213580
994865607
1481862399
1074834051
-1007885659
1062590567
1826153604
-1146584955
-1062673590
1074834671
-1007885658
1062590567
-658565599
1001553109
687194767
1074835292
-1007885626
1062590567
0
0
-1857904171
1074835912
-1007885658
1062590567
-658565599
1001553109
-107472864
1074836532
-1007885691
1062590567
1826152928
-1146584955
1642395494
1074837153
-1007885659
1062590567
477212579
994865607
-902703444
1074837773
-1007885660
1062590567
0
0
847727862
1074838394
-1007885658
1062590567
-658565599
1001553109
-1697371076
1074839014
-1007885659
1062590567
869649646
999879245
52497281
1074839635
-1007885626
1062590567
-658564948
1001553109
1802928590
1074840255
-1007885690
1062590567
-658564297
1001553109
-742170349
1074840875
-1007885660
1062590567
477218588
994865607
1007698009
1074841496
-1007885658
1062590567
-658565599
1001553109
-1536837979
1074842116
-1007885658
1062590567
1826153699
-1146584955
213030378
1074842737
-1007885659
1062590567
477212579
994865607
1962898734
1074843357
-1007885660
1062590567
0
0
-581637254
1074843977
-1007885659
1062590567
-658565693
1001553109
1168231105
1074844598
-1007885626
1062590567
869650525
999879245
-1376867835
1074845218
-1007885692
1062590567
-658566250
1001553109
373563473
1074845839
-1007885627
1062590567
-658563089
1001553109
2123431831
1074846459
-1007885658
1062590567
477224598
994865607
-421667108
1074847079
-1007885691
1062590567
1826152928
-1146584955
1328764199
1074847700
-1007885626
1062590567
-658564948
1001553109
-1216334739
1074848320
-1007885691
1062590567
477223596
994865607
533533619
1074848941
-1007885660
1062590567
0
0
-2011002369
1074849561
-1007885692
1062590567
-658566250
1001553109
-261134012
1074850181
-1007885626
1062590567
869650337
999879245
1488734346
1074850802
-1007885658
1062590567
-658565599
1001553109
-1055801642
1074851422
-1007885627
1062590567
-658563089
1001553109
694066714
1074852043
-1007885691
1062590567
477211577
994865607
-1851032224
1074852663
-1007885658
1062590567
1826153699
-1146584955
-100600916
1074853283
-1007885658
1062590567
-658565599
1001553109
1649267442
1074853904
-1007885691
1062590567
0
0
-895831498
1074854524
-1007885659
1062590567
-658565693
1001553109
854599810
1074855145
-1007885628
1062590567
1826154560
-1146584955
-1690499129
1074855765
-1007885660
1062590567
477218588
994865607
59369229
1074856386
-1007885659
1062590567
-658565693
1001553109
1809800539
1074857006
-1007885656
1062590567
-658563738
1001553109
-735298400
1074857626
-1007885626
1062590567
477219591
994865607
1014569956
1074858247
-1007885691
1062590567
1826152928
-1146584955
-1529966032
1074858867
-1007885658
1062590567
-658565599
1001553109
219902326
1074859488
-1007885659
1062590567
0
0
1969770683
1074860108
1073713110
-1007885650
1062590567
0
0
532181219
1073715592
-1007885659
1062590567
0
0
-1058279944
1073718073
-1007885668
1062590567
392429665
-1146584954
1646226191
1073720555
-1007885651
1062590567
1826152042
-1146584955
58016830
1073723037
-1007885659
1062590567
1826152498
-1146584955
-1532444332
1073725518
-1007885652
1062590567
869648734
-1147604403
1172061803
1073728000
-1007885683
1062590567
0
0
-416147560
1073730481
-1007885651
1062590567
1826152643
1000898693
-2006608721
1073732963
-1007885652
1062590567
0
0
697897412
1073735445
-1007885667
1062590567
0
0
-890311949
1073737926
-1007885659
1062590567
0
0
1814194187
1073740408
-1007885659
1062590567
392429857
-1146584954
111866511
1073742357
-1007885659
1062590567
1826151826
-1146584955
-682238169
1073743597
-1007885644
1062590567
-1991595841
-1147604404
-1477468750
1073744838
-1007885675
1062590567
869647984
-1147604403
2022267966
1073746079
-1007885674
1062590567
1348933464
999820990
1228163285
1073747320
-1007885627
1062590567
1826153268
1000898693
432932703
1073748561
-1007885659
1062590567
392429904
-1146584954
-362297878
1073749801
-1007885675
1062590567
1826152114
1000898693
-1156402559
1073751042
-1007885658
1062590567
1348933886
999820990
-1951633140
1073752283
-1007885659
1062590567
869648422
-1147604403
1548103575
1073753524
-1007885660
1062590567
-1991596188
-1147604404
753998895
1073754765
-1007885658
1062590567
1826152451
1000898693
-41231685
1073756005
-1007885659
1062590567
477215584
994865607
-836462267
1073757246
-1007885658
1062590567
1348933886
999820990
-1630566948
1073758487
-1007885658
1062590567
1826152451
1000898693
1869169768
1073759728
-1007885659
1062590567
392429857
-1146584954
1073939187
1073760969
-1007885643
1062590567
1826152930
1000898693
279834506
1073762210
-1007885690
1062590567
1348933040
999820990
-515396076
1073763450
-1007885644
1062590567
869648767
-1147604403
-1310626657
1073764691
-1007885644
1062590567
-1991595841
-1147604404
-2104731337
1073765932
-1007885674
1062590567
1826152021
1000898693
1395005377
1073767173
-1007885659
1062590567
869648422
-1147604403
599774797
1073768414
-1007885658
1062590567
)


// ************************************************************************* //
