/*--------------------------------*- C++ -*----------------------------------*\
  =========                 |
  \\      /  F ield         | OpenFOAM: The Open Source CFD Toolbox
   \\    /   O peration     | Website:  https://openfoam.org
    \\  /    A nd           | Version:  10
     \\/     M anipulation  |
\*---------------------------------------------------------------------------*/
FoamFile
{
    format      ascii;
    class       surfaceScalarField;
    location    "800/FLUID";
    object      phi;
}
// * * * * * * * * * * * * * * * * * * * * * * * * * * * * * * * * * * * * * //

dimensions      [1 0 -1 0 0 0 0];

internalField   nonuniform List<scalar> 
2194
(
6.9267302e-06
-1.7706226e-07
7.1718309e-06
-2.4510077e-07
7.4200988e-06
-2.4826789e-07
7.655753e-06
-2.3565432e-07
7.8676636e-06
-2.1191056e-07
8.0501401e-06
-1.8247636e-07
8.2026449e-06
-1.5250474e-07
8.3269019e-06
-1.2425686e-07
8.4256128e-06
-9.8710834e-08
8.5018672e-06
-7.6254388e-08
8.5587348e-06
-5.6867647e-08
8.5990431e-06
-4.0308294e-08
8.6252922e-06
-2.6249236e-08
8.6395991e-06
-1.4306968e-08
8.6436973e-06
-4.0981892e-09
8.6390977e-06
4.5995924e-09
8.6272421e-06
1.18556e-08
8.6094765e-06
1.7765664e-08
8.5869897e-06
2.2486848e-08
8.5608159e-06
2.6173838e-08
8.5318482e-06
2.8967718e-08
8.5008515e-06
3.0996648e-08
8.468476e-06
3.2375445e-08
8.4352703e-06
3.3205741e-08
8.4016934e-06
3.3576841e-08
8.3681266e-06
3.3566788e-08
8.3348832e-06
3.3243433e-08
8.3022177e-06
3.2665484e-08
8.2703342e-06
3.1883499e-08
8.2393934e-06
3.0940809e-08
8.209519e-06
2.9874383e-08
8.1808034e-06
2.8715604e-08
8.1533124e-06
2.7490986e-08
8.1270897e-06
2.622277e-08
8.1021603e-06
2.4929396e-08
8.0785351e-06
2.3625187e-08
8.0562123e-06
2.2322737e-08
8.0351789e-06
2.1033483e-08
8.0154132e-06
1.9765628e-08
7.9968879e-06
1.8525301e-08
7.9795707e-06
1.7317255e-08
7.9634256e-06
1.6145098e-08
7.9484141e-06
1.501149e-08
7.9344958e-06
1.3918297e-08
7.9216291e-06
1.286672e-08
7.9097717e-06
1.1857399e-08
7.8988811e-06
1.0890528e-08
7.8889152e-06
9.9659529e-09
7.8798319e-06
9.0832992e-09
7.8715898e-06
8.242068e-09
7.8641478e-06
7.4420279e-09
7.8574656e-06
6.6821688e-09
7.8515051e-06
5.960547e-09
7.84623e-06
5.2751159e-09
7.8416059e-06
4.6240701e-09
7.8376001e-06
4.0057559e-09
7.8341815e-06
3.4186166e-09
7.8313203e-06
2.8611798e-09
7.8289883e-06
2.3320444e-09
7.8271584e-06
1.829865e-09
7.8258051e-06
1.353341e-09
7.8249039e-06
9.0116208e-10
7.8244319e-06
4.7206123e-10
7.824368e-06
6.3872963e-11
7.8246934e-06
-3.2545151e-10
7.8253901e-06
-6.9661683e-10
7.8264402e-06
-1.0501316e-09
7.8278268e-06
-1.3865813e-09
7.8295333e-06
-1.7065678e-09
7.8315441e-06
-2.0107058e-09
7.8338437e-06
-2.2996279e-09
7.8364177e-06
-2.5739777e-09
7.8392521e-06
-2.834402e-09
7.8423336e-06
-3.0815433e-09
7.8456496e-06
-3.3160343e-09
7.8491881e-06
-3.5384936e-09
7.8529377e-06
-3.7495218e-09
7.8568874e-06
-3.9496993e-09
7.8610269e-06
-4.1395846e-09
7.8653467e-06
-4.3197132e-09
7.8698372e-06
-4.4905973e-09
7.87449e-06
-4.6527251e-09
7.8792965e-06
-4.8065616e-09
7.8842491e-06
-4.9525486e-09
7.8893402e-06
-5.0911053e-09
7.8945628e-06
-5.222629e-09
7.8999103e-06
-5.3474957e-09
7.9053764e-06
-5.4660613e-09
7.910955e-06
-5.5786619e-09
7.9166407e-06
-5.6856152e-09
7.9224279e-06
-5.787221e-09
7.9283116e-06
-5.8837622e-09
7.9342871e-06
-5.9755058e-09
7.9403498e-06
-6.0627033e-09
7.9464954e-06
-6.1455921e-09
7.9527198e-06
-6.2243958e-09
7.9590192e-06
-6.2993251e-09
7.9653897e-06
-6.3705789e-09
7.9718281e-06
-6.4383442e-09
7.9783309e-06
-6.5027976e-09
7.984895e-06
-6.5641053e-09
7.9915174e-06
-6.6224241e-09
7.9981953e-06
-6.6779017e-09
8.004926e-06
-6.7306774e-09
8.0117069e-06
-6.7808826e-09
8.0185355e-06
-6.8286411e-09
8.0254096e-06
-6.8740697e-09
8.0323269e-06
-6.9172788e-09
8.0392852e-06
-6.9583723e-09
8.0462827e-06
-6.9974486e-09
8.0533173e-06
-7.0346002e-09
8.0603872e-06
-7.0699149e-09
8.0674907e-06
-7.1034754e-09
8.074626e-06
-7.1353599e-09
8.0817917e-06
-7.1656425e-09
8.0889861e-06
-7.1943931e-09
8.0962077e-06
-7.2216778e-09
8.1034553e-06
-7.2475594e-09
8.1107274e-06
-7.2720971e-09
8.1180228e-06
-7.2953472e-09
8.1253401e-06
-7.317363e-09
8.1326783e-06
-7.3381948e-09
8.1400362e-06
-7.3578907e-09
8.1474127e-06
-7.376496e-09
8.1548068e-06
-7.3940539e-09
8.1622174e-06
-7.4106053e-09
8.1696435e-06
-7.4261892e-09
8.1770844e-06
-7.4408425e-09
8.184539e-06
-7.4546004e-09
8.1920065e-06
-7.4674964e-09
8.1994861e-06
-7.4795623e-09
8.2069769e-06
-7.4908285e-09
8.2144782e-06
-7.5013238e-09
8.2219893e-06
-7.5110758e-09
8.2295094e-06
-7.5201107e-09
8.2370378e-06
-7.5284536e-09
8.244574e-06
-7.5361285e-09
8.2521171e-06
-7.5431582e-09
8.2596667e-06
-7.5495645e-09
8.2672221e-06
-7.5553683e-09
8.2747827e-06
-7.5605895e-09
8.2823479e-06
-7.5652472e-09
8.2899173e-06
-7.5693598e-09
8.2974902e-06
-7.5729447e-09
8.3050662e-06
-7.5760188e-09
8.3126448e-06
-7.5785981e-09
8.3202255e-06
-7.580698e-09
8.3278079e-06
-7.5823334e-09
8.3353914e-06
-7.5835185e-09
8.3429756e-06
-7.584267e-09
8.3505602e-06
-7.584592e-09
8.3581447e-06
-7.5845062e-09
8.3657288e-06
-7.5840218e-09
8.3733119e-06
-7.5831504e-09
8.3808938e-06
-7.5819034e-09
8.3884741e-06
-7.5802916e-09
8.3960524e-06
-7.5783254e-09
8.4036284e-06
-7.5760152e-09
8.4112018e-06
-7.5733705e-09
8.4187722e-06
-7.5704008e-09
8.4263393e-06
-7.5671152e-09
8.4339029e-06
-7.5635226e-09
8.4414625e-06
-7.5596314e-09
8.4490179e-06
-7.5554499e-09
8.4565689e-06
-7.550986e-09
8.4641152e-06
-7.5462475e-09
8.4716564e-06
-7.5412419e-09
8.4791924e-06
-7.5359763e-09
8.4867229e-06
-7.5304579e-09
8.4942475e-06
-7.5246934e-09
8.5017662e-06
-7.5186895e-09
8.5092787e-06
-7.5124524e-09
8.5167847e-06
-7.5059885e-09
8.524284e-06
-7.4993038e-09
8.5317764e-06
-7.492404e-09
8.5392617e-06
-7.4852948e-09
8.5467397e-06
-7.4779817e-09
8.5542101e-06
-7.47047e-09
8.5616729e-06
-7.4627646e-09
8.5691278e-06
-7.4548703e-09
8.5765746e-06
-7.4467917e-09
8.5840131e-06
-7.4385329e-09
8.5914432e-06
-7.4300973e-09
8.5988647e-06
-7.4214871e-09
8.6062774e-06
-7.4127031e-09
8.6136811e-06
-7.4037427e-09
8.6210757e-06
-7.3945974e-09
8.628461e-06
-7.3852487e-09
8.6358366e-06
-7.3756584e-09
8.6432024e-06
-7.3657527e-09
8.6505578e-06
-7.3553912e-09
8.6579021e-06
-7.3443018e-09
8.6652341e-06
-7.3319829e-09
8.6725514e-06
-7.3173505e-09
8.6798501e-06
-7.2986948e-09
8.6871203e-06
-7.2702234e-09
8.6943495e-06
-7.2291929e-09
8.7014718e-06
-7.1222841e-09
8.7085008e-06
-7.028964e-09
-6.1900428e-09
1.161182e-05
-5.8419733e-07
1.200495e-05
-6.382303e-07
1.2327851e-05
-5.7116883e-07
1.2590488e-05
-4.9829177e-07
1.2790348e-05
-4.1177081e-07
1.2933954e-05
-3.2608185e-07
1.3031469e-05
-2.5001926e-07
1.3092494e-05
-1.8528223e-07
1.312555e-05
-1.3176728e-07
1.3137844e-05
-8.8548223e-08
1.3135183e-05
-5.4206235e-08
1.3122075e-05
-2.7200569e-08
1.3101878e-05
-6.0516679e-09
1.3077214e-05
1.0356142e-08
1.305035e-05
2.2765703e-08
1.3023024e-05
3.1926338e-08
1.2996318e-05
3.8560995e-08
1.2970861e-05
4.3222973e-08
1.2947019e-05
4.6329236e-08
1.2924982e-05
4.8210494e-08
1.2904823e-05
4.9127124e-08
1.2886536e-05
4.9283683e-08
1.2870069e-05
4.8841859e-08
1.2855345e-05
4.7930364e-08
1.2842269e-05
4.6652407e-08
1.2830744e-05
4.5091358e-08
1.2820673e-05
4.3315004e-08
1.281196e-05
4.1378759e-08
1.2804515e-05
3.9328092e-08
1.2798255e-05
3.7200405e-08
1.2793103e-05
3.5026484e-08
1.2788987e-05
3.2831659e-08
1.2785841e-05
3.0636729e-08
1.2783606e-05
2.845871e-08
1.2782223e-05
2.6311477e-08
1.2781642e-05
2.420634e-08
1.2781812e-05
2.2153293e-08
1.2782686e-05
2.0158795e-08
1.2784228e-05
1.8224515e-08
1.27864e-05
1.6353284e-08
1.2789169e-05
1.4547655e-08
1.2792505e-05
1.2809428e-08
1.2796377e-05
1.1139645e-08
1.2800756e-05
9.5386605e-09
1.2805617e-05
8.0062393e-09
1.2810933e-05
6.5416518e-09
1.2816679e-05
5.1437573e-09
1.2822834e-05
3.8110813e-09
1.2829376e-05
2.5417489e-09
1.2836284e-05
1.3337367e-09
1.2843544e-05
1.8201023e-10
1.2851145e-05
-9.185779e-10
1.2859075e-05
-1.9695034e-09
1.2867321e-05
-2.9711573e-09
1.287587e-05
-3.924302e-09
1.2884705e-05
-4.8300042e-09
1.2893813e-05
-5.6895164e-09
1.2903179e-05
-6.5042483e-09
1.2912787e-05
-7.2757386e-09
1.2922622e-05
-8.0056192e-09
1.2932671e-05
-8.695577e-09
1.2942919e-05
-9.3473005e-09
1.2953354e-05
-9.9624595e-09
1.296396e-05
-1.0542249e-08
1.2974723e-05
-1.1088114e-08
1.2985628e-05
-1.1602256e-08
1.2996665e-05
-1.2086681e-08
1.3007822e-05
-1.2543146e-08
1.3019088e-05
-1.297326e-08
1.3030456e-05
-1.337851e-08
1.3041917e-05
-1.3760273e-08
1.3053463e-05
-1.4119833e-08
1.3065087e-05
-1.4458393e-08
1.3076782e-05
-1.4777086e-08
1.3088543e-05
-1.5076979e-08
1.3100364e-05
-1.5359081e-08
1.3112238e-05
-1.5624348e-08
1.3124162e-05
-1.5873684e-08
1.3136131e-05
-1.6107945e-08
1.3148139e-05
-1.6327943e-08
1.3160183e-05
-1.6534447e-08
1.3172258e-05
-1.6728185e-08
1.3184362e-05
-1.6909846e-08
1.3196489e-05
-1.7080081e-08
1.3208638e-05
-1.7239509e-08
1.3220804e-05
-1.7388711e-08
1.3232984e-05
-1.7528239e-08
1.3245177e-05
-1.7658612e-08
1.3257379e-05
-1.7780323e-08
1.3269587e-05
-1.7893834e-08
1.3281799e-05
-1.7999585e-08
1.3294013e-05
-1.8097986e-08
1.3306227e-05
-1.8189428e-08
1.3318439e-05
-1.8274278e-08
1.3330646e-05
-1.8352881e-08
1.3342847e-05
-1.8425565e-08
1.3355041e-05
-1.8492636e-08
1.3367224e-05
-1.8554386e-08
1.3379397e-05
-1.8611086e-08
1.3391557e-05
-1.8662995e-08
1.3403704e-05
-1.8710355e-08
1.3415835e-05
-1.8753397e-08
1.3427949e-05
-1.8792334e-08
1.3440046e-05
-1.8827373e-08
1.3452124e-05
-1.8858703e-08
1.3464181e-05
-1.8886507e-08
1.3476218e-05
-1.8910956e-08
1.3488233e-05
-1.8932211e-08
1.3500225e-05
-1.8950424e-08
1.3512194e-05
-1.896574e-08
1.3524137e-05
-1.8978293e-08
1.3536056e-05
-1.8988214e-08
1.3547948e-05
-1.8995622e-08
1.3559813e-05
-1.9000633e-08
1.3571651e-05
-1.9003355e-08
1.358346e-05
-1.9003891e-08
1.3595241e-05
-1.9002338e-08
1.3606992e-05
-1.8998788e-08
1.3618713e-05
-1.8993329e-08
1.3630404e-05
-1.8986042e-08
1.3642064e-05
-1.8977007e-08
1.3653692e-05
-1.8966298e-08
1.3665288e-05
-1.8953985e-08
1.3676852e-05
-1.8940135e-08
1.3688382e-05
-1.8924812e-08
1.369988e-05
-1.8908075e-08
1.3711344e-05
-1.8889984e-08
1.3722773e-05
-1.8870592e-08
1.3734169e-05
-1.8849951e-08
1.3745529e-05
-1.8828111e-08
1.3756855e-05
-1.8805119e-08
1.3768145e-05
-1.878102e-08
1.37794e-05
-1.8755857e-08
1.3790618e-05
-1.8729671e-08
1.3801801e-05
-1.8702501e-08
1.3812946e-05
-1.8674384e-08
1.3824056e-05
-1.8645357e-08
1.3835128e-05
-1.8615453e-08
1.3846163e-05
-1.8584705e-08
1.3857161e-05
-1.8553145e-08
1.3868121e-05
-1.8520802e-08
1.3879044e-05
-1.8487705e-08
1.3889928e-05
-1.8453882e-08
1.3900774e-05
-1.8419359e-08
1.3911583e-05
-1.8384162e-08
1.3922352e-05
-1.8348315e-08
1.3933084e-05
-1.8311842e-08
1.3943776e-05
-1.8274765e-08
1.395443e-05
-1.8237106e-08
1.3965044e-05
-1.8198887e-08
1.397562e-05
-1.8160126e-08
1.3986156e-05
-1.8120844e-08
1.3996653e-05
-1.808106e-08
1.4007111e-05
-1.8040792e-08
1.4017529e-05
-1.8000057e-08
1.4027907e-05
-1.7958872e-08
1.4038246e-05
-1.7917254e-08
1.4048546e-05
-1.7875218e-08
1.4058805e-05
-1.7832781e-08
1.4069025e-05
-1.7789956e-08
1.4079204e-05
-1.7746759e-08
1.4089344e-05
-1.7703202e-08
1.4099444e-05
-1.7659301e-08
1.4109503e-05
-1.7615068e-08
1.4119523e-05
-1.7570516e-08
1.4129502e-05
-1.7525657e-08
1.4139441e-05
-1.7480503e-08
1.414934e-05
-1.7435067e-08
1.4159199e-05
-1.7389359e-08
1.4169018e-05
-1.7343391e-08
1.4178797e-05
-1.7297174e-08
1.4188535e-05
-1.7250718e-08
1.4198233e-05
-1.7204032e-08
1.4207891e-05
-1.7157128e-08
1.4217508e-05
-1.7110015e-08
1.4227086e-05
-1.7062701e-08
1.4236623e-05
-1.7015197e-08
1.424612e-05
-1.696751e-08
1.4255577e-05
-1.6919649e-08
1.4264994e-05
-1.6871622e-08
1.427437e-05
-1.6823437e-08
1.4283707e-05
-1.6775099e-08
1.4293003e-05
-1.6726615e-08
1.430226e-05
-1.6677988e-08
1.4311476e-05
-1.6629221e-08
1.4320653e-05
-1.6580308e-08
1.432979e-05
-1.6531238e-08
1.4338886e-05
-1.6481983e-08
1.4347943e-05
-1.6432487e-08
1.435696e-05
-1.6382646e-08
1.4365937e-05
-1.6332264e-08
1.4374874e-05
-1.628098e-08
1.438377e-05
-1.6228174e-08
1.4392625e-05
-1.617248e-08
1.4401438e-05
-1.6112359e-08
1.4410208e-05
-1.603923e-08
1.4418938e-05
-1.5959551e-08
1.4427568e-05
-1.5752885e-08
1.4436249e-05
-1.5709145e-08
-1.3427333e-08
1.0264591e-05
-1.0137515e-06
1.0445078e-05
-8.1871741e-07
1.0511161e-05
-6.3725131e-07
1.0523065e-05
-5.1019593e-07
1.0502556e-05
-3.912613e-07
1.0468105e-05
-2.916311e-07
1.0430086e-05
-2.1200068e-07
1.0393938e-05
-1.4913387e-07
1.0362661e-05
-1.0049079e-07
1.0337764e-05
-6.3651284e-08
1.031982e-05
-3.6262094e-08
1.0308837e-05
-1.6217272e-08
1.0304469e-05
-1.6836856e-09
1.0306137e-05
8.6876634e-09
1.0313073e-05
1.5830038e-08
1.0324454e-05
2.0545381e-08
1.0339545e-05
2.3469743e-08
1.035769e-05
2.5078092e-08
1.0378306e-05
2.5713406e-08
1.0400888e-05
2.5628995e-08
1.0425002e-05
2.5012792e-08
1.0450281e-05
2.4004357e-08
1.0476415e-05
2.2708191e-08
1.0503142e-05
2.1203367e-08
1.0530244e-05
1.9550366e-08
1.0557539e-05
1.7795958e-08
1.0584878e-05
1.597669e-08
1.0612135e-05
1.4121372e-08
1.063921e-05
1.2252871e-08
1.0666021e-05
1.0389422e-08
1.0692502e-05
8.5456187e-09
1.0718601e-05
6.7332105e-09
1.0744275e-05
4.9618219e-09
1.0769494e-05
3.2401535e-09
1.0794229e-05
1.5766022e-09
1.0818445e-05
-9.5295408e-12
1.0842119e-05
-1.5208822e-09
1.0865253e-05
-2.9751957e-09
1.0887847e-05
-4.3695522e-09
1.0909901e-05
-5.7011779e-09
1.0931418e-05
-6.9689844e-09
1.09524e-05
-8.1727415e-09
1.0972853e-05
-9.3128845e-09
1.0992782e-05
-1.0390402e-08
1.1012195e-05
-1.1406702e-08
1.10311e-05
-1.2363494e-08
1.1049506e-05
-1.3262705e-08
1.1067424e-05
-1.4106403e-08
1.1084862e-05
-1.4896688e-08
1.1101832e-05
-1.5635674e-08
1.1118337e-05
-1.6322849e-08
1.1134377e-05
-1.6958894e-08
1.1149956e-05
-1.7549039e-08
1.1165083e-05
-1.8097942e-08
1.1179768e-05
-1.8608766e-08
1.1194022e-05
-1.9083837e-08
1.1207857e-05
-1.952503e-08
1.1221287e-05
-1.9933974e-08
1.1234323e-05
-2.031218e-08
1.1246979e-05
-2.0661101e-08
1.1259265e-05
-2.0982158e-08
1.1271195e-05
-2.1276745e-08
1.1282778e-05
-2.1546249e-08
1.1294028e-05
-2.1791882e-08
1.1304955e-05
-2.2014765e-08
1.1315569e-05
-2.2216196e-08
1.132588e-05
-2.2397505e-08
1.1335896e-05
-2.2559958e-08
1.1345628e-05
-2.2704759e-08
1.1355082e-05
-2.283303e-08
1.1364268e-05
-2.2945821e-08
1.1373192e-05
-2.3044105e-08
1.1381863e-05
-2.312879e-08
1.1390286e-05
-2.3200724e-08
1.139847e-05
-2.3260703e-08
1.140642e-05
-2.3309472e-08
1.1414144e-05
-2.3347731e-08
1.1421646e-05
-2.3376139e-08
1.1428934e-05
-2.3395319e-08
1.1436011e-05
-2.3405854e-08
1.1442885e-05
-2.3408296e-08
1.144956e-05
-2.3403163e-08
1.1456041e-05
-2.3390945e-08
1.1462333e-05
-2.3372102e-08
1.1468441e-05
-2.3347067e-08
1.1474368e-05
-2.3316247e-08
1.148012e-05
-2.3280027e-08
1.14857e-05
-2.3238768e-08
1.1491113e-05
-2.3192807e-08
1.1496362e-05
-2.3142465e-08
1.150145e-05
-2.3088039e-08
1.1506382e-05
-2.3029811e-08
1.151116e-05
-2.2968045e-08
1.1515789e-05
-2.2902987e-08
1.1520271e-05
-2.2834871e-08
1.152461e-05
-2.2763914e-08
1.1528807e-05
-2.2690319e-08
1.1532867e-05
-2.2614279e-08
1.1536792e-05
-2.2535973e-08
1.1540585e-05
-2.2455568e-08
1.1544247e-05
-2.2373224e-08
1.1547783e-05
-2.2289086e-08
1.1551194e-05
-2.2203295e-08
1.1554483e-05
-2.2115978e-08
1.1557651e-05
-2.2027258e-08
1.1560702e-05
-2.1937249e-08
1.1563637e-05
-2.1846056e-08
1.1566459e-05
-2.175378e-08
1.1569169e-05
-2.1660514e-08
1.1571769e-05
-2.1566346e-08
1.1574262e-05
-2.1471357e-08
1.157665e-05
-2.1375624e-08
1.1578933e-05
-2.127922e-08
1.1581115e-05
-2.1182211e-08
1.1583196e-05
-2.108466e-08
1.1585179e-05
-2.0986628e-08
1.1587065e-05
-2.0888168e-08
1.1588855e-05
-2.0789333e-08
1.1590552e-05
-2.0690171e-08
1.1592157e-05
-2.0590728e-08
1.1593671e-05
-2.0491047e-08
1.1595096e-05
-2.0391168e-08
1.1596433e-05
-2.0291127e-08
1.1597684e-05
-2.019096e-08
1.159885e-05
-2.00907e-08
1.1599932e-05
-1.9990379e-08
1.1600932e-05
-1.9890023e-08
1.1601851e-05
-1.9789662e-08
1.160269e-05
-1.968932e-08
1.1603451e-05
-1.9589022e-08
1.1604135e-05
-1.9488789e-08
1.1604743e-05
-1.9388643e-08
1.1605275e-05
-1.9288604e-08
1.1605734e-05
-1.9188689e-08
1.1606121e-05
-1.9088917e-08
1.1606436e-05
-1.8989304e-08
1.160668e-05
-1.8889865e-08
1.1606855e-05
-1.8790615e-08
1.1606962e-05
-1.8691567e-08
1.1607002e-05
-1.8592734e-08
1.1606975e-05
-1.8494129e-08
1.1606883e-05
-1.8395761e-08
1.1606727e-05
-1.8297643e-08
1.1606507e-05
-1.8199784e-08
1.1606226e-05
-1.8102193e-08
1.1605882e-05
-1.8004879e-08
1.1605478e-05
-1.7907852e-08
1.1605014e-05
-1.7811118e-08
1.1604492e-05
-1.7714685e-08
1.1603912e-05
-1.7618561e-08
1.1603274e-05
-1.7522751e-08
1.1602581e-05
-1.7427262e-08
1.1601832e-05
-1.7332101e-08
1.1601028e-05
-1.7237272e-08
1.1600171e-05
-1.7142781e-08
1.1599261e-05
-1.7048632e-08
1.1598298e-05
-1.6954832e-08
1.1597284e-05
-1.6861384e-08
1.159622e-05
-1.6768292e-08
1.1595106e-05
-1.6675561e-08
1.1593942e-05
-1.6583194e-08
1.159273e-05
-1.6491196e-08
1.159147e-05
-1.6399569e-08
1.1590164e-05
-1.6308316e-08
1.158881e-05
-1.6217442e-08
1.1587412e-05
-1.6126949e-08
1.1585968e-05
-1.603684e-08
1.158448e-05
-1.5947117e-08
1.1582949e-05
-1.5857783e-08
1.1581374e-05
-1.5768841e-08
1.1579757e-05
-1.5680292e-08
1.1578099e-05
-1.559214e-08
1.1576399e-05
-1.5504385e-08
1.1574659e-05
-1.541703e-08
1.1572879e-05
-1.5330077e-08
1.157106e-05
-1.5243527e-08
1.1569202e-05
-1.5157381e-08
1.1567306e-05
-1.5071641e-08
1.1565373e-05
-1.4986307e-08
1.1563402e-05
-1.4901381e-08
1.1561396e-05
-1.4816862e-08
1.1559354e-05
-1.4732751e-08
1.1557276e-05
-1.4649047e-08
1.1555164e-05
-1.4565748e-08
1.1553017e-05
-1.448285e-08
1.1550837e-05
-1.4400345e-08
1.1548624e-05
-1.4318219e-08
1.1546379e-05
-1.4236448e-08
1.1544101e-05
-1.4154988e-08
1.1541792e-05
-1.4073761e-08
1.1539453e-05
-1.3992633e-08
1.1537083e-05
-1.3911375e-08
1.1534685e-05
-1.3829685e-08
1.1532259e-05
-1.3746981e-08
1.1529811e-05
-1.3664225e-08
1.152735e-05
-1.3578493e-08
1.1524914e-05
-1.352299e-08
1.152257e-05
-1.3409054e-08
1.1520637e-05
-1.3776026e-08
-1.2153949e-08
7.4522902e-06
-1.1595754e-06
7.3381959e-06
-7.0462309e-07
7.2160736e-06
-5.1512899e-07
7.1111125e-06
-4.0523484e-07
7.0302832e-06
-3.104321e-07
6.973677e-06
-2.350249e-07
6.9369252e-06
-1.7524885e-07
6.9159117e-06
-1.2812039e-07
6.9073396e-06
-9.1918687e-08
6.9085657e-06
-6.4877362e-08
6.917495e-06
-4.5191484e-08
6.9324755e-06
-3.1197702e-08
6.9522515e-06
-2.1459725e-08
6.9757319e-06
-1.4792726e-08
7.0018757e-06
-1.0313769e-08
7.0298388e-06
-7.4176798e-09
7.0589547e-06
-5.6461543e-09
7.0886914e-06
-4.6586508e-09
7.1186201e-06
-4.2152909e-09
7.148396e-06
-4.1469003e-09
7.1777431e-06
-4.3342964e-09
7.2064415e-06
-4.6940326e-09
7.2343173e-06
-5.1676145e-09
7.2612345e-06
-5.7138138e-09
7.2870882e-06
-6.3033671e-09
7.3117995e-06
-6.9153262e-09
7.3353107e-06
-7.5345588e-09
7.3575822e-06
-8.1500463e-09
7.3785888e-06
-8.7537195e-09
7.3983178e-06
-9.3396559e-09
7.416767e-06
-9.9035116e-09
7.4339423e-06
-1.0442089e-08
7.4498571e-06
-1.0953005e-08
7.4645315e-06
-1.1434213e-08
7.4779925e-06
-1.1884414e-08
7.4902886e-06
-1.2305658e-08
7.5014637e-06
-1.2695984e-08
7.5115434e-06
-1.3054918e-08
7.5205601e-06
-1.3386189e-08
7.5285497e-06
-1.3690824e-08
7.5355501e-06
-1.3969352e-08
7.5415996e-06
-1.4222299e-08
7.5467371e-06
-1.4450311e-08
7.5510008e-06
-1.4654183e-08
7.554429e-06
-1.483483e-08
7.5570587e-06
-1.4993251e-08
7.5589265e-06
-1.5130499e-08
7.5600678e-06
-1.5247658e-08
7.5605169e-06
-1.5345824e-08
7.5603075e-06
-1.5426296e-08
7.5594742e-06
-1.5489559e-08
7.5580508e-06
-1.5535499e-08
7.5560671e-06
-1.5565332e-08
7.5535501e-06
-1.5580944e-08
7.5505253e-06
-1.5583905e-08
7.5470168e-06
-1.5575417e-08
7.5430482e-06
-1.5556419e-08
7.5386419e-06
-1.5527684e-08
7.5338197e-06
-1.5489891e-08
7.5286022e-06
-1.5443664e-08
7.5230097e-06
-1.5389598e-08
7.5170612e-06
-1.5328266e-08
7.5107752e-06
-1.5260243e-08
7.5041693e-06
-1.5186043e-08
7.4972607e-06
-1.5106107e-08
7.4900654e-06
-1.5020918e-08
7.4825989e-06
-1.4930969e-08
7.4748756e-06
-1.4836725e-08
7.4669095e-06
-1.4738635e-08
7.4587136e-06
-1.4637117e-08
7.4503003e-06
-1.4532561e-08
7.4416816e-06
-1.4425328e-08
7.4328685e-06
-1.4315748e-08
7.4238719e-06
-1.420413e-08
7.414702e-06
-1.4090756e-08
7.4053684e-06
-1.3975889e-08
7.3958804e-06
-1.385977e-08
7.3862469e-06
-1.3742626e-08
7.3764763e-06
-1.3624663e-08
7.3665765e-06
-1.3506076e-08
7.3565552e-06
-1.3387043e-08
7.3464198e-06
-1.3267728e-08
7.3361771e-06
-1.3148283e-08
7.3258339e-06
-1.302885e-08
7.3153964e-06
-1.2909558e-08
7.3048706e-06
-1.2790524e-08
7.2942625e-06
-1.2671859e-08
7.2835774e-06
-1.2553661e-08
7.2728206e-06
-1.2436021e-08
7.2619971e-06
-1.2319021e-08
7.2511118e-06
-1.2202737e-08
7.2401693e-06
-1.2087237e-08
7.2291738e-06
-1.1972581e-08
7.2181296e-06
-1.1858824e-08
7.2070408e-06
-1.1746016e-08
7.1959111e-06
-1.1634199e-08
7.1847441e-06
-1.1523411e-08
7.1735436e-06
-1.1413687e-08
7.1623126e-06
-1.1305056e-08
7.1510546e-06
-1.1197542e-08
7.1397726e-06
-1.1091167e-08
7.1284694e-06
-1.0985949e-08
7.117148e-06
-1.0881903e-08
7.1058111e-06
-1.0779039e-08
7.0944612e-06
-1.0677368e-08
7.0831008e-06
-1.0576894e-08
7.0717324e-06
-1.0477623e-08
7.0603582e-06
-1.0379555e-08
7.0489804e-06
-1.0282691e-08
7.037601e-06
-1.0187029e-08
7.0262222e-06
-1.0092565e-08
7.0148459e-06
-9.9992937e-09
7.0034739e-06
-9.9072092e-09
6.992108e-06
-9.8163037e-09
6.9807499e-06
-9.7265682e-09
6.9694013e-06
-9.6379931e-09
6.9580637e-06
-9.5505677e-09
6.9467386e-06
-9.4642806e-09
6.9354276e-06
-9.3791195e-09
6.9241319e-06
-9.2950718e-09
6.912853e-06
-9.2121241e-09
6.9015921e-06
-9.1302627e-09
6.8903504e-06
-9.0494733e-09
6.8791292e-06
-8.9697414e-09
6.8679296e-06
-8.8910523e-09
6.8567526e-06
-8.8133909e-09
6.8455993e-06
-8.7367418e-09
6.8344707e-06
-8.6610899e-09
6.8233678e-06
-8.5864196e-09
6.8122915e-06
-8.5127154e-09
6.8012427e-06
-8.4399618e-09
6.7902222e-06
-8.3681431e-09
6.7792308e-06
-8.297244e-09
6.7682694e-06
-8.2272488e-09
6.7573386e-06
-8.1581423e-09
6.7464392e-06
-8.0899091e-09
6.7355719e-06
-8.0225341e-09
6.7247373e-06
-7.9560023e-09
6.713936e-06
-7.8902987e-09
6.7031687e-06
-7.8254087e-09
6.6924359e-06
-7.7613178e-09
6.6817381e-06
-7.6980116e-09
6.6710759e-06
-7.6354761e-09
6.6604499e-06
-7.5736972e-09
6.6498603e-06
-7.5126614e-09
6.6393078e-06
-7.4523551e-09
6.6287927e-06
-7.3927652e-09
6.6183155e-06
-7.3338785e-09
6.6078765e-06
-7.2756825e-09
6.5974761e-06
-7.2181644e-09
6.5871146e-06
-7.161312e-09
6.5767925e-06
-7.1051134e-09
6.5665099e-06
-7.0495566e-09
6.5562673e-06
-6.9946302e-09
6.5460648e-06
-6.9403227e-09
6.5359028e-06
-6.8866233e-09
6.5257815e-06
-6.833521e-09
6.5157011e-06
-6.7810052e-09
6.5056619e-06
-6.7290657e-09
6.495664e-06
-6.6776924e-09
6.4857077e-06
-6.6268754e-09
6.4757931e-06
-6.5766052e-09
6.4659204e-06
-6.5268722e-09
6.4560898e-06
-6.4776675e-09
6.4463013e-06
-6.4289821e-09
6.4365552e-06
-6.3808072e-09
6.4268515e-06
-6.3331345e-09
6.4171903e-06
-6.2859555e-09
6.4075718e-06
-6.2392622e-09
6.397996e-06
-6.1930468e-09
6.388463e-06
-6.1473016e-09
6.3789729e-06
-6.1020189e-09
6.3695257e-06
-6.0571915e-09
6.3601215e-06
-6.0128122e-09
6.3507603e-06
-5.9688738e-09
6.3414421e-06
-5.9253695e-09
6.332167e-06
-5.8822925e-09
6.322935e-06
-5.8396361e-09
6.3137461e-06
-5.7973936e-09
6.3046003e-06
-5.7555585e-09
6.2954976e-06
-5.7141242e-09
6.2864379e-06
-5.6730842e-09
6.2774213e-06
-5.6324315e-09
6.2684477e-06
-5.592159e-09
6.2595171e-06
-5.5522583e-09
6.2506295e-06
-5.5127198e-09
6.2417848e-06
-5.4735305e-09
6.232983e-06
-5.4346721e-09
6.2242241e-06
-5.3961162e-09
6.2155082e-06
-5.357817e-09
6.2068353e-06
-5.3197007e-09
6.1982055e-06
-5.2816396e-09
6.1896193e-06
-5.2435042e-09
6.1810772e-06
-5.2048614e-09
6.1725802e-06
-5.1671984e-09
6.1641279e-06
-5.1262214e-09
6.1557253e-06
-5.1203791e-09
6.1473958e-06
-5.079509e-09
6.1391397e-06
-5.520004e-09
-6.4006267e-09
4.7661572e-06
-8.7733467e-07
4.5007612e-06
-4.3922702e-07
4.3110959e-06
-3.2546376e-07
4.1599582e-06
-2.5409714e-07
4.0441699e-06
-1.9464375e-07
3.9566744e-06
-1.4752935e-07
3.8910207e-06
-1.0959516e-07
3.8424664e-06
-7.9566115e-08
3.8071311e-06
-5.6583345e-08
3.7817931e-06
-3.9539337e-08
3.7638623e-06
-2.7260701e-08
3.7513119e-06
-1.8647321e-08
3.7426144e-06
-1.2762251e-08
3.7366376e-06
-8.8159137e-09
3.7325114e-06
-6.1875619e-09
3.729561e-06
-4.4672495e-09
3.7272816e-06
-3.366768e-09
3.7253037e-06
-2.6807529e-09
3.7233576e-06
-2.2692023e-09
3.7212481e-06
-2.0374286e-09
3.7188356e-06
-1.9217546e-09
3.7160215e-06
-1.8799407e-09
3.7127381e-06
-1.884229e-09
3.7089408e-06
-1.9164803e-09
3.7046023e-06
-1.9649013e-09
3.6997088e-06
-2.0218588e-09
3.6942567e-06
-2.082434e-09
3.6882501e-06
-2.1434751e-09
3.6816994e-06
-2.202981e-09
3.6746195e-06
-2.2597001e-09
3.6670288e-06
-2.3128684e-09
3.6589487e-06
-2.3620238e-09
3.6504026e-06
-2.4068927e-09
3.6414156e-06
-2.447223e-09
3.632014e-06
-2.4827672e-09
3.6222247e-06
-2.5163195e-09
3.6120754e-06
-2.5467334e-09
3.601592e-06
-2.5714976e-09
3.5907981e-06
-2.5923476e-09
3.5797174e-06
-2.6101047e-09
3.5683732e-06
-2.6250771e-09
3.5567883e-06
-2.6374204e-09
3.5449852e-06
-2.6472444e-09
3.5329857e-06
-2.6546573e-09
3.5208106e-06
-2.6597777e-09
3.5084801e-06
-2.6627338e-09
3.4960133e-06
-2.6636582e-09
3.4834283e-06
-2.6626908e-09
3.4707424e-06
-2.6599582e-09
3.4579719e-06
-2.6557439e-09
3.4451325e-06
-2.6501751e-09
3.4322399e-06
-2.6429101e-09
3.4193085e-06
-2.6338914e-09
3.406351e-06
-2.6234472e-09
3.393379e-06
-2.6118839e-09
3.3804029e-06
-2.5994042e-09
3.3674327e-06
-2.5861337e-09
3.3544771e-06
-2.5721481e-09
3.3415447e-06
-2.5574975e-09
3.3286433e-06
-2.5422218e-09
3.3157801e-06
-2.5263598e-09
3.3029617e-06
-2.5099504e-09
3.2901945e-06
-2.4930491e-09
3.2774842e-06
-2.4757017e-09
3.264836e-06
-2.4579263e-09
3.2522549e-06
-2.4397588e-09
3.2397451e-06
-2.4212428e-09
3.2273108e-06
-2.4024193e-09
3.2149555e-06
-2.3833301e-09
3.2026824e-06
-2.3640165e-09
3.1904944e-06
-2.3445172e-09
3.1783939e-06
-2.3248672e-09
3.1663833e-06
-2.3050985e-09
3.1544644e-06
-2.2852401e-09
3.1426389e-06
-2.2653184e-09
3.1309084e-06
-2.2453579e-09
3.119274e-06
-2.2253809e-09
3.1077368e-06
-2.2054079e-09
3.0962976e-06
-2.1854583e-09
3.0849571e-06
-2.1655496e-09
3.0737157e-06
-2.1456985e-09
3.0625739e-06
-2.12592e-09
3.0515319e-06
-2.1062283e-09
3.0405897e-06
-2.0866363e-09
3.0297473e-06
-2.067156e-09
3.0190045e-06
-2.0477983e-09
3.0083612e-06
-2.0285733e-09
2.9978171e-06
-2.0094902e-09
2.9873716e-06
-1.9905572e-09
2.9770244e-06
-1.971782e-09
2.9667748e-06
-1.9531712e-09
2.9566223e-06
-1.934731e-09
2.9465662e-06
-1.9164667e-09
2.9366057e-06
-1.898383e-09
2.9267402e-06
-1.8804842e-09
2.9169688e-06
-1.8627739e-09
2.9072906e-06
-1.8452551e-09
2.8977049e-06
-1.8279304e-09
2.8882106e-06
-1.810802e-09
2.878807e-06
-1.7938715e-09
2.8694929e-06
-1.7771403e-09
2.8602676e-06
-1.7606093e-09
2.85113e-06
-1.7442791e-09
2.8420791e-06
-1.7281499e-09
2.8331139e-06
-1.7122217e-09
2.8242335e-06
-1.6964941e-09
2.8154369e-06
-1.6809667e-09
2.806723e-06
-1.6656386e-09
2.7980908e-06
-1.6505087e-09
2.7895393e-06
-1.6355759e-09
2.7810676e-06
-1.6208387e-09
2.7726746e-06
-1.6062957e-09
2.7643593e-06
-1.591945e-09
2.7561208e-06
-1.5777848e-09
2.7479581e-06
-1.5638131e-09
2.7398701e-06
-1.5500278e-09
2.731856e-06
-1.5364269e-09
2.7239147e-06
-1.5230079e-09
2.7160453e-06
-1.5097686e-09
2.708247e-06
-1.4967065e-09
2.7005187e-06
-1.4838193e-09
2.6928595e-06
-1.4711043e-09
2.6852686e-06
-1.4585591e-09
2.677745e-06
-1.4461811e-09
2.670288e-06
-1.4339676e-09
2.6628965e-06
-1.421916e-09
2.6555698e-06
-1.4100238e-09
2.648307e-06
-1.3982882e-09
2.6411072e-06
-1.3867067e-09
2.6339698e-06
-1.3752765e-09
2.6268938e-06
-1.3639951e-09
2.6198786e-06
-1.3528598e-09
2.6129232e-06
-1.3418681e-09
2.6060269e-06
-1.3310173e-09
2.5991891e-06
-1.3203049e-09
2.5924089e-06
-1.3097283e-09
2.5856857e-06
-1.299285e-09
2.5790187e-06
-1.2889726e-09
2.5724071e-06
-1.2787886e-09
2.5658505e-06
-1.2687304e-09
2.5593479e-06
-1.2587958e-09
2.5528989e-06
-1.2489824e-09
2.5465027e-06
-1.2392879e-09
2.5401587e-06
-1.22971e-09
2.5338663e-06
-1.2202465e-09
2.5276249e-06
-1.2108951e-09
2.5214337e-06
-1.2016538e-09
2.5152924e-06
-1.1925204e-09
2.5092002e-06
-1.1834929e-09
2.5031566e-06
-1.1745692e-09
2.497161e-06
-1.1657473e-09
2.491213e-06
-1.1570253e-09
2.4853118e-06
-1.1484013e-09
2.479457e-06
-1.1398734e-09
2.4736482e-06
-1.1314398e-09
2.4678846e-06
-1.1230988e-09
2.462166e-06
-1.1148485e-09
2.4564916e-06
-1.1066874e-09
2.4508612e-06
-1.0986138e-09
2.4452741e-06
-1.0906261e-09
2.43973e-06
-1.0827227e-09
2.4342283e-06
-1.0749021e-09
2.4287686e-06
-1.0671628e-09
2.4233504e-06
-1.0595035e-09
2.4179733e-06
-1.0519227e-09
2.4126369e-06
-1.0444191e-09
2.4073408e-06
-1.0369912e-09
2.4020845e-06
-1.0296379e-09
2.3968676e-06
-1.022358e-09
2.3916897e-06
-1.01515e-09
2.3865504e-06
-1.0080129e-09
2.3814493e-06
-1.0009456e-09
2.3763861e-06
-9.9394674e-10
2.3713603e-06
-9.8701535e-10
2.3663716e-06
-9.8015029e-10
2.3614195e-06
-9.7335042e-10
2.3565039e-06
-9.6661472e-10
2.3516242e-06
-9.5994209e-10
2.3467801e-06
-9.5333146e-10
2.3419713e-06
-9.4678177e-10
2.3371975e-06
-9.4029193e-10
2.3324583e-06
-9.3386083e-10
2.3277533e-06
-9.274872e-10
2.3230823e-06
-9.2116969e-10
2.318445e-06
-9.1490667e-10
2.313841e-06
-9.0869593e-10
2.30927e-06
-9.0253428e-10
2.3047317e-06
-8.9641689e-10
2.3002259e-06
-8.9033577e-10
2.2957524e-06
-8.842773e-10
2.2913109e-06
-8.782208e-10
2.2869014e-06
-8.7211891e-10
2.2825239e-06
-8.659769e-10
2.2781785e-06
-8.5945011e-10
2.2738652e-06
-8.5395669e-10
2.2695836e-06
-8.4456058e-10
2.2653193e-06
-8.5609611e-10
2.2610822e-06
-8.424518e-10
2.2565264e-06
-9.6422103e-10
-2.2162916e-09
2.4824917e-06
2.0432647e-06
1.7178009e-06
1.4637038e-06
1.26906e-06
1.1215307e-06
1.0119355e-06
9.3236938e-07
8.7578604e-07
8.362467e-07
8.08986e-07
7.9033868e-07
7.7757643e-07
7.6876051e-07
7.6257295e-07
7.581057e-07
7.5473894e-07
7.5205818e-07
7.4978898e-07
7.4775155e-07
7.458298e-07
7.4394985e-07
7.4206562e-07
7.4014914e-07
7.3818424e-07
7.3616238e-07
7.3407995e-07
7.3193648e-07
7.297335e-07
7.274738e-07
7.2516093e-07
7.227989e-07
7.2039201e-07
7.1794479e-07
7.1546202e-07
7.129457e-07
7.1039897e-07
7.0782747e-07
7.0523512e-07
7.0262502e-07
6.9999994e-07
6.9736252e-07
6.9471528e-07
6.9206062e-07
6.8940084e-07
6.8673811e-07
6.8407445e-07
6.8141176e-07
6.787518e-07
6.7609606e-07
6.7344588e-07
6.7080297e-07
6.6816908e-07
6.6554563e-07
6.6293375e-07
6.6033434e-07
6.5774821e-07
6.5517606e-07
6.5261856e-07
6.5007634e-07
6.4754998e-07
6.4504003e-07
6.4254698e-07
6.4007128e-07
6.3761335e-07
6.351736e-07
6.3275235e-07
6.3034993e-07
6.279666e-07
6.2560259e-07
6.2325807e-07
6.209332e-07
6.186281e-07
6.1634286e-07
6.1407755e-07
6.1183219e-07
6.0960681e-07
6.074014e-07
6.0521594e-07
6.0305039e-07
6.0090469e-07
5.9877877e-07
5.9667254e-07
5.9458591e-07
5.9251875e-07
5.9047095e-07
5.8844238e-07
5.8643289e-07
5.8444233e-07
5.8247055e-07
5.8051738e-07
5.7858265e-07
5.7666618e-07
5.747678e-07
5.7288731e-07
5.7102454e-07
5.6917929e-07
5.6735136e-07
5.6554055e-07
5.6374668e-07
5.6196954e-07
5.6020893e-07
5.5846465e-07
5.567365e-07
5.5502428e-07
5.5332779e-07
5.5164682e-07
5.4998118e-07
5.4833067e-07
5.466951e-07
5.4507426e-07
5.4346796e-07
5.4187602e-07
5.4029823e-07
5.3873442e-07
5.3718439e-07
5.3564797e-07
5.3412496e-07
5.3261519e-07
5.3111848e-07
5.2963466e-07
5.2816356e-07
5.26705e-07
5.2525882e-07
5.2382485e-07
5.2240293e-07
5.2099291e-07
5.1959462e-07
5.1820792e-07
5.1683264e-07
5.1546864e-07
5.1411578e-07
5.1277392e-07
5.114429e-07
5.1012259e-07
5.0881287e-07
5.0751358e-07
5.0622461e-07
5.0494582e-07
5.0367709e-07
5.0241829e-07
5.0116931e-07
4.9993002e-07
4.9870031e-07
4.9748007e-07
4.9626917e-07
4.9506752e-07
4.93875e-07
4.926915e-07
4.9151694e-07
4.9035119e-07
4.8919416e-07
4.8804576e-07
4.8690589e-07
4.8577445e-07
4.8465135e-07
4.835365e-07
4.8242981e-07
4.813312e-07
4.8024057e-07
4.7915785e-07
4.7808295e-07
4.7701579e-07
4.7595628e-07
4.7490436e-07
4.7385994e-07
4.7282295e-07
4.7179331e-07
4.7077095e-07
4.697558e-07
4.6874779e-07
4.6774684e-07
4.667529e-07
4.6576588e-07
4.6478573e-07
4.6381238e-07
4.6284577e-07
4.6188582e-07
4.6093249e-07
4.5998571e-07
4.5904542e-07
4.5811156e-07
4.5718407e-07
4.562629e-07
4.55348e-07
4.544393e-07
4.5353677e-07
4.5264035e-07
4.5175001e-07
4.5086574e-07
4.4998751e-07
4.491154e-07
4.4824942e-07
4.4738997e-07
4.4653601e-07
4.4569145e-07
4.4483536e-07
4.439929e-07
4.4302868e-07
)
;

boundaryField
{
    exteriorWall
    {
        type            calculated;
        value           uniform 0;
    }
    inlet
    {
        type            calculated;
        value           nonuniform List<scalar> 6(-6.749668e-06 -1.1204685e-05 -9.8350371e-06 -7.3064662e-06 -5.0483979e-06 -3.3598263e-06);
    }
    outlet
    {
        type            calculated;
        value           nonuniform List<scalar> 6(8.7146908e-06 1.4443486e-05 1.1519363e-05 6.1333864e-06 2.2523421e-06 4.4081239e-07);
    }
    walls
    {
        type            calculated;
        value           nonuniform List<scalar> 0();
    }
    frontAndBack
    {
        type            empty;
        value           nonuniform List<scalar> 0();
    }
    frontAndBack_pos
    {
        type            wedge;
        value           nonuniform List<scalar> 
1200
(
-1.6753471e-15
4.1288189e-16
-3.4769101e-15
7.8080229e-15
-1.3039895e-14
3.0184492e-15
-2.9878048e-15
6.6031971e-16
-4.5646395e-15
8.0328621e-15
-1.2047356e-14
2.5783314e-15
-3.3343779e-15
6.8251337e-16
-4.0848671e-15
5.8415611e-15
-8.2586677e-15
1.6300981e-15
-3.3207479e-15
6.401014e-16
-3.5023784e-15
4.4296888e-15
-6.4024727e-15
1.1770664e-15
-3.1409165e-15
5.6554454e-16
-2.8805512e-15
3.3141354e-15
-5.087378e-15
8.5355541e-16
-2.860194e-15
4.744063e-16
-2.2740978e-15
2.3962211e-15
-4.0289355e-15
6.0174044e-16
-2.54365e-15
3.8189324e-16
-1.7421191e-15
1.6774631e-15
-3.1695234e-15
4.0944552e-16
-2.2284128e-15
2.9581801e-16
-1.2973424e-15
1.126611e-15
-2.4650594e-15
2.6620775e-16
-1.9298321e-15
2.1944059e-16
-9.3510867e-16
7.1393538e-16
-1.895571e-15
1.6402812e-16
-1.6539957e-15
1.5390322e-16
-6.4616465e-16
4.1396254e-16
-1.4466264e-15
9.4360358e-17
-1.4021119e-15
9.90302e-17
-4.1927738e-16
2.0285909e-16
-1.1016524e-15
4.8799928e-17
-1.1728881e-15
5.3874744e-17
-2.4304757e-16
5.926673e-17
-8.4270945e-16
2.0214737e-17
-9.6441409e-16
1.7139935e-17
-1.0687335e-16
-3.5015064e-17
-6.5233096e-16
3.1436909e-18
-7.737138e-16
-1.2447603e-17
-2.2613895e-18
-9.4206045e-17
-5.1439193e-16
-6.4728875e-18
-5.9623018e-16
-3.5932608e-17
7.6314925e-17
-1.2869834e-16
-4.1516157e-16
-1.1544577e-17
-4.289164e-16
-5.4211005e-17
1.3361016e-16
-1.4601988e-16
-3.4435964e-16
-1.3887064e-17
-2.7343402e-16
-6.8100288e-17
1.7427354e-16
-1.5163877e-16
-2.9439058e-16
-1.4640652e-17
-1.331382e-16
-7.8342485e-17
2.0224967e-16
-1.4936671e-16
-2.5945818e-16
-1.4531361e-17
-9.619902e-18
-8.5595378e-17
2.2054117e-16
-1.4176669e-16
-2.3521477e-16
-1.3990278e-17
9.701392e-17
-9.0425315e-17
2.3140864e-16
-1.3057369e-16
-2.1847169e-16
-1.3259292e-17
1.8737519e-16
-9.3302403e-17
2.3657524e-16
-1.169832e-16
-2.0692539e-16
-1.2467856e-17
2.6249097e-16
-9.4611682e-17
2.3735835e-16
-1.0182468e-16
-1.989374e-16
-1.1679946e-17
3.2363866e-16
-9.4667648e-17
2.3476904e-16
-8.5679884e-17
-1.9335686e-16
-1.0923037e-17
3.7221584e-16
-9.3726851e-17
2.295885e-16
-6.8964278e-17
-1.8938227e-16
-1.0205517e-17
4.096477e-16
-9.1998944e-17
2.2242504e-16
-5.1980829e-17
-1.86459e-16
-9.5266223e-18
4.3732553e-16
-8.9655736e-17
2.1375629e-16
-3.4955068e-17
-1.8420527e-16
-8.8818489e-18
4.5656664e-16
-8.683826e-17
2.0396033e-16
-1.8058087e-17
-1.8235961e-16
-8.2657392e-18
4.6859017e-16
-8.3662647e-17
1.9333883e-16
-1.4216321e-18
-1.8074387e-16
-7.6732197e-18
4.7450445e-16
-8.0224688e-17
1.82134e-16
1.4851876e-17
-1.7923754e-16
-7.1001056e-18
4.7530278e-16
-7.6603396e-17
1.7054143e-16
3.0682516e-17
-1.7775994e-16
-6.5432173e-18
4.7186499e-16
-7.286396e-17
1.5871968e-16
4.6007976e-17
-1.7625791e-16
-6.0003065e-18
4.6496292e-16
-6.9060005e-17
1.4679783e-16
6.0779583e-17
-1.7469708e-16
-5.4699463e-18
4.5526827e-16
-6.5235458e-17
1.3488158e-16
7.4958579e-17
-1.7305581e-16
-4.9514365e-18
4.4336216e-16
-6.1425844e-17
1.2305966e-16
8.8509259e-17
-1.7132003e-16
-4.4448613e-18
4.297448e-16
-5.7659125e-17
1.114095e-16
1.0139514e-16
-1.6948688e-16
-3.9523287e-18
4.1484599e-16
-5.3953047e-17
1.0003087e-16
1.1353413e-16
-1.6762441e-16
-3.4681062e-18
3.9903552e-16
-5.0324054e-17
8.8959615e-17
1.2486431e-16
-1.6578275e-16
-3.0019752e-18
3.8261899e-16
-4.679161e-17
7.8181864e-17
1.3549318e-16
-1.6392018e-16
-2.5671414e-18
3.6583302e-16
-4.3369449e-17
6.7696286e-17
1.4549025e-16
-1.6201784e-16
-2.1561799e-18
3.4886967e-16
-4.0065006e-17
5.752331e-17
1.5487183e-16
-1.6008216e-16
-1.7624271e-18
3.318924e-16
-3.6882534e-17
4.7682324e-17
1.6364377e-16
-1.5812086e-16
-1.3837104e-18
3.1503795e-16
-3.382441e-17
3.8187183e-17
1.7181435e-16
-1.5614036e-16
-1.0198112e-18
2.9841765e-16
-3.0891673e-17
2.9046668e-17
1.7939579e-16
-1.5414577e-16
-6.7101991e-19
2.8212015e-16
-2.8084282e-17
2.0265102e-17
1.8640425e-16
-1.521414e-16
-3.3757318e-19
2.6621453e-16
-2.540131e-17
1.1843061e-17
1.9285905e-16
-1.5013104e-16
-1.9518198e-20
2.5075326e-16
-2.2841092e-17
3.7780631e-18
1.9878175e-16
-1.481181e-16
2.8328876e-19
2.3577521e-16
-2.0401336e-17
-3.9347892e-18
2.0419526e-16
-1.4610568e-16
5.711385e-19
2.2130853e-16
-1.8079256e-17
-1.1302394e-17
2.0912318e-16
-1.4409676e-16
8.4443851e-19
2.0737452e-16
-1.5871549e-17
-1.8333473e-17
2.1358884e-16
-1.4209435e-16
1.103551e-18
1.9399081e-16
-1.3774575e-17
-2.5037774e-17
2.1761535e-16
-1.4010432e-16
1.3493306e-18
1.8119282e-16
-1.1781619e-17
-3.1427315e-17
2.2120759e-16
-1.3813309e-16
1.5818724e-18
1.690306e-16
-9.8820341e-18
-3.7514505e-17
2.2436256e-16
-1.3618267e-16
1.799081e-18
1.5752191e-16
-8.0691851e-18
-4.3319801e-17
2.2710318e-16
-1.3425628e-16
1.9997132e-18
1.466409e-16
-6.3403829e-18
-4.8858759e-17
2.2947125e-16
-1.3235838e-16
2.184733e-18
1.3634068e-16
-4.694386e-18
-5.4140816e-17
2.3150782e-16
-1.3049024e-16
2.3559804e-18
1.2657141e-16
-3.129909e-18
-5.9172789e-17
2.3324667e-16
-1.2864969e-16
2.5153316e-18
1.172874e-16
-1.6454551e-18
-6.3960868e-17
2.347149e-16
-1.2683322e-16
2.6644145e-18
1.0844898e-16
-2.3900192e-19
-6.851147e-17
2.3593456e-16
-1.2503732e-16
2.8045047e-18
1.0002237e-16
1.091931e-18
-7.28316e-17
2.3692417e-16
-1.2325913e-16
2.9365573e-18
9.19788e-17
2.3499325e-18
-7.6928892e-17
2.3769983e-16
-1.2149675e-16
3.0612851e-18
8.4293262e-17
3.5378279e-18
-8.0811497e-17
2.3827601e-16
-1.1974917e-16
3.179217e-18
7.6942659e-17
4.6585542e-18
-8.4487808e-17
2.3866603e-16
-1.180161e-16
3.290747e-18
6.9905313e-17
5.7150643e-18
-8.7966322e-17
2.3888253e-16
-1.1629797e-16
3.3962339e-18
6.3143231e-17
6.7104484e-18
-9.1253481e-17
2.3893753e-16
-1.1459518e-16
3.4959749e-18
5.6606196e-17
7.6476037e-18
-9.435519e-17
2.3884224e-16
-1.1290746e-16
3.5901743e-18
5.0273299e-17
8.5295634e-18
-9.7280531e-17
2.386073e-16
-1.1123493e-16
3.6790802e-18
4.4143648e-17
9.3592487e-18
-1.0004036e-16
2.3824245e-16
-1.0957863e-16
3.7629109e-18
3.8219946e-17
1.0139459e-17
-1.0264517e-16
2.3775656e-16
-1.0794015e-16
3.8417802e-18
3.2503928e-17
1.0872867e-17
-1.0510459e-16
2.3715796e-16
-1.0632136e-16
3.9157476e-18
2.699577e-17
1.1562007e-17
-1.0742745e-16
2.3645458e-16
-1.0472406e-16
3.9848506e-18
2.16939e-17
1.2209277e-17
-1.0962175e-16
2.3565397e-16
-1.0314992e-16
4.0491286e-18
1.6595131e-17
1.2816959e-17
-1.1169482e-16
2.3476329e-16
-1.0160029e-16
4.1086337e-18
1.1694966e-17
1.3387217e-17
-1.1365337e-16
2.3378932e-16
-1.000763e-16
4.1634346e-18
6.9879292e-18
1.3922117e-17
-1.1550358e-16
2.3273849e-16
-9.8578812e-17
4.2136163e-18
2.4678676e-18
1.4423619e-17
-1.1725118e-16
2.3161691e-16
-9.7108468e-17
4.2592762e-18
-1.8718036e-18
1.4893594e-17
-1.1890151e-16
2.3043033e-16
-9.5665739e-17
4.3005312e-18
-6.0379119e-18
1.5333818e-17
-1.2045955e-16
2.2918418e-16
-9.425096e-17
4.3375106e-18
-1.0037369e-17
1.5745988e-17
-1.2192998e-16
2.2788363e-16
-9.2864329e-17
4.3703456e-18
-1.3877066e-17
1.613171e-17
-1.233172e-16
2.265335e-16
-9.1505923e-17
4.3991712e-18
-1.7563781e-17
1.6492517e-17
-1.2462534e-16
2.2513838e-16
-9.0175747e-17
4.4241327e-18
-2.1104126e-17
1.6829916e-17
-1.258583e-16
2.2370258e-16
-8.887374e-17
4.4453778e-18
-2.4504506e-17
1.7145174e-17
-1.2701975e-16
2.2223013e-16
-8.7599783e-17
4.4630523e-18
-2.7771085e-17
1.7439603e-17
-1.2811316e-16
2.2072484e-16
-8.6353674e-17
4.4772976e-18
-3.0909776e-17
1.7714554e-17
-1.291418e-16
2.1919029e-16
-8.5135171e-17
4.4882582e-18
-3.3926232e-17
1.7971138e-17
-1.3010877e-16
2.1762982e-16
-8.3944005e-17
4.4960798e-18
-3.6825837e-17
1.8210468e-17
-1.3101698e-16
2.1604658e-16
-8.2779865e-17
4.5009027e-18
-3.9613716e-17
1.8433594e-17
-1.3186918e-16
2.1444349e-16
-8.1642407e-17
4.5028648e-18
-4.2294733e-17
1.8641509e-17
-1.3266798e-16
2.1282331e-16
-8.0531261e-17
4.5021021e-18
-4.4873505e-17
1.8835149e-17
-1.3341582e-16
2.1118859e-16
-7.944603e-17
4.4987465e-18
-4.7354402e-17
1.9015398e-17
-1.3411504e-16
2.0954175e-16
-7.83863e-17
4.4929264e-18
-4.9741564e-17
1.9183091e-17
-1.3476781e-16
2.07885e-16
-7.7351636e-17
4.4847679e-18
-5.2038909e-17
1.9339011e-17
-1.3537621e-16
2.0622043e-16
-7.6341588e-17
4.4743932e-18
-5.4250144e-17
1.9483901e-17
-1.3594219e-16
2.0454998e-16
-7.5355693e-17
4.4619206e-18
-5.6378776e-17
1.9618457e-17
-1.3646759e-16
2.0287545e-16
-7.4393476e-17
4.4474651e-18
-5.8428121e-17
1.9743336e-17
-1.3695415e-16
2.011985e-16
-7.3454455e-17
4.4311384e-18
-6.0401315e-17
1.9859156e-17
-1.3740352e-16
1.9952069e-16
-7.2538138e-17
4.4130472e-18
-6.2301332e-17
1.99665e-17
-1.3781727e-16
1.9784345e-16
-7.164402e-17
4.393295e-18
-6.4130975e-17
2.0065912e-17
-1.3819686e-16
1.9616812e-16
-7.0771619e-17
4.3719863e-18
-6.5892911e-17
2.0157907e-17
-1.3854369e-16
1.9449592e-16
-6.9920428e-17
4.3492155e-18
-6.7589659e-17
2.0242968e-17
-1.3885907e-16
1.9282798e-16
-6.9089922e-17
4.3250716e-18
-6.9223608e-17
2.0321548e-17
-1.3914426e-16
1.9116535e-16
-6.8279618e-17
4.2996515e-18
-7.0797027e-17
2.0394074e-17
-1.3940045e-16
1.89509e-16
-6.7489006e-17
4.2730391e-18
-7.2312066e-17
2.0460945e-17
-1.3962874e-16
1.8785979e-16
-6.6717582e-17
4.245317e-18
-7.3770771e-17
2.0522537e-17
-1.3983023e-16
1.8621855e-16
-6.5964849e-17
4.2165653e-18
-7.5175082e-17
2.0579198e-17
-1.400059e-16
1.8458601e-16
-6.5230311e-17
4.1868607e-18
-7.6526851e-17
2.0631264e-17
-1.4015673e-16
1.8296284e-16
-6.4513478e-17
4.1562769e-18
-7.7827836e-17
2.0679042e-17
-1.4028363e-16
1.8134967e-16
-6.3813863e-17
4.1248844e-18
-7.9079714e-17
2.0722821e-17
-1.4038746e-16
1.7974704e-16
-6.3130988e-17
4.0927502e-18
-8.0284086e-17
2.0762873e-17
-1.4046907e-16
1.7815546e-16
-6.246438e-17
4.0599392e-18
-8.144248e-17
2.0799454e-17
-1.4052923e-16
1.7657539e-16
-6.1813571e-17
4.0265128e-18
-8.2556355e-17
2.0832801e-17
-1.4056871e-16
1.7500724e-16
-6.1178103e-17
3.9925302e-18
-8.3627106e-17
2.0863138e-17
-1.4058821e-16
1.7345137e-16
-6.0557525e-17
3.9580474e-18
-8.465607e-17
2.0890673e-17
-1.4058844e-16
1.719081e-16
-5.9951385e-17
3.9231171e-18
-8.5644529e-17
2.09156e-17
-1.4057003e-16
1.7037772e-16
-5.9359269e-17
3.8877939e-18
-8.6593709e-17
2.0938104e-17
-1.4053363e-16
1.6886048e-16
-5.8780734e-17
3.852121e-18
-8.7504791e-17
2.0958353e-17
-1.4047983e-16
1.6735661e-16
-5.8215366e-17
3.8161478e-18
-8.8378908e-17
2.0976508e-17
-1.4040922e-16
1.6586629e-16
-5.7662752e-17
3.7799174e-18
-8.9217148e-17
2.0992716e-17
-1.4032234e-16
1.6438967e-16
-5.7122497e-17
3.7434719e-18
-9.0020563e-17
2.1007118e-17
-1.4021973e-16
1.629269e-16
-5.6594211e-17
3.7068506e-18
-9.079016e-17
2.1019842e-17
-1.4010189e-16
1.6147808e-16
-5.6077512e-17
3.6700911e-18
-9.1526916e-17
2.1031007e-17
-1.3996933e-16
1.600433e-16
-5.5572027e-17
3.6332293e-18
-9.2231769e-17
2.1040727e-17
-1.3982251e-16
1.5862262e-16
-5.5077396e-17
3.5962979e-18
-9.2905628e-17
2.1049107e-17
-1.3966189e-16
1.5721609e-16
-5.4593266e-17
3.5593293e-18
-9.3549369e-17
2.1056243e-17
-1.3948791e-16
1.5582373e-16
-5.4119291e-17
3.5223532e-18
-9.4163841e-17
2.1062229e-17
-1.3930099e-16
1.5444555e-16
-5.3655137e-17
3.4853979e-18
-9.4749865e-17
2.1067144e-17
-1.3910154e-16
1.5308156e-16
-5.3200479e-17
3.4484904e-18
-9.5308237e-17
2.1071069e-17
-1.3888996e-16
1.5173172e-16
-5.2755004e-17
3.4116545e-18
-9.5839726e-17
2.1074076e-17
-1.3866664e-16
1.5039602e-16
-5.2318404e-17
3.3749145e-18
-9.634508e-17
2.1076232e-17
-1.3843193e-16
1.490744e-16
-5.1890378e-17
3.3382929e-18
-9.6825022e-17
2.10776e-17
-1.381862e-16
1.477668e-16
-5.147064e-17
3.3018099e-18
-9.728026e-17
2.1078235e-17
-1.3792981e-16
1.4647317e-16
-5.105891e-17
3.2654852e-18
-9.7711473e-17
2.1078193e-17
-1.3766307e-16
1.4519343e-16
-5.0654916e-17
3.229336e-18
-9.8119326e-17
2.1077523e-17
-1.3738633e-16
1.4392749e-16
-5.0258395e-17
3.1933801e-18
-9.8504463e-17
2.1076269e-17
-1.3709989e-16
1.4267527e-16
-4.9869092e-17
3.1576329e-18
-9.8867515e-17
2.1074472e-17
-1.3680407e-16
1.4143666e-16
-4.9486763e-17
3.1221088e-18
-9.9209091e-17
2.1072173e-17
-1.3649916e-16
1.4021156e-16
-4.9111169e-17
3.0868218e-18
-9.9529785e-17
2.1069406e-17
-1.3618547e-16
1.3899987e-16
-4.8742075e-17
3.0517831e-18
-9.9830176e-17
2.1066203e-17
-1.3586326e-16
1.3780146e-16
-4.8379255e-17
3.0170042e-18
-1.0011083e-16
2.1062592e-17
-1.3553281e-16
1.3661622e-16
-4.8022508e-17
2.9824996e-18
-1.0037229e-16
2.1058603e-17
-1.351944e-16
1.3544403e-16
-4.7671617e-17
2.948275e-18
-1.0061509e-16
2.1054259e-17
-1.3484828e-16
1.3428476e-16
-4.7326392e-17
2.9143408e-18
-1.0083976e-16
2.1049583e-17
-1.3449471e-16
1.3313827e-16
-4.698662e-17
2.8807026e-18
-1.0104681e-16
2.1044595e-17
-1.3413393e-16
1.3200444e-16
-4.6652123e-17
2.847371e-18
-1.0123673e-16
2.1039314e-17
-1.3376619e-16
1.3088313e-16
-4.6322724e-17
2.8143509e-18
-1.0141e-16
2.1033757e-17
-1.3339172e-16
1.2977421e-16
-4.5998248e-17
2.7816492e-18
-1.015671e-16
2.1027938e-17
-1.3301075e-16
1.2867753e-16
-4.5678527e-17
2.7492717e-18
-1.0170848e-16
2.102187e-17
-1.3262351e-16
1.2759296e-16
-4.5363393e-17
2.7172211e-18
-1.018346e-16
2.1015567e-17
-1.3223021e-16
1.2652036e-16
-4.5052708e-17
2.6855049e-18
-1.0194589e-16
2.1009037e-17
-1.3183107e-16
1.2545958e-16
-4.4746322e-17
2.6541249e-18
-1.0204279e-16
2.1002292e-17
-1.3142629e-16
1.2441049e-16
-4.4444075e-17
2.6230816e-18
-1.021257e-16
2.099534e-17
-1.3101609e-16
1.2337294e-16
-4.4145836e-17
2.5923808e-18
-1.0219505e-16
2.0988188e-17
-1.3060065e-16
1.2234679e-16
-4.3851475e-17
2.5620238e-18
-1.0225121e-16
2.098084e-17
-1.3018018e-16
1.213319e-16
-4.3560865e-17
2.5320122e-18
-1.022946e-16
2.0973305e-17
-1.2975485e-16
1.2032812e-16
-4.3273882e-17
2.5023475e-18
-1.0232558e-16
2.0965584e-17
-1.2932487e-16
1.1933532e-16
-4.2990401e-17
2.4730297e-18
-1.0234452e-16
2.0957685e-17
-1.288904e-16
1.1835336e-16
-4.2710326e-17
2.4440623e-18
-1.0235179e-16
2.0949608e-17
-1.2845162e-16
1.1738209e-16
-4.2433548e-17
2.4154435e-18
-1.0234774e-16
2.0941357e-17
-1.2800872e-16
1.1642138e-16
-4.2159947e-17
2.3871709e-18
-1.0233272e-16
2.0932933e-17
-1.2756185e-16
1.1547109e-16
-4.1889431e-17
2.3592471e-18
-1.0230706e-16
2.0924338e-17
-1.2711119e-16
1.1453109e-16
-4.1621908e-17
2.3316708e-18
-1.0227109e-16
2.0915573e-17
-1.2665689e-16
1.1360123e-16
-4.1357284e-17
2.3044412e-18
-1.0222514e-16
2.0906638e-17
-1.2619911e-16
1.1268139e-16
-4.1095475e-17
2.2775569e-18
-1.0216951e-16
2.0897533e-17
-1.2573801e-16
1.1177144e-16
-4.0836388e-17
2.2510158e-18
-1.0210452e-16
2.0888258e-17
-1.2527374e-16
1.1087124e-16
-4.0579957e-17
2.2248193e-18
-1.0203046e-16
2.0878813e-17
-1.2480645e-16
1.0998066e-16
-4.0326102e-17
2.1989626e-18
-1.0194763e-16
2.0869196e-17
-1.2433628e-16
1.0909958e-16
-4.0074756e-17
2.1734453e-18
-1.0185631e-16
2.0859408e-17
-1.2386337e-16
1.0822787e-16
-3.9825831e-17
2.1482621e-18
-1.0175678e-16
2.0849446e-17
-1.2338787e-16
1.0736541e-16
-3.957927e-17
2.1234136e-18
-1.0164931e-16
2.0839309e-17
-1.229099e-16
1.0651207e-16
-3.9335013e-17
2.0988976e-18
-1.0153417e-16
2.0828995e-17
-1.224296e-16
1.0566774e-16
-3.9092995e-17
2.0747108e-18
-1.0141161e-16
2.0818503e-17
-1.219471e-16
1.0483229e-16
-3.8853156e-17
2.0508507e-18
-1.0128189e-16
2.080783e-17
-1.2146252e-16
1.040056e-16
-3.8615436e-17
2.0273134e-18
-1.0114526e-16
2.0796975e-17
-1.2097599e-16
1.0318757e-16
-3.8379796e-17
2.0040986e-18
-1.0100196e-16
2.0785935e-17
-1.2048763e-16
1.0237806e-16
-3.8146183e-17
1.9812018e-18
-1.0085221e-16
2.0774708e-17
-1.1999755e-16
1.0157698e-16
-3.7914532e-17
1.958617e-18
-1.0069625e-16
2.0763292e-17
-1.1950587e-16
1.0078421e-16
-3.7684802e-17
1.9363441e-18
-1.0053431e-16
2.0751683e-17
-1.190127e-16
9.9999637e-17
-3.7456949e-17
1.9143793e-18
-1.0036659e-16
2.0739879e-17
-1.1851815e-16
9.9223149e-17
-3.7230927e-17
1.8927193e-18
-1.0019331e-16
2.0727879e-17
-1.1802232e-16
9.8454638e-17
-3.7006692e-17
1.8713594e-18
-1.0001468e-16
2.0715678e-17
-1.1752532e-16
9.7693996e-17
-3.6784194e-17
1.8502958e-18
-9.9830886e-17
2.0703273e-17
-1.1702723e-16
9.6941113e-17
-3.6563405e-17
1.8295283e-18
-9.9642116e-17
2.0690659e-17
-1.1652816e-16
9.6195879e-17
-3.6344283e-17
1.8090504e-18
-9.9448548e-17
2.0677834e-17
-1.1602819e-16
9.5458182e-17
-3.6126765e-17
1.7888552e-18
-9.9250334e-17
2.0664788e-17
-1.1552739e-16
9.4727903e-17
-3.5910812e-17
1.7689413e-18
-9.9047607e-17
2.0651512e-17
-1.1502582e-16
9.4004916e-17
-3.5696369e-17
1.7493028e-18
-9.8840441e-17
2.0637988e-17
-1.1452353e-16
9.3289072e-17
-3.5483363e-17
1.7299331e-18
-9.8628823e-17
2.0624191e-17
-1.140205e-16
9.258019e-17
-3.5271692e-17
1.7108232e-18
-9.8412582e-17
2.0610072e-17
-1.1351665e-16
9.1878023e-17
-3.5061196e-17
1.691959e-18
-9.8191249e-17
2.0595545e-17
-1.1301177e-16
9.1182214e-17
-3.4851648e-17
1.6733235e-18
-9.7963801e-17
2.0580458e-17
-1.1250541e-16
9.0492204e-17
-3.4642629e-17
1.6548787e-18
-9.7728168e-17
2.0564535e-17
-1.1199672e-16
8.9807114e-17
-3.4433469e-17
1.6365827e-18
-9.748022e-17
2.054726e-17
-1.1148414e-16
8.912553e-17
-3.4222907e-17
1.6182999e-18
-9.7212082e-17
2.0527699e-17
-1.109651e-16
8.8445751e-17
-3.4009776e-17
1.6001257e-18
-9.6907186e-17
2.0503881e-17
-1.1043448e-16
8.7764945e-17
-3.3788668e-17
1.5811218e-18
-9.6537196e-17
2.0472629e-17
-1.0988852e-16
8.7091995e-17
-3.3575636e-17
1.5648223e-18
-9.6023481e-17
2.0422958e-17
-1.0930123e-16
8.6420021e-17
-3.331228e-17
1.5425369e-18
-9.5297575e-17
2.0347789e-17
-1.087344e-16
8.5993855e-17
-3.3393285e-17
1.5499534e-18
-9.3802448e-17
2.0133598e-17
-1.0775705e-16
8.548605e-17
-3.3157379e-17
1.6264451e-18
-9.2142809e-17
1.9908706e-17
-1.0779505e-16
8.8368552e-17
-3.7180127e-17
1.3608481e-18
-8.3995085e-17
1.7902698e-17
-9.8311644e-17
8.5914946e-17
-5.474391e-17
6.7103677e-18
)
;
    }
    frontAndBack_neg
    {
        type            wedge;
        value           nonuniform List<scalar> 
1200
(
-1.6753473e-15
4.1288196e-16
-3.4769101e-15
7.8080229e-15
-1.3039895e-14
3.0184492e-15
-2.9878051e-15
6.6031979e-16
-4.5646395e-15
8.0328621e-15
-1.2047356e-14
2.5783314e-15
-3.334378e-15
6.8251353e-16
-4.0848671e-15
5.8415611e-15
-8.2586677e-15
1.630098e-15
-3.3207479e-15
6.4010161e-16
-3.5023784e-15
4.4296888e-15
-6.4024727e-15
1.1770664e-15
-3.1409165e-15
5.6554463e-16
-2.8805512e-15
3.3141354e-15
-5.087378e-15
8.5355541e-16
-2.860194e-15
4.7440635e-16
-2.2740978e-15
2.3962211e-15
-4.0289355e-15
6.0174044e-16
-2.54365e-15
3.8189325e-16
-1.7421191e-15
1.6774631e-15
-3.1695234e-15
4.0944552e-16
-2.2284128e-15
2.9581795e-16
-1.2973424e-15
1.126611e-15
-2.4650595e-15
2.6620775e-16
-1.9298321e-15
2.1944059e-16
-9.3510868e-16
7.1393538e-16
-1.895571e-15
1.6402812e-16
-1.6539958e-15
1.539032e-16
-6.4616467e-16
4.1396254e-16
-1.4466264e-15
9.4360358e-17
-1.402112e-15
9.9030182e-17
-4.1927739e-16
2.0285909e-16
-1.1016524e-15
4.8799932e-17
-1.1728881e-15
5.3874793e-17
-2.4304759e-16
5.9266715e-17
-8.4270944e-16
2.0214736e-17
-9.6441415e-16
1.713998e-17
-1.0687336e-16
-3.5015079e-17
-6.5233095e-16
3.1436878e-18
-7.7371387e-16
-1.2447563e-17
-2.2614036e-18
-9.4206048e-17
-5.1439193e-16
-6.4728861e-18
-5.9623027e-16
-3.5932574e-17
7.6314909e-17
-1.2869835e-16
-4.1516158e-16
-1.1544578e-17
-4.2891651e-16
-5.4210976e-17
1.3361015e-16
-1.4601989e-16
-3.4435964e-16
-1.3887068e-17
-2.7343415e-16
-6.8100261e-17
1.7427352e-16
-1.5163877e-16
-2.9439058e-16
-1.464065e-17
-1.3313835e-16
-7.8342458e-17
2.0224965e-16
-1.4936671e-16
-2.5945818e-16
-1.453136e-17
-9.6200593e-18
-8.5595355e-17
2.2054115e-16
-1.4176671e-16
-2.3521476e-16
-1.399028e-17
9.701375e-17
-9.0425295e-17
2.3140862e-16
-1.3057369e-16
-2.1847169e-16
-1.325929e-17
1.8737501e-16
-9.3302386e-17
2.3657522e-16
-1.169832e-16
-2.0692539e-16
-1.2467856e-17
2.6249076e-16
-9.4611671e-17
2.3735833e-16
-1.018247e-16
-1.9893739e-16
-1.1679949e-17
3.2363844e-16
-9.4667565e-17
2.3476902e-16
-8.5679902e-17
-1.9335686e-16
-1.0923035e-17
3.722156e-16
-9.3726777e-17
2.2958848e-16
-6.8964296e-17
-1.8938228e-16
-1.0205516e-17
4.0964746e-16
-9.1998941e-17
2.2242502e-16
-5.1980847e-17
-1.8645899e-16
-9.5266261e-18
4.3732527e-16
-8.9655742e-17
2.1375626e-16
-3.4955086e-17
-1.8420526e-16
-8.8818498e-18
4.5656637e-16
-8.6838265e-17
2.0396031e-16
-1.8058105e-17
-1.8235961e-16
-8.2657387e-18
4.6858988e-16
-8.3662657e-17
1.933388e-16
-1.4216504e-18
-1.8074388e-16
-7.6732172e-18
4.7450414e-16
-8.0224695e-17
1.8213397e-16
1.4851858e-17
-1.7923754e-16
-7.1001048e-18
4.7530246e-16
-7.6603405e-17
1.705414e-16
3.0682498e-17
-1.7775993e-16
-6.54322e-18
4.7186466e-16
-7.286397e-17
1.5871965e-16
4.6007957e-17
-1.7625791e-16
-6.0003082e-18
4.6496258e-16
-6.9060021e-17
1.467978e-16
6.0779564e-17
-1.7469707e-16
-5.4699469e-18
4.5526791e-16
-6.5235477e-17
1.3488155e-16
7.495856e-17
-1.7305581e-16
-4.9514363e-18
4.4336178e-16
-6.1425865e-17
1.2305963e-16
8.850924e-17
-1.7132004e-16
-4.4448588e-18
4.2974441e-16
-5.7659148e-17
1.1140946e-16
1.0139512e-16
-1.6948689e-16
-3.9523277e-18
4.1484559e-16
-5.3953075e-17
1.0003083e-16
1.1353411e-16
-1.676244e-16
-3.4681087e-18
3.990351e-16
-5.0324082e-17
8.895958e-17
1.2486429e-16
-1.6578274e-16
-3.0019779e-18
3.8261856e-16
-4.6791641e-17
7.8181828e-17
1.3549316e-16
-1.6392018e-16
-2.5671438e-18
3.6583258e-16
-4.3369482e-17
6.7696249e-17
1.4549023e-16
-1.6201784e-16
-2.1561796e-18
3.4886921e-16
-4.0065042e-17
5.7523273e-17
1.5487181e-16
-1.6008217e-16
-1.7624237e-18
3.3189193e-16
-3.6882573e-17
4.7682286e-17
1.6364375e-16
-1.5812087e-16
-1.3837103e-18
3.1503747e-16
-3.3824453e-17
3.8187144e-17
1.7181433e-16
-1.5614036e-16
-1.0198139e-18
2.9841715e-16
-3.0891718e-17
2.9046629e-17
1.7939577e-16
-1.5414577e-16
-6.710204e-19
2.8211963e-16
-2.8084329e-17
2.0265061e-17
1.8640423e-16
-1.521414e-16
-3.3757353e-19
2.6621399e-16
-2.540136e-17
1.1843019e-17
1.9285903e-16
-1.5013104e-16
-1.9518674e-20
2.5075271e-16
-2.2841142e-17
3.7780526e-18
1.9878172e-16
-1.4811811e-16
2.8329035e-19
2.3577465e-16
-2.0401389e-17
-3.9347979e-18
2.0419523e-16
-1.4610569e-16
5.7113694e-19
2.2130795e-16
-1.807931e-17
-1.1302435e-17
2.0912315e-16
-1.4409676e-16
8.4443442e-19
2.0737393e-16
-1.5871607e-17
-1.8333518e-17
2.1358882e-16
-1.4209435e-16
1.1035494e-18
1.939902e-16
-1.3774634e-17
-2.503782e-17
2.1761533e-16
-1.4010432e-16
1.3493291e-18
1.811922e-16
-1.178168e-17
-3.1427363e-17
2.2120756e-16
-1.3813309e-16
1.5818718e-18
1.6902997e-16
-9.882098e-18
-3.7514553e-17
2.2436254e-16
-1.3618268e-16
1.7990808e-18
1.5752126e-16
-8.0692518e-18
-4.3319851e-17
2.2710316e-16
-1.3425627e-16
1.9997137e-18
1.4664023e-16
-6.3404526e-18
-4.8858809e-17
2.2947123e-16
-1.3235839e-16
2.1847321e-18
1.3634e-16
-4.6944579e-18
-5.4140868e-17
2.315078e-16
-1.3049025e-16
2.3559778e-18
1.2657072e-16
-3.1300936e-18
-5.9172841e-17
2.3324665e-16
-1.2864971e-16
2.5153337e-18
1.1728669e-16
-1.645641e-18
-6.3960921e-17
2.3471488e-16
-1.2683324e-16
2.6644158e-18
1.0844825e-16
-2.3908303e-19
-6.8511524e-17
2.3593454e-16
-1.2503732e-16
2.8045014e-18
1.0002163e-16
1.0918478e-18
-7.2831654e-17
2.3692415e-16
-1.2325913e-16
2.9365547e-18
9.197804e-17
2.3498487e-18
-7.6928947e-17
2.3769981e-16
-1.2149675e-16
3.0612826e-18
8.4292486e-17
3.5377426e-18
-8.0811552e-17
2.3827599e-16
-1.1974917e-16
3.1792155e-18
7.6941863e-17
4.6584666e-18
-8.4487865e-17
2.38666e-16
-1.180161e-16
3.2907454e-18
6.9904498e-17
5.7149733e-18
-8.7966379e-17
2.3888251e-16
-1.1629798e-16
3.3962331e-18
6.3142396e-17
6.7103535e-18
-9.1253539e-17
2.3893751e-16
-1.1459519e-16
3.4959743e-18
5.6605347e-17
7.647505e-18
-9.4355248e-17
2.3884222e-16
-1.1290746e-16
3.5901736e-18
5.0272432e-17
8.5294625e-18
-9.7280591e-17
2.3860728e-16
-1.1123493e-16
3.679081e-18
4.4142764e-17
9.3591439e-18
-1.0004042e-16
2.3824243e-16
-1.0957863e-16
3.7629098e-18
3.8219044e-17
1.0139351e-17
-1.0264523e-16
2.3775654e-16
-1.0794016e-16
3.8417792e-18
3.250301e-17
1.0872757e-17
-1.0510465e-16
2.3715794e-16
-1.0632136e-16
3.9157457e-18
2.6994833e-17
1.1561893e-17
-1.0742751e-16
2.3645456e-16
-1.0472407e-16
3.9848494e-18
2.1692946e-17
1.2209161e-17
-1.0962182e-16
2.3565394e-16
-1.0314992e-16
4.0491291e-18
1.659416e-17
1.2816839e-17
-1.1169489e-16
2.3476326e-16
-1.0160031e-16
4.1086348e-18
1.1693975e-17
1.3387095e-17
-1.1365344e-16
2.3378929e-16
-1.0007632e-16
4.1634333e-18
6.9869213e-18
1.3921991e-17
-1.1550365e-16
2.3273847e-16
-9.8578819e-17
4.2136111e-18
2.4668448e-18
1.442349e-17
-1.1725125e-16
2.3161688e-16
-9.7108476e-17
4.259273e-18
-1.872844e-18
1.489346e-17
-1.1890157e-16
2.304303e-16
-9.5665761e-17
4.300532e-18
-6.038969e-18
1.5333682e-17
-1.2045962e-16
2.2918415e-16
-9.4250981e-17
4.3375094e-18
-1.0038445e-17
1.5745849e-17
-1.2193005e-16
2.278836e-16
-9.2864335e-17
4.3703405e-18
-1.3878159e-17
1.6131569e-17
-1.2331727e-16
2.2653347e-16
-9.1505929e-17
4.3991686e-18
-1.7564891e-17
1.6492373e-17
-1.2462541e-16
2.2513835e-16
-9.0175768e-17
4.4241336e-18
-2.1105255e-17
1.6829658e-17
-1.2585837e-16
2.2370255e-16
-8.8873775e-17
4.4453781e-18
-2.4505649e-17
1.7144918e-17
-1.2701982e-16
2.222301e-16
-8.7599802e-17
4.4630474e-18
-2.7772245e-17
1.7439454e-17
-1.2811323e-16
2.2072481e-16
-8.6353678e-17
4.4772915e-18
-3.0910952e-17
1.7714395e-17
-1.2914188e-16
2.1919026e-16
-8.5135175e-17
4.4882548e-18
-3.3927422e-17
1.7970976e-17
-1.3010885e-16
2.1762979e-16
-8.394401e-17
4.4960776e-18
-3.6827044e-17
1.8210306e-17
-1.3101706e-16
2.1604654e-16
-8.277987e-17
4.5009014e-18
-3.9614938e-17
1.8433432e-17
-1.3186926e-16
2.1444346e-16
-8.1642413e-17
4.5028643e-18
-4.2295973e-17
1.8641345e-17
-1.3266806e-16
2.1282327e-16
-8.0531267e-17
4.5021014e-18
-4.4874761e-17
1.8834982e-17
-1.334159e-16
2.1118856e-16
-7.9446037e-17
4.4987452e-18
-4.7355675e-17
1.9015229e-17
-1.3411512e-16
2.0954171e-16
-7.8386308e-17
4.4929255e-18
-4.9742856e-17
1.9182917e-17
-1.3476789e-16
2.0788497e-16
-7.7351644e-17
4.4847671e-18
-5.2040221e-17
1.9338835e-17
-1.3537629e-16
2.062204e-16
-7.6341596e-17
4.474392e-18
-5.4251476e-17
1.948372e-17
-1.3594227e-16
2.0454995e-16
-7.5355701e-17
4.4619193e-18
-5.6380126e-17
1.9618273e-17
-1.3646767e-16
2.0287541e-16
-7.4393485e-17
4.4474637e-18
-5.8429488e-17
1.9743149e-17
-1.3695423e-16
2.0119847e-16
-7.3454464e-17
4.4311361e-18
-6.0402701e-17
1.9858966e-17
-1.3740361e-16
1.9952065e-16
-7.2538147e-17
4.4130452e-18
-6.2302731e-17
1.9966306e-17
-1.3781736e-16
1.9784342e-16
-7.1644045e-17
4.3932959e-18
-6.4132391e-17
2.0065716e-17
-1.3819695e-16
1.9616808e-16
-7.0771642e-17
4.3719842e-18
-6.5894342e-17
2.0157707e-17
-1.3854378e-16
1.9449588e-16
-6.9920436e-17
4.34921e-18
-6.7591105e-17
2.0242766e-17
-1.3885916e-16
1.9282795e-16
-6.9089945e-17
4.325071e-18
-6.922507e-17
2.0321342e-17
-1.3914435e-16
1.9116532e-16
-6.8279641e-17
4.2996501e-18
-7.0798504e-17
2.0393865e-17
-1.3940054e-16
1.8950896e-16
-6.7489027e-17
4.2730365e-18
-7.231356e-17
2.0460733e-17
-1.3962884e-16
1.8785976e-16
-6.6717604e-17
4.2453139e-18
-7.3772278e-17
2.052232e-17
-1.3983032e-16
1.8621851e-16
-6.596487e-17
4.2165621e-18
-7.5176606e-17
2.057898e-17
-1.4000599e-16
1.8458597e-16
-6.5230331e-17
4.1868574e-18
-7.6528392e-17
2.0631043e-17
-1.4015682e-16
1.829628e-16
-6.4513498e-17
4.1562737e-18
-7.7829392e-17
2.0678817e-17
-1.4028372e-16
1.8134963e-16
-6.3813883e-17
4.124881e-18
-7.9081287e-17
2.0722593e-17
-1.4038756e-16
1.79747e-16
-6.3131007e-17
4.092747e-18
-8.0285676e-17
2.0762643e-17
-1.4046917e-16
1.7815542e-16
-6.2464398e-17
4.0599362e-18
-8.1444086e-17
2.0799221e-17
-1.4052933e-16
1.7657535e-16
-6.1813589e-17
4.02651e-18
-8.2557975e-17
2.0832564e-17
-1.4056881e-16
1.750072e-16
-6.1178121e-17
3.9925273e-18
-8.3628743e-17
2.0862898e-17
-1.4058832e-16
1.7345132e-16
-6.0557543e-17
3.9580445e-18
-8.4657724e-17
2.0890429e-17
-1.4058854e-16
1.7190805e-16
-5.9951418e-17
3.9231159e-18
-8.56462e-17
2.0915354e-17
-1.4057013e-16
1.7037768e-16
-5.935929e-17
3.8877887e-18
-8.6595398e-17
2.0937854e-17
-1.4053374e-16
1.6886044e-16
-5.8780751e-17
3.8521172e-18
-8.7506498e-17
2.09581e-17
-1.4047994e-16
1.6735657e-16
-5.8215378e-17
3.8161441e-18
-8.8380633e-17
2.0976252e-17
-1.4040932e-16
1.6586624e-16
-5.7662767e-17
3.7799142e-18
-8.9218892e-17
2.0992456e-17
-1.4032245e-16
1.6438963e-16
-5.7122514e-17
3.7434689e-18
-9.0022322e-17
2.1006855e-17
-1.4021984e-16
1.6292686e-16
-5.6594227e-17
3.7068479e-18
-9.0791938e-17
2.1019575e-17
-1.40102e-16
1.6147804e-16
-5.6077528e-17
3.6700887e-18
-9.1528711e-17
2.1030737e-17
-1.3996944e-16
1.6004325e-16
-5.5572044e-17
3.6332265e-18
-9.2233582e-17
2.1040454e-17
-1.3982262e-16
1.5862257e-16
-5.5077412e-17
3.5962954e-18
-9.2907456e-17
2.1048832e-17
-1.39662e-16
1.5721604e-16
-5.459328e-17
3.5593268e-18
-9.3551212e-17
2.1055966e-17
-1.3948802e-16
1.5582368e-16
-5.4119305e-17
3.5223507e-18
-9.4165703e-17
2.1061947e-17
-1.393011e-16
1.5444551e-16
-5.3655153e-17
3.4853954e-18
-9.4751744e-17
2.1066859e-17
-1.3910166e-16
1.5308151e-16
-5.3200497e-17
3.4484867e-18
-9.5310132e-17
2.1070781e-17
-1.3889008e-16
1.5173168e-16
-5.2755021e-17
3.4116515e-18
-9.5841637e-17
2.1073785e-17
-1.3866676e-16
1.5039597e-16
-5.2318419e-17
3.3749122e-18
-9.6347009e-17
2.1075938e-17
-1.3843205e-16
1.4907435e-16
-5.1890394e-17
3.3382905e-18
-9.6826969e-17
2.1077302e-17
-1.3818632e-16
1.4776675e-16
-5.1470657e-17
3.3018074e-18
-9.7282221e-17
2.1077935e-17
-1.3792993e-16
1.4647312e-16
-5.1058927e-17
3.2654822e-18
-9.771345e-17
2.107789e-17
-1.3766319e-16
1.4519338e-16
-5.0654933e-17
3.2293335e-18
-9.8121318e-17
2.1077216e-17
-1.3738645e-16
1.4392744e-16
-5.0258412e-17
3.1933776e-18
-9.8506474e-17
2.1075958e-17
-1.3710001e-16
1.4267522e-16
-4.9869111e-17
3.1576302e-18
-9.8869541e-17
2.1074159e-17
-1.368042e-16
1.4143661e-16
-4.948678e-17
3.1221061e-18
-9.9211133e-17
2.1071856e-17
-1.3649929e-16
1.4021151e-16
-4.9111182e-17
3.0868181e-18
-9.9531842e-17
2.1069085e-17
-1.3618559e-16
1.3899982e-16
-4.874209e-17
3.0517803e-18
-9.9832248e-17
2.1065877e-17
-1.3586338e-16
1.3780141e-16
-4.8379286e-17
3.0170043e-18
-1.0011292e-16
2.1062264e-17
-1.3553294e-16
1.3661617e-16
-4.8022537e-17
2.9824966e-18
-1.0037439e-16
2.1058272e-17
-1.3519453e-16
1.3544398e-16
-4.7671646e-17
2.9482709e-18
-1.0061722e-16
2.1053924e-17
-1.3484841e-16
1.342847e-16
-4.7326404e-17
2.9143346e-18
-1.008419e-16
2.1049245e-17
-1.3449484e-16
1.3313822e-16
-4.6986632e-17
2.8806986e-18
-1.0104897e-16
2.1044253e-17
-1.3413406e-16
1.3200439e-16
-4.6652138e-17
2.8473671e-18
-1.012389e-16
2.1038969e-17
-1.3376632e-16
1.3088308e-16
-4.6322739e-17
2.8143481e-18
-1.0141219e-16
2.1033407e-17
-1.3339186e-16
1.2977416e-16
-4.5998262e-17
2.7816473e-18
-1.015693e-16
2.1027585e-17
-1.3301089e-16
1.2867748e-16
-4.5678542e-17
2.7492691e-18
-1.017107e-16
2.1021514e-17
-1.3262365e-16
1.2759291e-16
-4.5363424e-17
2.7172204e-18
-1.0183684e-16
2.1015207e-17
-1.3223035e-16
1.2652031e-16
-4.5052738e-17
2.6855019e-18
-1.0194815e-16
2.1008675e-17
-1.3183121e-16
1.2545953e-16
-4.4746334e-17
2.6541193e-18
-1.0204506e-16
2.1001926e-17
-1.3142644e-16
1.2441044e-16
-4.4444087e-17
2.623078e-18
-1.02128e-16
2.099497e-17
-1.3101623e-16
1.2337288e-16
-4.4145852e-17
2.5923775e-18
-1.0219736e-16
2.0987813e-17
-1.306008e-16
1.2234673e-16
-4.3851492e-17
2.5620207e-18
-1.0225354e-16
2.0980463e-17
-1.3018032e-16
1.2133184e-16
-4.356088e-17
2.5320095e-18
-1.0229694e-16
2.0972924e-17
-1.29755e-16
1.2032806e-16
-4.3273897e-17
2.502345e-18
-1.0232794e-16
2.0965201e-17
-1.2932501e-16
1.1933526e-16
-4.2990432e-17
2.473029e-18
-1.023469e-16
2.0957297e-17
-1.2889055e-16
1.183533e-16
-4.2710355e-17
2.4440592e-18
-1.0235418e-16
2.0949217e-17
-1.2845178e-16
1.1738203e-16
-4.243356e-17
2.4154379e-18
-1.0235015e-16
2.0940961e-17
-1.2800887e-16
1.1642132e-16
-4.215996e-17
2.3871672e-18
-1.0233515e-16
2.0932533e-17
-1.2756201e-16
1.1547103e-16
-4.1889446e-17
2.3592438e-18
-1.023095e-16
2.0923935e-17
-1.2711134e-16
1.1453103e-16
-4.1621923e-17
2.3316679e-18
-1.0227355e-16
2.0915166e-17
-1.2665704e-16
1.1360117e-16
-4.1357301e-17
2.3044384e-18
-1.0222761e-16
2.0906227e-17
-1.2619927e-16
1.1268133e-16
-4.1095491e-17
2.2775542e-18
-1.0217201e-16
2.0897118e-17
-1.2573817e-16
1.1177138e-16
-4.0836418e-17
2.2510148e-18
-1.0210703e-16
2.088784e-17
-1.252739e-16
1.1087118e-16
-4.0579989e-17
2.2248158e-18
-1.0203299e-16
2.0878392e-17
-1.2480661e-16
1.099806e-16
-4.0326133e-17
2.1989582e-18
-1.0195017e-16
2.0868771e-17
-1.2433644e-16
1.0909952e-16
-4.0074769e-17
2.1734385e-18
-1.0185887e-16
2.0858979e-17
-1.2386353e-16
1.0822781e-16
-3.9825846e-17
2.1482579e-18
-1.0175935e-16
2.0849013e-17
-1.2338803e-16
1.0736535e-16
-3.9579288e-17
2.1234108e-18
-1.016519e-16
2.0838873e-17
-1.2291006e-16
1.0651201e-16
-3.9335029e-17
2.098895e-18
-1.0153677e-16
2.0828555e-17
-1.2242976e-16
1.0566768e-16
-3.9093008e-17
2.0747082e-18
-1.0141423e-16
2.0818059e-17
-1.2194726e-16
1.0483222e-16
-3.8853172e-17
2.050848e-18
-1.0128453e-16
2.0807382e-17
-1.2146269e-16
1.0400554e-16
-3.8615468e-17
2.0273124e-18
-1.0114791e-16
2.0796524e-17
-1.2097616e-16
1.031875e-16
-3.8379826e-17
2.0040952e-18
-1.0100462e-16
2.0785481e-17
-1.2048779e-16
1.02378e-16
-3.8146197e-17
1.9811958e-18
-1.0085489e-16
2.077425e-17
-1.1999772e-16
1.0157692e-16
-3.7914546e-17
1.9586131e-18
-1.0069895e-16
2.076283e-17
-1.1950604e-16
1.0078415e-16
-3.7684819e-17
1.9363409e-18
-1.0053702e-16
2.0751217e-17
-1.1901287e-16
9.9999573e-17
-3.7456966e-17
1.9143762e-18
-1.0036932e-16
2.073941e-17
-1.1851832e-16
9.9223085e-17
-3.7230944e-17
1.8927155e-18
-1.0019606e-16
2.0727406e-17
-1.1802249e-16
9.8454574e-17
-3.7006709e-17
1.8713563e-18
-1.0001744e-16
2.0715201e-17
-1.1752549e-16
9.7693931e-17
-3.6784226e-17
1.8502952e-18
-9.9833661e-17
2.0702792e-17
-1.1702741e-16
9.6941048e-17
-3.6563437e-17
1.8295248e-18
-9.9644908e-17
2.0690176e-17
-1.1652834e-16
9.6195813e-17
-3.6344299e-17
1.809044e-18
-9.9451356e-17
2.0677346e-17
-1.1602837e-16
9.5458116e-17
-3.6126783e-17
1.7888507e-18
-9.9253161e-17
2.0664296e-17
-1.1552757e-16
9.4727837e-17
-3.5910832e-17
1.7689375e-18
-9.9050448e-17
2.0651016e-17
-1.15026e-16
9.4004849e-17
-3.5696388e-17
1.7492995e-18
-9.8843296e-17
2.063749e-17
-1.1452371e-16
9.3289005e-17
-3.548338e-17
1.7299302e-18
-9.8631693e-17
2.0623689e-17
-1.1402068e-16
9.2580122e-17
-3.5271709e-17
1.7108202e-18
-9.8415466e-17
2.0609565e-17
-1.1351683e-16
9.1877955e-17
-3.5061229e-17
1.6919577e-18
-9.8194149e-17
2.0595035e-17
-1.1301195e-16
9.1182145e-17
-3.485168e-17
1.6733198e-18
-9.7966715e-17
2.0579944e-17
-1.1250559e-16
9.0492134e-17
-3.464266e-17
1.654874e-18
-9.7731098e-17
2.0564017e-17
-1.1199691e-16
8.9807044e-17
-3.4433484e-17
1.6365761e-18
-9.7483165e-17
2.0546738e-17
-1.1148433e-16
8.912546e-17
-3.4222923e-17
1.6182956e-18
-9.7215044e-17
2.0527174e-17
-1.1096529e-16
8.844568e-17
-3.400979e-17
1.6001221e-18
-9.6910162e-17
2.0503354e-17
-1.1043467e-16
8.7764874e-17
-3.3788685e-17
1.5811185e-18
-9.6540187e-17
2.0472096e-17
-1.0988871e-16
8.7091924e-17
-3.3575654e-17
1.5648193e-18
-9.6026487e-17
2.0422423e-17
-1.0930142e-16
8.641995e-17
-3.3312298e-17
1.542534e-18
-9.5300596e-17
2.0347249e-17
-1.0873459e-16
8.5993783e-17
-3.3393321e-17
1.5499517e-18
-9.3805486e-17
2.0133055e-17
-1.0775724e-16
8.5485977e-17
-3.3157413e-17
1.626441e-18
-9.2145864e-17
1.990816e-17
-1.0779524e-16
8.8368478e-17
-3.7180145e-17
1.3608407e-18
-8.3998156e-17
1.7902148e-17
-9.8311839e-17
8.5914872e-17
-5.4743914e-17
6.7103605e-18
)
;
    }
}


// ************************************************************************* //
