/*--------------------------------*- C++ -*----------------------------------*\
  =========                 |
  \\      /  F ield         | OpenFOAM: The Open Source CFD Toolbox
   \\    /   O peration     | Website:  https://openfoam.org
    \\  /    A nd           | Version:  10
     \\/     M anipulation  |
\*---------------------------------------------------------------------------*/
FoamFile
{
    format      ascii;
    class       volVectorField;
    location    "800/FLUID";
    object      U;
}
// * * * * * * * * * * * * * * * * * * * * * * * * * * * * * * * * * * * * * //

dimensions      [0 1 -1 0 0 0 0];

internalField   nonuniform List<vector> 
1200
(
(5.0569003 -0.094465823 6.4839918e-18)
(5.2214662 -0.13020524 9.0956449e-18)
(5.435934 -0.1361971 2.5311573e-18)
(5.6487081 -0.13419827 -5.8864217e-20)
(5.8557576 -0.12621081 -2.5132837e-19)
(6.0546838 -0.11488103 -1.9959704e-19)
(6.2423397 -0.10269473 -9.0407815e-20)
(6.4184571 -0.090692285 -4.156149e-19)
(6.5841121 -0.079298591 -5.2810284e-19)
(6.7406602 -0.068684817 -2.0352901e-19)
(6.8895309 -0.058857374 1.7329035e-19)
(7.0320788 -0.049749619 6.2121049e-19)
(7.1695002 -0.04129162 1.303882e-18)
(7.3028032 -0.033346046 2.0740734e-18)
(7.4328081 -0.025692956 2.6448318e-18)
(7.5603697 -0.018249979 3.3737501e-18)
(7.6861139 -0.011173114 3.9367002e-18)
(7.8102994 -0.0046415517 4.6292513e-18)
(7.9330846 0.0012677894 5.192722e-18)
(8.0546096 0.0065281705 5.840713e-18)
(8.174986 0.011138858 6.593988e-18)
(8.2942975 0.015118331 7.3831134e-18)
(8.4126072 0.018498381 8.1649026e-18)
(8.5299626 0.021319111 9.0412329e-18)
(8.6463993 0.02362534 9.7494522e-18)
(8.7619437 0.025463984 1.0522398e-17)
(8.8766157 0.026882131 1.1404686e-17)
(8.9904294 0.027925667 1.2308275e-17)
(9.1033953 0.028638341 1.3262647e-17)
(9.2155209 0.029061175 1.4178298e-17)
(9.326811 0.029232127 1.5039261e-17)
(9.437269 0.029185963 1.5994727e-17)
(9.5468967 0.028954277 1.7014982e-17)
(9.6556949 0.028565636 1.7994183e-17)
(9.7636638 0.028045761 1.9037655e-17)
(9.8708039 0.027417841 1.9825694e-17)
(9.9771169 0.026702875 2.0813706e-17)
(10.082604 0.02591865 2.1849822e-17)
(10.187263 0.025079227 2.3026075e-17)
(10.291096 0.02419712 2.405068e-17)
(10.394101 0.023283651 2.5122637e-17)
(10.496278 0.022348773 2.6334604e-17)
(10.597629 0.021401082 2.7516714e-17)
(10.698154 0.020447918 2.8730463e-17)
(10.797855 0.019495486 2.9944586e-17)
(10.896733 0.018548995 3.1329952e-17)
(10.994791 0.017612806 3.2325891e-17)
(11.092029 0.016690597 3.3601611e-17)
(11.188452 0.015785653 3.4923562e-17)
(11.284061 0.014901049 3.626818e-17)
(11.378859 0.01404197 3.7510021e-17)
(11.472852 0.013214455 3.8781804e-17)
(11.566044 0.012420608 4.0052059e-17)
(11.658439 0.011659157 4.1242137e-17)
(11.750043 0.010927635 4.2485238e-17)
(11.840859 0.010223485 4.384419e-17)
(11.930892 0.0095444208 4.5341818e-17)
(12.020149 0.0088885321 4.6665998e-17)
(12.108633 0.0082542594 4.8073599e-17)
(12.19635 0.0076403227 4.9722764e-17)
(12.283307 0.0070456396 5.1058672e-17)
(12.369509 0.0064691462 5.288e-17)
(12.454964 0.0059098304 5.4584581e-17)
(12.539678 0.0053645137 5.6353321e-17)
(12.623678 0.0048294491 5.7711387e-17)
(12.706971 0.0043042602 5.9329721e-17)
(12.789562 0.0037897181 6.0917425e-17)
(12.871457 0.00328658 6.2629828e-17)
(12.95266 0.0027954725 6.4126571e-17)
(13.033177 0.0023168599 6.582257e-17)
(13.113015 0.0018510291 6.7475864e-17)
(13.192178 0.0013981056 6.914636e-17)
(13.270673 0.00095808216 7.0944949e-17)
(13.348507 0.00053084735 7.2646665e-17)
(13.425683 0.00011621008 7.4145023e-17)
(13.50221 -0.00028607917 7.5849309e-17)
(13.578092 -0.00067631139 7.7497389e-17)
(13.653337 -0.0010548056 7.9284143e-17)
(13.727949 -0.0014218981 8.1053899e-17)
(13.801935 -0.0017779349 8.2677009e-17)
(13.875302 -0.0021232648 8.457422e-17)
(13.948055 -0.0024582355 8.6009683e-17)
(14.020201 -0.0027831895 8.7729668e-17)
(14.091745 -0.0030984621 8.9302987e-17)
(14.162694 -0.003404379 9.0909791e-17)
(14.233054 -0.0037012559 9.251687e-17)
(14.302832 -0.0039893968 9.4167084e-17)
(14.372032 -0.0042690939 9.586813e-17)
(14.440663 -0.0045406279 9.7569317e-17)
(14.508728 -0.0048042669 9.9371731e-17)
(14.576235 -0.0050602676 1.0119356e-16)
(14.643189 -0.0053088749 1.0330262e-16)
(14.709597 -0.0055503225 1.05225e-16)
(14.775465 -0.005784833 1.0705028e-16)
(14.840797 -0.0060126189 1.0884838e-16)
(14.905601 -0.0062338824 1.107471e-16)
(14.969882 -0.0064488164 1.1223963e-16)
(15.033645 -0.0066576046 1.1404174e-16)
(15.096897 -0.0068604222 1.1567785e-16)
(15.159643 -0.0070574364 1.1719464e-16)
(15.221888 -0.0072488065 1.189239e-16)
(15.283639 -0.0074346849 1.2049539e-16)
(15.3449 -0.0076152172 1.2240204e-16)
(15.405678 -0.0077905426 1.2390487e-16)
(15.465977 -0.0079607942 1.2563487e-16)
(15.525803 -0.0081260999 1.275454e-16)
(15.585161 -0.008286582 1.2923721e-16)
(15.644057 -0.0084423582 1.3092543e-16)
(15.702495 -0.0085935416 1.3275554e-16)
(15.760481 -0.0087402407 1.3448239e-16)
(15.81802 -0.0088825606 1.3615213e-16)
(15.875116 -0.0090206021 1.3786417e-16)
(15.931774 -0.0091544629 1.3967181e-16)
(15.988001 -0.0092842372 1.4153669e-16)
(16.043799 -0.0094100163 1.434739e-16)
(16.099174 -0.0095318886 1.4539195e-16)
(16.154131 -0.0096499398 1.4735172e-16)
(16.208675 -0.009764253 1.4920879e-16)
(16.262809 -0.0098749093 1.5097105e-16)
(16.316538 -0.0099819871 1.5295714e-16)
(16.369868 -0.010085563 1.5489382e-16)
(16.422801 -0.010185712 1.5680392e-16)
(16.475343 -0.010282506 1.5846072e-16)
(16.527498 -0.010376017 1.6020481e-16)
(16.57927 -0.010466313 1.6213407e-16)
(16.630663 -0.010553464 1.640369e-16)
(16.681681 -0.010637534 1.6582299e-16)
(16.732329 -0.01071859 1.6761307e-16)
(16.78261 -0.010796694 1.6954248e-16)
(16.832528 -0.010871909 1.7150569e-16)
(16.882087 -0.010944296 1.7303729e-16)
(16.931292 -0.011013915 1.7482831e-16)
(16.980145 -0.011080824 1.7660837e-16)
(17.028651 -0.011145082 1.7851222e-16)
(17.076813 -0.011206745 1.8036755e-16)
(17.124634 -0.011265869 1.8209979e-16)
(17.17212 -0.011322508 1.8372421e-16)
(17.219272 -0.011376716 1.8545739e-16)
(17.266095 -0.011428546 1.8744803e-16)
(17.312591 -0.011478049 1.8939026e-16)
(17.358765 -0.011525278 1.912991e-16)
(17.40462 -0.011570282 1.9310034e-16)
(17.450159 -0.01161311 1.950541e-16)
(17.495385 -0.011653811 1.9679657e-16)
(17.540301 -0.011692434 1.9856545e-16)
(17.584911 -0.011729023 2.0040509e-16)
(17.629218 -0.011763627 2.0230051e-16)
(17.673225 -0.01179629 2.0405207e-16)
(17.716934 -0.011827058 2.0609572e-16)
(17.76035 -0.011855973 2.0808404e-16)
(17.803474 -0.01188308 2.0998032e-16)
(17.84631 -0.011908421 2.1191736e-16)
(17.888861 -0.011932038 2.1388035e-16)
(17.931129 -0.011953972 2.1564874e-16)
(17.973118 -0.011974263 2.1762692e-16)
(18.01483 -0.011992951 2.194622e-16)
(18.056268 -0.012010076 2.2121363e-16)
(18.097434 -0.012025676 2.2324755e-16)
(18.138332 -0.012039789 2.251389e-16)
(18.178963 -0.012052452 2.2692462e-16)
(18.219331 -0.012063701 2.2870724e-16)
(18.259438 -0.012073573 2.3039922e-16)
(18.299287 -0.012082102 2.3211746e-16)
(18.338879 -0.012089324 2.3393473e-16)
(18.378218 -0.012095272 2.3564702e-16)
(18.417307 -0.012099981 2.3761814e-16)
(18.456146 -0.012103482 2.3942611e-16)
(18.494739 -0.012105808 2.4118749e-16)
(18.533089 -0.012106992 2.4288791e-16)
(18.571197 -0.012107063 2.4449858e-16)
(18.609065 -0.012106052 2.4635268e-16)
(18.646696 -0.01210399 2.4816032e-16)
(18.684093 -0.012100906 2.4982047e-16)
(18.721257 -0.012096828 2.516223e-16)
(18.75819 -0.012091784 2.5340676e-16)
(18.794895 -0.012085804 2.5520274e-16)
(18.831374 -0.012078912 2.5725502e-16)
(18.867629 -0.012071137 2.5908814e-16)
(18.903662 -0.012062503 2.6084645e-16)
(18.939475 -0.012053036 2.6258759e-16)
(18.975069 -0.012042761 2.6423989e-16)
(19.010448 -0.012031699 2.6611899e-16)
(19.045612 -0.012019873 2.6790917e-16)
(19.080565 -0.012007303 2.698683e-16)
(19.115307 -0.011994003 2.7153835e-16)
(19.149841 -0.011979982 2.7316296e-16)
(19.184168 -0.011965236 2.7482792e-16)
(19.218291 -0.011949738 2.7646182e-16)
(19.25221 -0.011933421 2.7827853e-16)
(19.285928 -0.011916136 2.7987889e-16)
(19.319446 -0.011897589 2.8169029e-16)
(19.352764 -0.011877187 2.8345635e-16)
(19.385883 -0.011853811 2.8516304e-16)
(19.418801 -0.011825049 2.8685314e-16)
(19.451509 -0.011786981 2.8859776e-16)
(19.484015 -0.011727535 2.902129e-16)
(19.516173 -0.011639886 2.9198953e-16)
(19.548307 -0.01142941 2.9380926e-16)
(19.577825 -0.011242255 2.9569282e-16)
(19.611222 -0.0099066818 2.9742724e-16)
(5.1026517 -0.19268397 1.9079131e-19)
(5.3348196 -0.23695654 3.1459408e-19)
(5.5803211 -0.23509255 -2.5772957e-18)
(5.8085388 -0.2208934 -5.5546066e-18)
(6.0287336 -0.19544638 -1.9444926e-18)
(6.2383468 -0.16493142 1.5566528e-18)
(6.4352551 -0.13401603 5.2668697e-18)
(6.6204314 -0.10474466 8.5041728e-18)
(6.795374 -0.078166275 5.0309939e-18)
(6.9615728 -0.054765857 6.5796893e-18)
(7.1205019 -0.034599271 6.3849102e-18)
(7.2734754 -0.017462636 2.0496509e-18)
(7.4216686 -0.0030164505 2.3074083e-18)
(7.5664797 0.0090636091 2.7011967e-18)
(7.7087174 0.019033785 3.0169066e-18)
(7.8485602 0.027131286 3.3970493e-18)
(7.9861599 0.033584367 3.6286968e-18)
(8.1217736 0.038615468 3.8470772e-18)
(8.2556078 0.042437765 4.1231565e-18)
(8.3878069 0.045240864 4.2905212e-18)
(8.5184751 0.047186855 4.6915045e-18)
(8.6476889 0.048413285 4.9787418e-18)
(8.7755045 0.049036606 -2.4466464e-19)
(8.9019639 0.049155361 3.0449997e-19)
(9.0270992 0.048853148 6.1289596e-18)
(9.1509359 0.048201162 6.3691604e-18)
(9.2734947 0.047260277 6.6331743e-18)
(9.3947937 0.04608273 6.9402008e-18)
(9.5148488 0.044713466 7.2374619e-18)
(9.6336749 0.043191237 7.4768421e-18)
(9.751286 0.041549478 7.8120227e-18)
(9.867696 0.039817032 8.1180673e-18)
(9.9829182 0.038018713 8.4093273e-18)
(10.096966 0.036175612 8.7483074e-18)
(10.209853 0.034305224 9.101315e-18)
(10.321593 0.032418669 9.4538767e-18)
(10.432201 0.030529227 9.8348409e-18)
(10.541691 0.028652464 1.0229732e-17)
(10.650074 0.026798397 1.0595184e-17)
(10.757363 0.024974054 1.0984118e-17)
(10.863572 0.023184945 1.1410938e-17)
(10.968715 0.021435521 1.1719177e-17)
(11.072803 0.019729379 1.2091721e-17)
(11.175851 0.018069378 1.2456348e-17)
(11.277869 0.016457721 1.2839492e-17)
(11.378872 0.014896032 1.3149775e-17)
(11.47887 0.013385412 1.3411287e-17)
(11.577877 0.011926506 1.3734563e-17)
(11.675904 0.010519462 1.4093108e-17)
(11.772965 0.0091640954 1.4411277e-17)
(11.869074 0.0078570934 1.4798243e-17)
(11.964281 0.0065926571 1.5203666e-17)
(12.058596 0.0053688687 1.5587033e-17)
(12.152027 0.0041862271 1.6035953e-17)
(12.244579 0.0030456356 1.6380443e-17)
(12.33626 0.0019477405 2.8858811e-17)
(12.42708 0.00089280725 2.9181378e-17)
(12.517045 -0.00011927314 1.7770474e-17)
(12.606165 -0.0010889369 1.8119885e-17)
(12.694447 -0.0020168857 1.8315594e-17)
(12.781898 -0.0029040243 1.8609675e-17)
(12.868528 -0.0037514152 1.9011859e-17)
(12.954343 -0.0045601928 1.9500488e-17)
(13.039349 -0.0053317276 2.0085444e-17)
(13.123544 -0.006067301 2.0611118e-17)
(13.206933 -0.0067682998 2.1070375e-17)
(13.289527 -0.0074361169 2.1568915e-17)
(13.371332 -0.0080721342 2.201078e-17)
(13.452358 -0.0086776921 2.2472982e-17)
(13.532612 -0.0092540812 2.3007445e-17)
(13.612103 -0.0098025484 2.3482976e-17)
(13.690839 -0.0103243 2.3959876e-17)
(13.768827 -0.010820506 2.4453459e-17)
(13.846076 -0.011292299 2.4986044e-17)
(13.922594 -0.011740776 2.5496385e-17)
(13.998389 -0.012167001 2.6055029e-17)
(14.073468 -0.012572005 2.6598473e-17)
(14.14784 -0.012956781 2.7063448e-17)
(14.221511 -0.013322293 2.7546235e-17)
(14.29449 -0.013669468 2.8091257e-17)
(14.366785 -0.013999199 4.2295881e-17)
(14.438403 -0.014312345 4.2202143e-17)
(14.509351 -0.014609734 2.9080434e-17)
(14.579637 -0.014892157 3.0412289e-17)
(14.649267 -0.015160375 3.088201e-17)
(14.718251 -0.015415115 3.1043623e-17)
(14.786593 -0.015657072 3.1183997e-17)
(14.854303 -0.015886911 3.1502975e-17)
(14.921385 -0.016105267 3.1988454e-17)
(14.987849 -0.016312745 3.2519401e-17)
(15.0537 -0.01650992 3.3033152e-17)
(15.118945 -0.016697342 3.3615387e-17)
(15.183591 -0.016875534 3.4275169e-17)
(15.247644 -0.017044991 3.4848279e-17)
(15.311112 -0.017206186 3.5369582e-17)
(15.374 -0.017359567 3.5901481e-17)
(15.436315 -0.017505559 3.6390972e-17)
(15.498063 -0.017644565 3.6918725e-17)
(15.559251 -0.017776969 3.7431758e-17)
(15.619884 -0.017903132 3.7939306e-17)
(15.679969 -0.018023398 3.8501059e-17)
(15.739512 -0.018138093 3.8997642e-17)
(15.798519 -0.018247523 3.9552944e-17)
(15.856995 -0.018351981 4.0137057e-17)
(15.914946 -0.018451741 4.0676734e-17)
(15.972379 -0.018547064 4.1199517e-17)
(16.029298 -0.018638196 4.1739695e-17)
(16.08571 -0.01872537 4.2253899e-17)
(16.141619 -0.018808804 4.2812834e-17)
(16.197031 -0.018888706 4.3352648e-17)
(16.251952 -0.018965271 4.3959823e-17)
(16.306387 -0.019038684 4.4536473e-17)
(16.360341 -0.019109118 4.5107661e-17)
(16.413819 -0.019176738 4.5680212e-17)
(16.466826 -0.019241696 4.6281322e-17)
(16.519368 -0.01930414 4.6867901e-17)
(16.571449 -0.019364205 4.7453568e-17)
(16.623073 -0.019422021 4.8017985e-17)
(16.674247 -0.019477708 4.8579283e-17)
(16.724974 -0.01953138 4.9146501e-17)
(16.77526 -0.019583145 4.9685811e-17)
(16.825109 -0.019633102 5.0258112e-17)
(16.874525 -0.019681346 5.0793552e-17)
(16.923513 -0.019727966 5.1341705e-17)
(16.972077 -0.019773044 5.1947481e-17)
(17.020223 -0.019816658 5.2491756e-17)
(17.067953 -0.019858882 5.3044228e-17)
(17.115273 -0.019899783 5.3618327e-17)
(17.162187 -0.019939426 5.4146826e-17)
(17.208698 -0.01997787 5.4679068e-17)
(17.254812 -0.02001517 5.5282118e-17)
(17.300531 -0.020051381 5.5861988e-17)
(17.34586 -0.020086548 5.6445524e-17)
(17.390803 -0.02012072 5.7010421e-17)
(17.435364 -0.020153937 5.7614666e-17)
(17.479547 -0.020186239 5.8222546e-17)
(17.523355 -0.020217663 5.8820709e-17)
(17.566792 -0.020248242 5.9422522e-17)
(17.609863 -0.02027801 6.0067963e-17)
(17.652569 -0.020306994 6.0677036e-17)
(17.694916 -0.020335223 6.1320797e-17)
(17.736907 -0.020362722 6.1959284e-17)
(17.778545 -0.020389514 6.2601372e-17)
(17.819833 -0.02041562 6.3229359e-17)
(17.860776 -0.020441061 6.3847707e-17)
(17.901376 -0.020465856 6.4465278e-17)
(17.941637 -0.02049002 6.5077667e-17)
(17.981562 -0.02051357 6.572018e-17)
(18.021154 -0.020536521 6.6344269e-17)
(18.060417 -0.020558884 6.6967598e-17)
(18.099354 -0.020580673 6.7563769e-17)
(18.137968 -0.020601899 6.8190021e-17)
(18.176262 -0.020622572 6.8811135e-17)
(18.214239 -0.0206427 6.9427128e-17)
(18.251903 -0.020662292 7.005557e-17)
(18.289255 -0.020681357 7.0709592e-17)
(18.3263 -0.020699901 7.1371619e-17)
(18.363039 -0.020717929 7.2024124e-17)
(18.399477 -0.020735449 7.2680261e-17)
(18.435615 -0.020752465 7.3331283e-17)
(18.471457 -0.020768982 7.4012157e-17)
(18.507005 -0.020785003 7.4674803e-17)
(18.542262 -0.020800534 7.5310542e-17)
(18.577232 -0.020815576 7.596303e-17)
(18.611915 -0.020830134 7.6614813e-17)
(18.646316 -0.020844209 7.7274603e-17)
(18.680437 -0.020857805 7.795109e-17)
(18.71428 -0.020870923 7.8613816e-17)
(18.747849 -0.020883566 7.9241093e-17)
(18.781145 -0.020895734 7.990246e-17)
(18.814171 -0.02090743 8.0554469e-17)
(18.846929 -0.020918655 8.1210151e-17)
(18.879423 -0.020929409 8.1852176e-17)
(18.911653 -0.020939695 8.2497894e-17)
(18.943624 -0.020949512 8.3181912e-17)
(18.975337 -0.020958861 8.3809045e-17)
(19.006795 -0.020967743 8.4452862e-17)
(19.037999 -0.020976158 8.5130603e-17)
(19.068953 -0.020984106 8.5794745e-17)
(19.099658 -0.020991587 8.6415138e-17)
(19.130116 -0.0209986 8.7086672e-17)
(19.160331 -0.021005144 8.7740351e-17)
(19.190304 -0.021011215 8.8376217e-17)
(19.220037 -0.02101681 8.9037316e-17)
(19.249532 -0.021021918 8.9697817e-17)
(19.278792 -0.021026524 9.032766e-17)
(19.307819 -0.021030598 9.0956956e-17)
(19.336614 -0.021034086 9.1637188e-17)
(19.36518 -0.021036892 9.2286812e-17)
(19.393519 -0.021038836 9.2948736e-17)
(19.421632 -0.021039595 9.3592971e-17)
(19.449522 -0.021038554 9.4236674e-17)
(19.477189 -0.021034614 9.4892688e-17)
(19.504636 -0.021025357 9.5518267e-17)
(19.53186 -0.021007155 9.6173283e-17)
(19.558873 -0.020965443 9.6827871e-17)
(19.585589 -0.020896044 9.746493e-17)
(19.61224 -0.020633897 9.8127983e-17)
(19.636966 -0.020438133 9.8776601e-17)
(19.663986 -0.017590824 9.9436698e-17)
(5.2082746 -0.332057 4.5418458e-20)
(5.5668334 -0.33170324 -6.592045e-20)
(5.8494183 -0.29995948 -1.0299574e-21)
(6.0979857 -0.26611806 -5.5911961e-20)
(6.3376542 -0.22370517 -4.5154978e-20)
(6.562415 -0.18088152 0)
(6.7720186 -0.14192055 -5.7648154e-21)
(6.9690524 -0.10785562 1.3963792e-19)
(7.1555105 -0.078949565 2.4628074e-19)
(7.3332086 -0.055008529 2.7733902e-19)
(7.503874 -0.035519196 4.3284536e-19)
(7.6689565 -0.019834618 4.596465e-19)
(7.8295858 -0.007261415 5.3861347e-19)
(7.9863504 0.0027294934 6.2847522e-19)
(8.139705 0.010449266 8.3177247e-19)
(8.2901189 0.016255659 9.5071906e-19)
(8.4379293 0.020538293 1.1061513e-18)
(8.5833743 0.023623805 1.2341755e-18)
(8.7266171 0.025761514 1.3526432e-18)
(8.8677681 0.027146329 1.4925416e-18)
(9.0069059 0.027931489 1.6037384e-18)
(9.14409 0.028237348 1.739231e-18)
(9.2793679 0.028158888 1.8418008e-18)
(9.4127797 0.02777163 1.9849831e-18)
(9.5443612 0.027136134 2.154457e-18)
(9.6741456 0.026301409 2.3350107e-18)
(9.8021644 0.025307492 2.4929575e-18)
(9.9284485 0.024187374 2.6386036e-18)
(10.053028 0.022968453 2.8143535e-18)
(10.175931 0.021673629 2.963919e-18)
(10.297188 0.020322161 3.1463493e-18)
(10.416827 0.01893034 3.2679189e-18)
(10.534875 0.01751208 3.4447519e-18)
(10.651358 0.016079679 3.5938507e-18)
(10.7663 0.01464443 3.7711907e-18)
(10.879727 0.013222833 3.9011828e-18)
(10.991658 0.011818577 4.0815239e-18)
(11.10211 0.010428131 4.2422097e-18)
(11.211099 0.0090548731 4.403127e-18)
(11.318639 0.0077035495 4.5586711e-18)
(11.42475 0.0063781757 4.719831e-18)
(11.529447 0.0050820006 4.8941436e-18)
(11.63275 0.0038175734 5.0970981e-18)
(11.734674 0.0025868087 5.26778e-18)
(11.835236 0.0013910768 5.4428803e-18)
(11.934453 0.00023128884 1.3782342e-19)
(12.03234 -0.0008920351 -1.7150431e-19)
(12.128913 -0.0019787047 5.4324716e-18)
(12.224188 -0.0030288569 6.1932012e-18)
(12.318178 -0.0040428103 6.5245717e-18)
(12.410896 -0.005021389 6.7658487e-18)
(12.502317 -0.0059657796 6.9654741e-18)
(12.592453 -0.0068781078 7.1585044e-18)
(12.681323 -0.0077594583 7.3876841e-18)
(12.768947 -0.0086102006 7.5911494e-18)
(12.855341 -0.0094305021 7.7676582e-18)
(12.940523 -0.010220538 7.9589568e-18)
(13.024511 -0.010980589 8.1427635e-18)
(13.107321 -0.011711078 8.2942514e-18)
(13.18897 -0.012412568 8.452493e-18)
(13.269475 -0.01308574 8.5868427e-18)
(13.34885 -0.013731337 8.7646946e-18)
(13.427113 -0.01435016 8.9438041e-18)
(13.504279 -0.014942567 9.1580939e-18)
(13.580363 -0.015509022 9.3830655e-18)
(13.65538 -0.016050731 9.6214045e-18)
(13.729345 -0.016569057 9.8189759e-18)
(13.802272 -0.017065273 1.0044827e-17)
(13.874176 -0.017540548 1.0250284e-17)
(13.945071 -0.01799595 1.0468786e-17)
(14.014971 -0.018432449 1.0650131e-17)
(14.083888 -0.018850934 1.0862062e-17)
(14.151837 -0.019252219 1.1060452e-17)
(14.218831 -0.019637061 1.1281342e-17)
(14.284882 -0.020006164 1.1490654e-17)
(14.350003 -0.020360188 1.1699607e-17)
(14.414208 -0.020699756 1.1924604e-17)
(14.477507 -0.021025454 1.214525e-17)
(14.539913 -0.021337841 1.2365019e-17)
(14.601439 -0.021637445 1.2592511e-17)
(14.662095 -0.021924768 1.2802558e-17)
(14.721894 -0.02220029 1.3103729e-17)
(14.780847 -0.022464463 1.3321464e-17)
(14.838964 -0.022717723 1.3532728e-17)
(14.896257 -0.02296048 1.3705274e-17)
(14.952737 -0.023193127 1.3927216e-17)
(15.008415 -0.023416037 1.412248e-17)
(15.063301 -0.023629565 1.4320429e-17)
(15.117405 -0.023834049 1.4547702e-17)
(15.170737 -0.024029811 1.4769646e-17)
(15.223308 -0.024217156 1.5007565e-17)
(15.275128 -0.024396375 1.5248141e-17)
(15.326206 -0.024567746 1.5416922e-17)
(15.376552 -0.024731531 1.5676137e-17)
(15.426175 -0.024887981 1.590065e-17)
(15.475085 -0.025037335 1.6144092e-17)
(15.523291 -0.025179821 1.6408631e-17)
(15.570802 -0.025315655 1.6641331e-17)
(15.617627 -0.025445043 1.6913713e-17)
(15.663775 -0.025568183 1.7143959e-17)
(15.709254 -0.025685263 1.7387362e-17)
(15.754073 -0.025796462 1.7633323e-17)
(15.79824 -0.025901951 1.7852967e-17)
(15.841765 -0.026001896 1.8107102e-17)
(15.884654 -0.026096452 1.8393175e-17)
(15.926916 -0.02618577 1.8655214e-17)
(15.968559 -0.026269994 1.8914778e-17)
(16.009591 -0.026349262 1.9195561e-17)
(16.05002 -0.026423708 1.9431541e-17)
(16.089853 -0.026493458 1.9696461e-17)
(16.129098 -0.026558636 2.0003854e-17)
(16.167763 -0.026619359 2.0284867e-17)
(16.205854 -0.026675741 2.0534337e-17)
(16.243378 -0.026727892 2.0815492e-17)
(16.280344 -0.026775918 2.1088701e-17)
(16.316758 -0.026819921 2.1375295e-17)
(16.352627 -0.026860001 2.1646128e-17)
(16.387958 -0.026896252 2.190394e-17)
(16.422757 -0.026928769 2.2201266e-17)
(16.457032 -0.026957641 2.2506688e-17)
(16.490789 -0.026982955 2.2791092e-17)
(16.524034 -0.027004796 2.3065124e-17)
(16.556774 -0.027023248 2.3354931e-17)
(16.589015 -0.027038389 2.3597446e-17)
(16.620764 -0.027050298 2.3911294e-17)
(16.652026 -0.027059051 2.4209502e-17)
(16.682808 -0.027064723 2.4502406e-17)
(16.713116 -0.027067385 2.4816598e-17)
(16.742955 -0.027067109 2.5133546e-17)
(16.772332 -0.027063963 2.5408505e-17)
(16.801252 -0.027058014 2.5699281e-17)
(16.829722 -0.027049329 2.5982351e-17)
(16.857746 -0.027037972 2.6249744e-17)
(16.88533 -0.027024007 2.651734e-17)
(16.912479 -0.027007493 2.6845579e-17)
(16.9392 -0.026988494 2.7108135e-17)
(16.965497 -0.026967067 2.7436781e-17)
(16.991377 -0.02694327 2.7736533e-17)
(17.016843 -0.026917161 2.8017992e-17)
(17.041901 -0.026888796 2.8318005e-17)
(17.066556 -0.026858229 2.8647217e-17)
(17.090814 -0.026825514 2.8918617e-17)
(17.114679 -0.026790704 2.9206039e-17)
(17.138156 -0.02675385 2.9517254e-17)
(17.16125 -0.026715005 2.9783886e-17)
(17.183966 -0.026674216 3.011925e-17)
(17.206308 -0.026631535 3.0420487e-17)
(17.228281 -0.026587008 3.0721862e-17)
(17.24989 -0.026540684 3.1012916e-17)
(17.271139 -0.026492608 3.1304151e-17)
(17.292033 -0.026442827 3.1587698e-17)
(17.312577 -0.026391386 3.1902989e-17)
(17.332774 -0.026338329 3.2197417e-17)
(17.352629 -0.026283699 3.2510521e-17)
(17.372146 -0.026227539 3.2800057e-17)
(17.391329 -0.026169891 3.308712e-17)
(17.410183 -0.026110797 3.3377045e-17)
(17.428712 -0.026050297 3.3656618e-17)
(17.44692 -0.02598843 3.396015e-17)
(17.46481 -0.025925237 3.4266468e-17)
(17.482387 -0.025860756 3.4530813e-17)
(17.499655 -0.025795025 3.4842863e-17)
(17.516618 -0.02572808 3.5139268e-17)
(17.533279 -0.02565996 3.538047e-17)
(17.549642 -0.025590699 3.5677264e-17)
(17.565711 -0.025520334 3.5990125e-17)
(17.58149 -0.025448899 3.6279445e-17)
(17.596983 -0.025376428 3.6584833e-17)
(17.612192 -0.025302955 3.6879841e-17)
(17.627121 -0.025228513 3.7130194e-17)
(17.641775 -0.025153135 3.7441506e-17)
(17.656156 -0.025076852 3.7729252e-17)
(17.670268 -0.024999695 3.7998711e-17)
(17.684114 -0.024921696 3.8337086e-17)
(17.697698 -0.024842884 3.8646629e-17)
(17.711023 -0.024763289 3.892734e-17)
(17.724092 -0.024682939 3.9205603e-17)
(17.736908 -0.024601862 3.9497315e-17)
(17.749475 -0.024520086 3.978397e-17)
(17.761796 -0.024437638 4.0057617e-17)
(17.773874 -0.024354542 4.0352635e-17)
(17.785712 -0.024270825 4.062937e-17)
(17.797313 -0.024186509 4.0935431e-17)
(17.80868 -0.024101614 4.1231146e-17)
(17.819816 -0.024016159 4.1535019e-17)
(17.830724 -0.023930153 4.1841779e-17)
(17.841407 -0.0238436 4.2127596e-17)
(17.851868 -0.02375648 4.2416286e-17)
(17.862109 -0.023668746 4.2723747e-17)
(17.872134 -0.023580292 4.3023498e-17)
(17.881946 -0.023490918 4.3318187e-17)
(17.891547 -0.023400245 4.3626363e-17)
(17.90094 -0.023307672 4.3934778e-17)
(17.910131 -0.023211922 4.4238139e-17)
(17.919122 -0.023112416 4.4512557e-17)
(17.927929 -0.023001581 4.4842881e-17)
(17.936547 -0.022901195 4.5149412e-17)
(17.945058 -0.022672273 4.5419172e-17)
(17.953117 -0.022803538 4.571561e-17)
(17.960107 -0.019911327 4.6027858e-17)
(5.3334326 -0.42010816 5.0664778e-19)
(5.8196946 -0.31734461 -1.329383e-18)
(6.0952634 -0.24858977 -2.7192707e-18)
(6.334371 -0.20140017 -2.6466881e-19)
(6.5680157 -0.15534615 1.8019576e-18)
(6.7842913 -0.115321 1.6417918e-18)
(6.9856634 -0.082344469 -6.8227641e-19)
(7.1760855 -0.055842308 -2.5722458e-18)
(7.3576132 -0.035289248 -1.9553573e-20)
(7.5318336 -0.019947107 -6.0463685e-19)
(7.7000826 -0.0089085546 -6.2408355e-19)
(7.8633497 -0.001254827 2.0808889e-18)
(8.0222843 0.0038667117 2.1106826e-18)
(8.1770467 0.0071341879 -5.426898e-19)
(8.327975 0.0090513767 -3.4628163e-19)
(8.4753434 0.010007717 2.4783733e-18)
(8.6193083 0.010292487 -1.8838951e-19)
(8.7599638 0.010108828 -6.9673562e-20)
(8.8973742 0.0095947126 2.6976273e-18)
(9.0315864 0.0088467027 -1.2439948e-18)
(9.1626394 0.0079332054 -7.2974943e-19)
(9.2905698 0.0069029329 3.2608453e-18)
(9.4154146 0.0057911711 3.0233985e-18)
(9.5372121 0.0046240819 3.1038121e-18)
(9.6560026 0.0034215418 3.108006e-18)
(9.7718286 0.0021990191 3.1240827e-18)
(9.8847348 0.00096881532 3.1392688e-18)
(9.9947673 -0.00025911683 3.2574837e-18)
(10.101974 -0.0014766254 3.3399796e-18)
(10.206404 -0.0026769811 3.3942661e-18)
(10.308107 -0.0038545974 3.4375878e-18)
(10.407133 -0.0050047833 3.4488555e-18)
(10.503534 -0.0061234874 3.4443456e-18)
(10.597362 -0.0072066815 3.557882e-18)
(10.688671 -0.0082501991 3.6177498e-18)
(10.777512 -0.009244772 3.621209e-18)
(10.863956 -0.010187001 3.6285287e-18)
(10.948062 -0.011086603 3.670208e-18)
(11.02989 -0.011945725 3.7223871e-18)
(11.109497 -0.0127638 3.8222932e-18)
(11.186939 -0.013540266 3.9576917e-18)
(11.262269 -0.01427489 4.0189505e-18)
(11.335541 -0.014967817 4.1097228e-18)
(11.406806 -0.015619558 4.1466676e-18)
(11.476116 -0.016230917 4.196077e-18)
(11.543519 -0.016802913 8.0308283e-18)
(11.609063 -0.01733672 8.7585208e-18)
(11.672796 -0.017833611 5.1668322e-18)
(11.734762 -0.018294862 4.607995e-18)
(11.795006 -0.018721801 4.6463595e-18)
(11.85357 -0.01911358 4.6761185e-18)
(11.910496 -0.019469304 4.7062686e-18)
(11.965826 -0.019791309 4.7498091e-18)
(12.019598 -0.020083016 4.8537909e-18)
(12.071851 -0.020347413 4.9661764e-18)
(12.122621 -0.020586877 5.1550989e-18)
(12.171943 -0.020803286 5.3214394e-18)
(12.219854 -0.020998163 5.4060335e-18)
(12.266385 -0.021172788 5.4970446e-18)
(12.311569 -0.021328287 5.5864527e-18)
(12.355439 -0.021465681 5.6873102e-18)
(12.398024 -0.021585927 5.7654701e-18)
(12.439356 -0.021689959 5.8500484e-18)
(12.479463 -0.021778671 5.949108e-18)
(12.518373 -0.021852902 6.0717467e-18)
(12.556115 -0.021913463 6.1696337e-18)
(12.592715 -0.021961088 6.3244339e-18)
(12.628199 -0.021996454 6.4635877e-18)
(12.662594 -0.022020211 6.5951414e-18)
(12.695924 -0.022032991 6.7271697e-18)
(12.728214 -0.022035401 6.8313122e-18)
(12.759486 -0.022028024 7.1021725e-18)
(12.789764 -0.022011423 7.3149353e-18)
(12.81907 -0.021986136 7.4409628e-18)
(12.847427 -0.021952681 7.5572871e-18)
(12.874856 -0.021911551 7.788141e-18)
(12.901377 -0.021863223 7.954446e-18)
(12.92701 -0.021808147 8.0171734e-18)
(12.951776 -0.021746759 8.0863485e-18)
(12.975694 -0.02167947 8.282772e-18)
(12.998782 -0.021606676 8.6028251e-18)
(13.02106 -0.02152875 8.8006997e-18)
(13.042545 -0.021446052 8.8574276e-18)
(13.063254 -0.02135892 8.9123792e-18)
(13.083206 -0.021267676 8.9820265e-18)
(13.102416 -0.021172627 9.0746772e-18)
(13.120901 -0.021074064 9.1738914e-18)
(13.138677 -0.020972262 9.2796926e-18)
(13.15576 -0.02086748 9.3858889e-18)
(13.172166 -0.020759967 9.4738047e-18)
(13.187908 -0.020649956 9.5703703e-18)
(13.203002 -0.020537666 9.6860228e-18)
(13.217462 -0.020423308 9.8114642e-18)
(13.231302 -0.020307076 9.9436035e-18)
(13.244537 -0.020189158 1.0064704e-17)
(13.257178 -0.020069727 1.0184131e-17)
(13.26924 -0.019948949 1.0443356e-17)
(13.280734 -0.019826979 1.0690811e-17)
(13.291675 -0.019703964 1.0786643e-17)
(13.302074 -0.019580041 1.1020715e-17)
(13.311943 -0.019455339 1.1238667e-17)
(13.321294 -0.019329979 1.1459429e-17)
(13.330138 -0.019204076 1.1659748e-17)
(13.338487 -0.019077737 1.1840586e-17)
(13.346352 -0.018951061 1.2031552e-17)
(13.353744 -0.018824143 1.2215692e-17)
(13.360672 -0.01869707 1.2383394e-17)
(13.367149 -0.018569925 1.2583599e-17)
(13.373184 -0.018442784 1.2728938e-17)
(13.378786 -0.018315719 1.289077e-17)
(13.383966 -0.018188797 1.3080944e-17)
(13.388733 -0.01806208 1.3243834e-17)
(13.393096 -0.017935626 1.3556497e-17)
(13.397065 -0.017809489 1.370127e-17)
(13.400649 -0.017683719 1.3852949e-17)
(13.403857 -0.017558362 1.3987827e-17)
(13.406696 -0.017433462 1.4151208e-17)
(13.409176 -0.017309057 1.4276119e-17)
(13.411305 -0.017185184 1.4410072e-17)
(13.413091 -0.017061877 1.4578075e-17)
(13.414542 -0.016939168 1.4761798e-17)
(13.415665 -0.016817084 1.4867655e-17)
(13.416469 -0.016695652 1.4989079e-17)
(13.416961 -0.016574895 1.5122865e-17)
(13.417148 -0.016454834 1.5284383e-17)
(13.417037 -0.016335491 1.5464994e-17)
(13.416635 -0.016216881 1.562088e-17)
(13.41595 -0.016099022 1.5739829e-17)
(13.414987 -0.015981927 1.5860199e-17)
(13.413755 -0.01586561 1.5985303e-17)
(13.412258 -0.015750081 1.6146083e-17)
(13.410504 -0.01563535 1.627965e-17)
(13.408498 -0.015521427 1.6401385e-17)
(13.406247 -0.015408317 1.6512339e-17)
(13.403757 -0.015296029 1.6622459e-17)
(13.401033 -0.015184567 1.6754001e-17)
(13.398082 -0.015073935 1.688142e-17)
(13.394909 -0.014964136 1.7172172e-17)
(13.391519 -0.014855174 1.7429082e-17)
(13.387918 -0.014747049 1.7673266e-17)
(13.384112 -0.014639764 1.7761083e-17)
(13.380104 -0.014533317 1.7865937e-17)
(13.375901 -0.01442771 1.7980027e-17)
(13.371508 -0.01432294 1.8105648e-17)
(13.366928 -0.014219007 1.8243978e-17)
(13.362168 -0.014115908 1.8378116e-17)
(13.357231 -0.014013642 1.8669925e-17)
(13.352123 -0.013912205 1.893985e-17)
(13.346848 -0.013811594 1.8995885e-17)
(13.341409 -0.013711805 1.9095202e-17)
(13.335813 -0.013612836 1.9207244e-17)
(13.330062 -0.013514681 1.9338909e-17)
(13.32416 -0.013417336 1.9414888e-17)
(13.318113 -0.013320796 1.9513867e-17)
(13.311924 -0.013225057 1.9747093e-17)
(13.305596 -0.013130113 2.0003856e-17)
(13.299134 -0.013035959 2.0077391e-17)
(13.292542 -0.01294259 2.0176348e-17)
(13.285822 -0.012850001 2.0284703e-17)
(13.278979 -0.012758185 2.0396721e-17)
(13.272016 -0.012667137 2.0492764e-17)
(13.264937 -0.01257685 2.0624858e-17)
(13.257744 -0.01248732 2.0916067e-17)
(13.250441 -0.012398541 2.1197553e-17)
(13.243032 -0.012310505 2.1441359e-17)
(13.23552 -0.012223208 2.1498246e-17)
(13.227906 -0.012136643 2.154467e-17)
(13.220196 -0.012050803 2.159927e-17)
(13.212391 -0.011965684 2.1653893e-17)
(13.204495 -0.011881279 2.1721422e-17)
(13.19651 -0.011797582 2.1840622e-17)
(13.188439 -0.011714586 2.2126836e-17)
(13.180285 -0.011632286 2.2380789e-17)
(13.17205 -0.011550675 2.2476287e-17)
(13.163738 -0.011469748 2.2568374e-17)
(13.15535 -0.011389497 2.2693656e-17)
(13.146889 -0.011309917 2.2830979e-17)
(13.138358 -0.011231002 2.2942477e-17)
(13.129759 -0.011152745 2.3061259e-17)
(13.121094 -0.01107514 2.3421401e-17)
(13.112366 -0.010998179 2.3735999e-17)
(13.103576 -0.010921857 2.3890484e-17)
(13.094728 -0.010846165 2.4065524e-17)
(13.085823 -0.010771096 2.4216998e-17)
(13.076863 -0.010696639 2.4325666e-17)
(13.06785 -0.010622783 2.4457235e-17)
(13.058786 -0.01054951 2.4595003e-17)
(13.049675 -0.010476794 2.4889144e-17)
(13.040516 -0.010404595 2.5195951e-17)
(13.031313 -0.010332846 2.5498607e-17)
(13.022067 -0.010261438 2.5613764e-17)
(13.012781 -0.010190194 2.5755634e-17)
(13.003457 -0.010118917 2.5901343e-17)
(12.994098 -0.010047237 2.6056959e-17)
(12.984706 -0.0099767595 2.6192197e-17)
(12.975284 -0.0099057271 2.6355553e-17)
(12.965838 -0.0098747773 2.6703807e-17)
(12.956235 -0.0098139481 2.7037097e-17)
(12.947061 -0.010319551 2.7158036e-17)
(12.933566 -0.009719813 2.7115223e-17)
(5.3540405 -0.41582018 1.4474292e-18)
(5.869447 -0.27500696 2.9439321e-18)
(6.0009833 -0.21453248 2.8400746e-18)
(6.0968759 -0.18038474 2.5130023e-18)
(6.194234 -0.14924816 -3.6826467e-19)
(6.2783512 -0.12226244 -3.5311929e-18)
(6.3560261 -0.098712662 -9.3700247e-19)
(6.4328349 -0.078344609 2.4681127e-18)
(6.5102247 -0.061320576 -1.5846182e-18)
(6.5883458 -0.047588321 -1.3709275e-18)
(6.6668222 -0.036856611 -1.2614854e-18)
(6.744994 -0.028697826 -5.0829684e-18)
(6.822102 -0.02264158 -4.911254e-18)
(6.8974576 -0.018212622 -4.5352377e-19)
(6.9706035 -0.014997803 4.4159411e-19)
(7.0412481 -0.012696018 -4.4616004e-18)
(7.1091864 -0.011073639 -1.3504552e-19)
(7.174294 -0.0099458016 4.1898786e-19)
(7.2365139 -0.0091723789 -4.808229e-18)
(7.2958372 -0.0086491369 -1.713891e-20)
(7.3522902 -0.0082998897 7.0432184e-19)
(7.405924 -0.0080699651 -4.9341527e-18)
(7.4568066 -0.007920611 1.2351283e-19)
(7.5050169 -0.0078245932 9.9057473e-19)
(7.5506404 -0.0077629054 -3.8662499e-18)
(7.5937662 -0.0077223603 -3.4749755e-18)
(7.6344852 -0.0076938563 -3.5165923e-18)
(7.6728884 -0.0076711495 1.958529e-18)
(7.7090662 -0.0076499914 1.7973806e-18)
(7.7431077 -0.0076275259 -1.915325e-18)
(7.7751001 -0.0076018664 -2.5304947e-18)
(7.8051288 -0.0075717884 -4.1591905e-18)
(7.833277 -0.0075365224 -2.7163029e-18)
(7.8596257 -0.0074955455 3.6068664e-18)
(7.8842554 -0.0074489115 3.3399617e-18)
(7.9072376 -0.0074009586 -2.7200682e-18)
(7.928639 -0.0073531991 -2.485238e-18)
(7.9485327 -0.0073023596 -2.2104597e-18)
(7.9669904 -0.0072485511 -1.8998752e-18)
(7.9840781 -0.0071921624 4.443754e-18)
(7.9998583 -0.0071335616 4.3095685e-18)
(8.0143908 -0.0070730454 -1.8425995e-18)
(8.0277331 -0.0070108545 -1.5150919e-18)
(8.0399402 -0.0069471986 -1.2112809e-18)
(8.051065 -0.0068822655 -9.0065858e-19)
(8.0611581 -0.0068162257 5.775759e-18)
(8.070268 -0.0067492371 5.6756888e-18)
(8.0784409 -0.0066814547 -8.0169004e-19)
(8.0857213 -0.0066130406 -5.3993367e-19)
(8.0921512 -0.0065443484 -4.1609782e-19)
(8.0977701 -0.0064757229 -4.9915614e-19)
(8.1026167 -0.0064072212 -5.2218987e-19)
(8.1067288 -0.0063390591 -2.1191895e-18)
(8.1101429 -0.0062714677 -3.679448e-20)
(8.1128933 -0.0062044559 2.9459678e-18)
(8.1150122 -0.0061378936 8.5880741e-18)
(8.1165301 -0.0060716132 7.8205398e-18)
(8.117476 -0.0060054614 6.3659614e-19)
(8.1178774 -0.0059393252 7.7772408e-19)
(8.1177605 -0.0058731387 9.0747089e-19)
(8.1171502 -0.0058068791 1.0520861e-18)
(8.1160703 -0.0057405567 9.5144601e-19)
(8.1145434 -0.0056742207 8.8316173e-19)
(8.112591 -0.0056079008 1.2949968e-18)
(8.1102336 -0.0055415875 1.4461392e-18)
(8.1074908 -0.0054753155 1.5358895e-18)
(8.1043813 -0.005409167 2.0535134e-18)
(8.1009227 -0.0053432483 2.4770729e-18)
(8.097132 -0.0052776756 2.7303848e-18)
(8.0930254 -0.0052125619 2.4506136e-18)
(8.0886181 -0.0051480088 2.316809e-18)
(8.0839247 -0.0050841048 1.0209271e-17)
(8.078959 -0.0050209245 1.0170868e-17)
(8.0737342 -0.0049585308 2.6212562e-18)
(8.0682628 -0.0048969757 2.9361613e-18)
(8.0625568 -0.0048363025 1.0505462e-17)
(8.0566274 -0.0047765466 9.9537795e-18)
(8.0504854 -0.004717737 1.951765e-18)
(8.0441411 -0.0046598973 2.21979e-18)
(8.0376041 -0.0046030462 1.0120599e-17)
(8.0308838 -0.0045471982 1.7417917e-17)
(8.0239889 -0.0044923644 8.7446323e-18)
(8.0169278 -0.0044385525 8.5298879e-19)
(8.0097085 -0.0043857672 1.273512e-18)
(8.0023386 -0.0043340107 1.5888853e-18)
(7.9948252 -0.0042832831 1.8509721e-18)
(7.9871752 -0.0042335819 2.0941268e-18)
(7.9793952 -0.0041849031 2.3890045e-18)
(7.9714913 -0.0041372405 2.6694144e-18)
(7.9634695 -0.0040905867 2.873969e-18)
(7.9553353 -0.0040449326 3.0375582e-18)
(7.9470943 -0.0040002679 3.2463931e-18)
(7.9387514 -0.003956581 3.4456481e-18)
(7.9303115 -0.0039138592 3.6450998e-18)
(7.9217793 -0.003872089 3.8430279e-18)
(7.9131593 -0.0038312558 4.0598942e-18)
(7.9044555 -0.0037913445 1.2523982e-17)
(7.8956721 -0.0037523391 1.1987322e-17)
(7.8868128 -0.0037142231 3.2488322e-18)
(7.8778814 -0.0036769795 1.1983239e-17)
(7.8688813 -0.0036405908 1.1471686e-17)
(7.859816 -0.0036050392 1.1122475e-17)
(7.8506885 -0.0035703066 1.0798107e-17)
(7.841502 -0.0035363746 1.0555063e-17)
(7.8322594 -0.0035032247 1.0312612e-17)
(7.8229635 -0.0034708382 1.0147187e-17)
(7.813617 -0.0034391964 9.9818801e-18)
(7.8042224 -0.0034082804 9.7998077e-18)
(7.7947823 -0.0033780716 9.5571947e-18)
(7.7852989 -0.0033485513 9.360612e-18)
(7.7757746 -0.0033197007 9.1944751e-18)
(7.7662116 -0.0032915015 9.1427558e-18)
(7.756612 -0.0032639352 1.7867664e-17)
(7.7469777 -0.0032369836 1.0743698e-17)
(7.7373108 -0.0032106289 8.8176106e-18)
(7.727613 -0.0031848532 6.275995e-18)
(7.7178863 -0.0031596391 8.0841763e-18)
(7.7081324 -0.0031349693 8.635604e-18)
(7.6983529 -0.0031108268 8.3268212e-18)
(7.6885494 -0.0030871951 8.1804413e-18)
(7.6787236 -0.0030640578 8.9013526e-18)
(7.668877 -0.0030413988 8.0632502e-18)
(7.659011 -0.0030192024 7.6061364e-18)
(7.649127 -0.0029974534 7.6323299e-18)
(7.6392264 -0.0029761367 7.9646946e-18)
(7.6293107 -0.0029552376 9.3008114e-18)
(7.6193809 -0.0029347418 9.0795143e-18)
(7.6094385 -0.0029146354 7.7457723e-18)
(7.5994846 -0.0028949048 7.997556e-18)
(7.5895205 -0.0028755367 8.4704749e-18)
(7.5795472 -0.0028565183 8.7957805e-18)
(7.5695659 -0.0028378371 9.1500652e-18)
(7.5595777 -0.0028194809 9.2172291e-18)
(7.5495837 -0.0028014379 1.0626739e-17)
(7.5395848 -0.0027836966 9.1023498e-18)
(7.5295822 -0.0027662461 7.1717743e-18)
(7.5195767 -0.0027490754 8.1962071e-18)
(7.5095693 -0.0027321743 1.7418786e-17)
(7.499561 -0.0027155326 1.6733475e-17)
(7.4895527 -0.0026991405 1.6212863e-17)
(7.4795453 -0.0026829887 5.9732338e-18)
(7.4695397 -0.002667068 6.4459782e-18)
(7.4595366 -0.0026513698 7.6242104e-18)
(7.4495369 -0.0026358854 7.9763394e-18)
(7.4395415 -0.0026206069 7.4743364e-18)
(7.4295511 -0.0026055263 7.8345669e-18)
(7.4195666 -0.0025906361 1.7861114e-17)
(7.4095886 -0.002575929 1.6840115e-17)
(7.3996179 -0.002561398 6.0669782e-18)
(7.3896552 -0.0025470364 6.4818803e-18)
(7.3797013 -0.0025328377 8.7596909e-18)
(7.3697568 -0.0025187957 9.5185669e-18)
(7.3598224 -0.0025049044 8.2439562e-18)
(7.3498988 -0.0024911582 7.9017211e-18)
(7.3399866 -0.0024775516 1.7445823e-17)
(7.3300864 -0.0024640794 1.6449289e-17)
(7.320199 -0.0024507365 5.8743322e-18)
(7.3103248 -0.0024375182 6.7677597e-18)
(7.3004646 -0.0024244199 8.1520844e-18)
(7.2906187 -0.0024114372 8.3995908e-18)
(7.2807879 -0.0023985661 9.2832962e-18)
(7.2709727 -0.0023858026 8.6553157e-18)
(7.2611737 -0.0023731428 1.7828786e-17)
(7.2513912 -0.0023605833 1.8319713e-17)
(7.241626 -0.0023481206 1.7870593e-17)
(7.2318784 -0.0023357515 7.2270405e-18)
(7.222149 -0.0023234728 7.8778659e-18)
(7.2124383 -0.0023112817 1.0214351e-17)
(7.2027467 -0.0022991755 8.999673e-18)
(7.1930746 -0.0022871513 7.1231079e-18)
(7.1834226 -0.0022752069 8.6302145e-18)
(7.173791 -0.0022633396 1.8739598e-17)
(7.1641804 -0.0022515474 1.7519082e-17)
(7.154591 -0.002239828 7.4526775e-18)
(7.1450234 -0.0022281792 7.7986029e-18)
(7.1354778 -0.0022165992 9.3530994e-18)
(7.1259547 -0.002205086 9.4352409e-18)
(7.1164545 -0.0021936377 9.3343868e-18)
(7.1069774 -0.0021822525 9.5326079e-18)
(7.097524 -0.0021709286 1.8848063e-17)
(7.0880945 -0.0021596642 1.8996606e-17)
(7.0786892 -0.0021484574 9.0709296e-18)
(7.0693084 -0.0021373063 1.0410871e-17)
(7.0599526 -0.0021262085 1.1834446e-17)
(7.050622 -0.0021151611 1.1012297e-17)
(7.041317 -0.0021041601 9.2505032e-18)
(7.0320378 -0.0020931995 9.7223175e-18)
(7.0227847 -0.0020822696 1.9906786e-17)
(7.0135582 -0.0020713543 1.8661876e-17)
(7.0043587 -0.0020604256 1.8140364e-17)
(6.9951866 -0.0020494374 8.7375121e-18)
(6.9860427 -0.0020383014 8.7305421e-18)
(6.9769279 -0.0020269511 7.9083255e-18)
(6.9678437 -0.0020149444 9.8856969e-18)
(6.958792 -0.0020038221 1.0229193e-17)
(6.9497652 -0.0019879172 1.0453173e-17)
(6.9408102 -0.0020033042 2.1831001e-17)
(6.9315195 -0.0019795975 2.077591e-17)
(6.9234136 -0.0023358471 1.0311744e-17)
(6.9074064 -0.0037639175 1.4787291e-18)
(4.827776 -0.20286811 -3.9175909e-19)
(4.8070099 -0.12583455 -1.9591045e-19)
(4.2758874 -0.093373402 1.6647538e-18)
(3.8032 -0.07358321 2.8526789e-18)
(3.4243939 -0.055684155 -7.1026895e-19)
(3.1075656 -0.040533234 -1.6375403e-18)
(2.855949 -0.027993873 -1.6576316e-18)
(2.6678403 -0.018117071 -2.963763e-18)
(2.5336132 -0.010819219 3.1340002e-19)
(2.4422888 -0.0057241238 -2.8304655e-19)
(2.3835876 -0.0023472358 -2.3714542e-18)
(2.3486166 -0.00022422541 3.0671198e-19)
(2.3301909 0.0010257428 1.6711069e-18)
(2.3228238 0.0017053915 -1.2584102e-18)
(2.3226521 0.0020404171 -1.8805311e-19)
(2.3270539 0.0021680366 2.0468924e-18)
(2.3342065 0.0021773255 -1.581757e-18)
(2.3428744 0.0021255804 -1.1746039e-18)
(2.352247 0.0020459321 1.386947e-18)
(2.361802 0.0019564969 -1.4359886e-18)
(2.3712116 0.0018665766 -4.7176735e-19)
(2.3802787 0.0017803536 2.1180818e-18)
(2.3888912 0.0016992264 -1.3646461e-18)
(2.3969918 0.0016232056 -1.0575109e-18)
(2.4045581 0.0015516929 2.3037158e-18)
(2.4115887 0.0014838996 3.013504e-19)
(2.4180954 0.001419054 -7.3105175e-19)
(2.4240972 0.0013564917 -2.1242397e-18)
(2.4296171 0.0012956818 -9.0338165e-19)
(2.4346797 0.0012362244 1.5887865e-18)
(2.4393104 0.0011778337 8.7847214e-19)
(2.4435339 0.001120325 1.2585355e-19)
(2.4473745 0.0010635977 -4.4299267e-19)
(2.4508551 0.0010076568 -2.197032e-18)
(2.4539999 0.00095272986 -1.0765939e-18)
(2.4568258 0.00089809158 1.5794712e-18)
(2.4593414 0.00084531521 1.6759797e-18)
(2.4615664 0.00079579793 1.4045159e-18)
(2.4635244 0.00074826049 -5.8939347e-19)
(2.4652316 0.00070209532 -2.8683201e-18)
(2.4667011 0.00065716699 -4.2249534e-19)
(2.4679453 0.00061349785 1.748685e-18)
(2.4689755 0.00057114377 4.6524919e-20)
(2.4698024 0.0005301496 -6.6990964e-20)
(2.470436 0.00049053835 3.4355135e-20)
(2.4708858 0.00045231299 -1.5625048e-18)
(2.4711607 0.0004154618 8.8101291e-19)
(2.4712691 0.00037996012 2.8679129e-18)
(2.4712188 0.00034579115 9.4158314e-19)
(2.471017 0.00031287105 8.7818664e-19)
(2.4706695 0.00028123314 1.3980444e-19)
(2.4701825 0.00025119864 -2.1174926e-19)
(2.4695633 0.00022292901 -7.0247365e-19)
(2.4688193 0.00019629883 4.0950351e-19)
(2.4679566 0.00017110005 1.7586598e-18)
(2.4669808 0.00014712648 -2.025823e-18)
(2.4658967 0.00012420277 -1.3800328e-18)
(2.464709 0.00010219393 2.340095e-18)
(2.463422 8.1001246e-05 1.7424961e-18)
(2.4620399 6.0554558e-05 1.7227877e-18)
(2.4605668 4.080432e-05 8.8372286e-19)
(2.4590067 2.1716693e-05 1.0114051e-18)
(2.4573634 3.2599113e-06 2.9735311e-19)
(2.4556404 -1.4590754e-05 1.7430737e-19)
(2.4538412 -3.185003e-05 2.3892231e-19)
(2.4519692 -4.8539205e-05 -9.9109276e-19)
(2.4500278 -6.4671196e-05 6.026493e-19)
(2.4480199 -8.0245067e-05 4.9872905e-19)
(2.4459488 -9.5253966e-05 1.2289932e-18)
(2.4438172 -0.00010968995 7.0214855e-19)
(2.441628 -0.00012354627 -7.7320952e-19)
(2.4393838 -0.0001368186 -1.2339828e-18)
(2.4370872 -0.00014950562 7.963325e-19)
(2.4347405 -0.00016160889 4.0797814e-18)
(2.4323461 -0.00017313265 2.3962034e-18)
(2.4299062 -0.0001840834 -9.5469757e-19)
(2.427423 -0.00019446951 7.6502616e-19)
(2.4248984 -0.00020430086 4.0326589e-18)
(2.4223345 -0.00021358859 1.9905014e-18)
(2.419733 -0.00022234476 -1.1206928e-18)
(2.4170958 -0.00023058223 -6.4001904e-19)
(2.4144246 -0.0002383143 3.9946577e-18)
(2.411721 -0.0002455548 4.9518347e-18)
(2.4089865 -0.00025231775 2.6553688e-18)
(2.4062228 -0.00025861742 1.6281782e-18)
(2.4034311 -0.00026446817 8.4692763e-19)
(2.4006129 -0.00026988441 1.4582048e-19)
(2.3977695 -0.00027488053 2.6853518e-19)
(2.3949022 -0.00027947083 8.3518268e-19)
(2.392012 -0.00028366959 4.8803027e-19)
(2.3891003 -0.00028749085 4.0614942e-19)
(2.386168 -0.00029094857 6.6936386e-19)
(2.3832162 -0.00029405649 8.4063329e-19)
(2.3802459 -0.00029682814 8.9690254e-19)
(2.3772581 -0.00029927686 1.7008497e-18)
(2.3742537 -0.00030141568 1.4696311e-18)
(2.3712335 -0.00030325746 -1.1579045e-18)
(2.3681984 -0.00030481471 1.6272296e-18)
(2.3651493 -0.00030609974 4.6561293e-18)
(2.3620868 -0.00030712454 2.0752238e-19)
(2.3590116 -0.00030790081 9.1468574e-19)
(2.3559246 -0.00030843998 2.0118363e-18)
(2.3528264 -0.00030875316 2.4834229e-18)
(2.3497175 -0.00030885116 2.6052671e-18)
(2.3465987 -0.0003087445 2.7044792e-18)
(2.3434705 -0.00030844342 2.6800001e-18)
(2.3403335 -0.00030795782 2.7828205e-18)
(2.3371883 -0.0003072973 2.6604948e-18)
(2.3340352 -0.0003064712 2.4048567e-18)
(2.330875 -0.00030548848 2.3074917e-18)
(2.327708 -0.00030435791 2.3498366e-18)
(2.3245347 -0.00030308791 2.3355671e-18)
(2.3213556 -0.00030168659 7.6704628e-19)
(2.3181711 -0.00030016179 4.4629022e-18)
(2.3149815 -0.0002985211 3.1515089e-18)
(2.3117874 -0.0002967718 3.0918897e-18)
(2.3085891 -0.00029492093 2.6735811e-18)
(2.3053869 -0.00029297523 2.5566209e-18)
(2.3021812 -0.00029094121 2.183643e-18)
(2.2989725 -0.0002888251 1.9717647e-18)
(2.2957609 -0.00028663292 2.3319933e-18)
(2.2925469 -0.00028437038 2.0123744e-18)
(2.2893308 -0.00028204302 1.987898e-18)
(2.2861128 -0.00027965612 2.0204942e-18)
(2.2828933 -0.00027721473 2.0962311e-18)
(2.2796726 -0.00027472367 3.1695923e-18)
(2.2764509 -0.00027218759 2.5675263e-18)
(2.2732285 -0.0002696109 1.8917069e-18)
(2.2700057 -0.00026699782 1.957158e-18)
(2.2667827 -0.00026435236 2.0877687e-18)
(2.2635599 -0.00026167837 2.4505561e-18)
(2.2603374 -0.00025897949 2.0482162e-18)
(2.2571155 -0.0002562592 2.1190738e-18)
(2.2538944 -0.00025352081 2.2903571e-18)
(2.2506744 -0.00025076743 2.2618701e-18)
(2.2474556 -0.00024800205 3.2581218e-18)
(2.2442384 -0.0002452275 2.424003e-18)
(2.2410229 -0.00024244646 -4.4855014e-19)
(2.2378093 -0.00023966146 2.5421367e-18)
(2.2345979 -0.00023687487 3.5795567e-18)
(2.2313888 -0.00023408897 5.652104e-18)
(2.2281823 -0.0002313059 3.5109838e-18)
(2.2249785 -0.00022852769 3.4699936e-18)
(2.2217776 -0.0002257562 2.3620784e-18)
(2.2185799 -0.00022299327 1.5077326e-18)
(2.2153855 -0.00022024054 2.2023984e-18)
(2.2121945 -0.00021749958 3.7983342e-19)
(2.2090073 -0.00021477187 2.6140063e-18)
(2.2058238 -0.00021205881 5.0754936e-18)
(2.2026444 -0.00020936163 3.1681214e-18)
(2.1994692 -0.00020668157 2.8696579e-18)
(2.1962983 -0.00020401974 2.6992467e-18)
(2.1931319 -0.00020137716 2.320287e-18)
(2.1899702 -0.0001987548 2.1298732e-18)
(2.1868133 -0.00019615355 4.4589582e-19)
(2.1836614 -0.00019357421 2.711104e-18)
(2.1805147 -0.00019101756 5.1870331e-18)
(2.1773732 -0.00018848425 3.3046245e-18)
(2.1742372 -0.00018597494 2.9450226e-18)
(2.1711067 -0.00018349021 2.560207e-18)
(2.1679819 -0.00018103057 2.3592378e-18)
(2.164863 -0.00017859646 2.3224831e-18)
(2.16175 -0.00017618833 6.422093e-19)
(2.1586432 -0.00017380655 3.1188197e-18)
(2.1555426 -0.00017145145 4.0545926e-18)
(2.1524484 -0.00016912329 6.380135e-18)
(2.1493607 -0.00016682235 3.8450698e-18)
(2.1462796 -0.00016454879 2.5191583e-18)
(2.1432052 -0.00016230283 2.3196729e-18)
(2.1401377 -0.00016008456 2.2605188e-18)
(2.1370771 -0.00015789414 2.3104913e-18)
(2.1340236 -0.00015573161 6.8755151e-19)
(2.1309773 -0.00015359698 3.0291697e-18)
(2.1279383 -0.00015149032 5.5689255e-18)
(2.1249067 -0.0001494116 3.5471885e-18)
(2.1218825 -0.00014736073 2.9258872e-18)
(2.1188659 -0.0001453377 2.7497646e-18)
(2.1158571 -0.0001433424 3.4342506e-18)
(2.112856 -0.00014137469 2.8289293e-18)
(2.1098627 -0.00013943446 2.7404258e-19)
(2.1068775 -0.00013752155 3.1791349e-18)
(2.1039002 -0.00013563575 6.0697595e-18)
(2.1009312 -0.00013377679 4.1716501e-18)
(2.0979703 -0.00013194438 3.423236e-18)
(2.0950177 -0.00013013814 2.9211596e-18)
(2.0920736 -0.00012835745 2.6404534e-18)
(2.089138 -0.00012660143 2.6498608e-18)
(2.0862109 -0.00012486869 9.9689261e-19)
(2.0832927 -0.00012315689 3.3895624e-18)
(2.0803833 -0.00012146183 4.3221478e-18)
(2.0774831 -0.00011977857 6.2670519e-18)
(2.0745924 -0.00011808892 3.9344701e-18)
(2.0717118 -0.00011641894 3.3597244e-18)
(2.0688417 -0.00011458788 3.0798238e-18)
(2.0659875 -0.00011339948 2.6436742e-18)
(2.0631205 -0.00011036877 2.6800869e-18)
(2.0603842 -0.00011600299 1.3557121e-18)
(2.0570288 -0.00011797026 3.8640234e-18)
(2.0557747 -0.0001069402 7.1545875e-18)
(2.0454569 -0.00094400416 6.9094668e-18)
)
;

boundaryField
{
    exteriorWall
    {
        type            noSlip;
    }
    inlet
    {
        type            fixedValue;
        value           uniform (5 0 0);
    }
    outlet
    {
        type            zeroGradient;
    }
    walls
    {
        type            noSlip;
    }
    frontAndBack
    {
        type            empty;
    }
    frontAndBack_pos
    {
        type            wedge;
    }
    frontAndBack_neg
    {
        type            wedge;
    }
}


// ************************************************************************* //
