/*--------------------------------*- C++ -*----------------------------------*\
  =========                 |
  \\      /  F ield         | OpenFOAM: The Open Source CFD Toolbox
   \\    /   O peration     | Website:  https://openfoam.org
    \\  /    A nd           | Version:  10
     \\/     M anipulation  |
\*---------------------------------------------------------------------------*/
FoamFile
{
    format      ascii;
    class       surfaceScalarField;
    location    "1300/FLUID";
    object      phi;
}
// * * * * * * * * * * * * * * * * * * * * * * * * * * * * * * * * * * * * * //

dimensions      [1 0 -1 0 0 0 0];

internalField   nonuniform List<scalar> 
2194
(
6.9305891e-06
-1.8089426e-07
7.1648943e-06
-2.3430525e-07
7.3925173e-06
-2.2762296e-07
7.6021231e-06
-2.0960565e-07
7.7850645e-06
-1.8294133e-07
7.9378297e-06
-1.527652e-07
8.0615513e-06
-1.2372165e-07
8.1590666e-06
-9.7515249e-08
8.2337822e-06
-7.4715732e-08
8.2892108e-06
-5.5428612e-08
8.3286517e-06
-3.9440872e-08
8.3550302e-06
-2.6378458e-08
8.3708458e-06
-1.5815584e-08
8.3781756e-06
-7.3297771e-09
8.3787014e-06
-5.2576096e-10
8.3738288e-06
4.8725303e-09
8.3647832e-06
9.0456491e-09
8.3525815e-06
1.2201653e-08
8.3380505e-06
1.4531031e-08
8.3218591e-06
1.6191408e-08
8.3045459e-06
1.7313128e-08
8.2865423e-06
1.80036e-08
8.2681917e-06
1.8350608e-08
8.2497664e-06
1.8425376e-08
8.2314809e-06
1.8285442e-08
8.2135026e-06
1.79783e-08
8.1959596e-06
1.7542996e-08
8.1789491e-06
1.7010492e-08
8.1625435e-06
1.6405632e-08
8.146795e-06
1.5748515e-08
8.1317396e-06
1.5055391e-08
8.1174002e-06
1.4339381e-08
8.1037892e-06
1.3611044e-08
8.0909103e-06
1.2878834e-08
8.0787608e-06
1.2149472e-08
8.0673326e-06
1.142826e-08
8.0566132e-06
1.0719339e-08
8.0465873e-06
1.0025895e-08
8.037237e-06
9.3503521e-09
8.0285425e-06
8.694525e-09
8.0204827e-06
8.059775e-09
8.0130356e-06
7.4471344e-09
8.006178e-06
6.8575984e-09
7.9998863e-06
6.2916762e-09
7.9941373e-06
5.7489764e-09
7.9889089e-06
5.2284532e-09
7.9841796e-06
4.7292693e-09
7.9799289e-06
4.2506867e-09
7.9761369e-06
3.7919921e-09
7.9727844e-06
3.3524925e-09
7.9698529e-06
2.9315124e-09
7.9673245e-06
2.5283891e-09
7.965182e-06
2.1424707e-09
7.9634089e-06
1.7731162e-09
7.9619892e-06
1.4196964e-09
7.9609076e-06
1.0816004e-09
7.9601494e-06
7.5823759e-10
7.9597003e-06
4.490692e-10
7.9595469e-06
1.5341258e-10
7.9596768e-06
-1.298623e-10
7.9600787e-06
-4.0191346e-10
7.9607421e-06
-6.6339951e-10
7.9616567e-06
-9.1466771e-10
7.9628128e-06
-1.1560157e-09
7.9642005e-06
-1.3877362e-09
7.9658106e-06
-1.6101229e-09
7.9676341e-06
-1.8234764e-09
7.9696622e-06
-2.0281053e-09
7.9718865e-06
-2.2243237e-09
7.974299e-06
-2.412448e-09
7.9768918e-06
-2.5927944e-09
7.9796574e-06
-2.765676e-09
7.9825888e-06
-2.931401e-09
7.9856791e-06
-3.0902708e-09
7.9889217e-06
-3.2425787e-09
7.9923103e-06
-3.3886093e-09
7.9958389e-06
-3.5286374e-09
7.9995019e-06
-3.6629283e-09
8.0032936e-06
-3.7917366e-09
8.0072089e-06
-3.915307e-09
8.0112428e-06
-4.033874e-09
8.0153905e-06
-4.1476615e-09
8.0196473e-06
-4.2568841e-09
8.0240091e-06
-4.3617462e-09
8.0284715e-06
-4.462443e-09
8.0330307e-06
-4.5591605e-09
8.0376828e-06
-4.6520758e-09
8.0424241e-06
-4.7413576e-09
8.0472513e-06
-4.8271663e-09
8.0521609e-06
-4.9096547e-09
8.0571499e-06
-4.988968e-09
8.0622152e-06
-5.065244e-09
8.0673538e-06
-5.138614e-09
8.072563e-06
-5.2092027e-09
8.0778401e-06
-5.2771285e-09
8.0831826e-06
-5.3425039e-09
8.088588e-06
-5.4054359e-09
8.0940541e-06
-5.466026e-09
8.0995784e-06
-5.5243707e-09
8.105159e-06
-5.5805618e-09
8.1107937e-06
-5.6346864e-09
8.1164805e-06
-5.6868273e-09
8.1222176e-06
-5.7370632e-09
8.128003e-06
-5.785469e-09
8.1338352e-06
-5.8321157e-09
8.1397122e-06
-5.877071e-09
8.1456326e-06
-5.9203992e-09
8.1515948e-06
-5.9621616e-09
8.1575972e-06
-6.0024165e-09
8.1636384e-06
-6.0412191e-09
8.169717e-06
-6.0786224e-09
8.1758317e-06
-6.1146767e-09
8.1819812e-06
-6.1494298e-09
8.1881641e-06
-6.1829274e-09
8.1943793e-06
-6.215213e-09
8.2006256e-06
-6.2463281e-09
8.2069019e-06
-6.2763124e-09
8.2132071e-06
-6.3052037e-09
8.2195402e-06
-6.333038e-09
8.2259e-06
-6.3598499e-09
8.2322857e-06
-6.3856722e-09
8.2386962e-06
-6.4105366e-09
8.2451307e-06
-6.4344731e-09
8.2515882e-06
-6.4575106e-09
8.2580679e-06
-6.4796766e-09
8.2645689e-06
-6.5009977e-09
8.2710904e-06
-6.5214991e-09
8.2776316e-06
-6.5412052e-09
8.2841917e-06
-6.5601392e-09
8.2907701e-06
-6.5783234e-09
8.2973658e-06
-6.5957794e-09
8.3039784e-06
-6.6125278e-09
8.310607e-06
-6.6285883e-09
8.3172509e-06
-6.6439799e-09
8.3239097e-06
-6.6587211e-09
8.3305825e-06
-6.6728294e-09
8.3372688e-06
-6.6863218e-09
8.343968e-06
-6.6992147e-09
8.3506796e-06
-6.7115238e-09
8.3574028e-06
-6.7232643e-09
8.3641373e-06
-6.7344509e-09
8.3708824e-06
-6.7450977e-09
8.3776376e-06
-6.7552183e-09
8.3844024e-06
-6.7648261e-09
8.3911763e-06
-6.7739338e-09
8.3979589e-06
-6.7825536e-09
8.4047496e-06
-6.7906975e-09
8.411548e-06
-6.7983772e-09
8.4183536e-06
-6.8056037e-09
8.425166e-06
-6.8123879e-09
8.4319847e-06
-6.8187404e-09
8.4388094e-06
-6.8246713e-09
8.4456396e-06
-6.8301905e-09
8.4524749e-06
-6.8353076e-09
8.4593149e-06
-6.8400319e-09
8.4661593e-06
-6.8443725e-09
8.4730076e-06
-6.8483382e-09
8.4798596e-06
-6.8519374e-09
8.4867147e-06
-6.8551787e-09
8.4935728e-06
-6.8580699e-09
8.5004334e-06
-6.8606191e-09
8.5072963e-06
-6.8628338e-09
8.514161e-06
-6.8647216e-09
8.5210273e-06
-6.8662897e-09
8.5278948e-06
-6.8675452e-09
8.5347633e-06
-6.8684952e-09
8.5416325e-06
-6.8691463e-09
8.548502e-06
-6.8695052e-09
8.5553715e-06
-6.8695783e-09
8.5622409e-06
-6.8693719e-09
8.5691098e-06
-6.8688922e-09
8.575978e-06
-6.8681452e-09
8.5828451e-06
-6.8671369e-09
8.589711e-06
-6.8658729e-09
8.5965753e-06
-6.8643589e-09
8.6034379e-06
-6.8626004e-09
8.6102985e-06
-6.8606027e-09
8.6171569e-06
-6.8583709e-09
8.6240128e-06
-6.85591e-09
8.630866e-06
-6.8532247e-09
8.6377163e-06
-6.8503191e-09
8.6445635e-06
-6.8471966e-09
8.6514074e-06
-6.8438595e-09
8.6582477e-06
-6.8403077e-09
8.6650843e-06
-6.8365376e-09
8.6719168e-06
-6.8325384e-09
8.6787451e-06
-6.8282871e-09
8.6855688e-06
-6.823738e-09
8.6923876e-06
-6.8188042e-09
8.6992009e-06
-6.8133241e-09
8.7060079e-06
-6.8070007e-09
8.7128072e-06
-6.7992851e-09
8.7195964e-06
-6.7891927e-09
8.7263713e-06
-6.7748299e-09
8.7331244e-06
-6.7531373e-09
8.7398409e-06
-6.716519e-09
8.7465003e-06
-6.6594108e-09
8.7530315e-06
-6.5311384e-09
8.75944e-06
-6.4085249e-09
-5.6286133e-09
1.1580257e-05
-5.5641652e-07
1.191788e-05
-5.7192754e-07
1.2185491e-05
-4.9523452e-07
1.2401275e-05
-4.2538967e-07
1.2566319e-05
-3.4798475e-07
1.2687685e-05
-2.7413131e-07
1.2774218e-05
-2.1025463e-07
1.283349e-05
-1.5678716e-07
1.2871906e-05
-1.1313178e-07
1.2894776e-05
-7.8298323e-08
1.290635e-05
-5.1015178e-08
1.2909944e-05
-2.9972539e-08
1.2908083e-05
-1.3954898e-08
1.2902652e-05
-1.8980451e-09
1.2895115e-05
7.0106232e-09
1.2886587e-05
1.3401225e-08
1.2877779e-05
1.7853011e-08
1.2869163e-05
2.0818088e-08
1.286105e-05
2.264324e-08
1.285364e-05
2.3601684e-08
1.2847046e-05
2.3906999e-08
1.2841326e-05
2.3723759e-08
1.2836499e-05
2.3178146e-08
1.2832557e-05
2.2366914e-08
1.2829478e-05
2.1364474e-08
1.2827228e-05
2.0227982e-08
1.2825772e-05
1.8999672e-08
1.2825072e-05
1.7710683e-08
1.2825091e-05
1.6386223e-08
1.2825793e-05
1.50462e-08
1.2827143e-05
1.3706114e-08
1.2829104e-05
1.2377945e-08
1.2831644e-05
1.1070865e-08
1.2834731e-05
9.7918126e-09
1.2838335e-05
8.545948e-09
1.2842426e-05
7.3370148e-09
1.2846978e-05
6.167631e-09
1.2851964e-05
5.0395258e-09
1.2857361e-05
3.953736e-09
1.2863144e-05
2.9107883e-09
1.2869293e-05
1.9108157e-09
1.2875787e-05
9.5388896e-10
1.2882606e-05
3.8469344e-11
1.2889737e-05
-8.3971143e-10
1.289717e-05
-1.6838194e-09
1.2904892e-05
-2.4939465e-09
1.2912892e-05
-3.2701881e-09
1.2921155e-05
-4.0129366e-09
1.292967e-05
-4.7227333e-09
1.2938423e-05
-5.4002508e-09
1.2947401e-05
-6.0462896e-09
1.2956591e-05
-6.661757e-09
1.2965981e-05
-7.2476411e-09
1.2975559e-05
-7.8049851e-09
1.2985314e-05
-8.3348648e-09
1.2995234e-05
-8.8383667e-09
1.3005308e-05
-9.3165645e-09
1.3015528e-05
-9.7705078e-09
1.3025882e-05
-1.0201094e-08
1.3036362e-05
-1.060908e-08
1.3046955e-05
-1.0995496e-08
1.3057653e-05
-1.136165e-08
1.3068448e-05
-1.1708768e-08
1.3079329e-05
-1.2037938e-08
1.3090292e-05
-1.2350149e-08
1.3101328e-05
-1.264631e-08
1.3112432e-05
-1.292726e-08
1.3123598e-05
-1.3193781e-08
1.313482e-05
-1.34466e-08
1.3146094e-05
-1.3686405e-08
1.3157415e-05
-1.3913839e-08
1.3168779e-05
-1.4129513e-08
1.3180181e-05
-1.4334003e-08
1.3191619e-05
-1.4527856e-08
1.3203088e-05
-1.4711589e-08
1.3214585e-05
-1.4885695e-08
1.3226107e-05
-1.5050638e-08
1.3237651e-05
-1.5206863e-08
1.3249214e-05
-1.5354789e-08
1.3260793e-05
-1.5494815e-08
1.3272387e-05
-1.5627319e-08
1.3283992e-05
-1.5752661e-08
1.3295606e-05
-1.5871182e-08
1.3307228e-05
-1.5983204e-08
1.3318854e-05
-1.6089036e-08
1.3330484e-05
-1.6188966e-08
1.3342115e-05
-1.6283272e-08
1.3353746e-05
-1.6372214e-08
1.3365375e-05
-1.645604e-08
1.3377e-05
-1.6534986e-08
1.3388621e-05
-1.6609273e-08
1.3400234e-05
-1.6679113e-08
1.3411841e-05
-1.6744705e-08
1.3423438e-05
-1.680624e-08
1.3435024e-05
-1.6863896e-08
1.34466e-05
-1.6917844e-08
1.3458163e-05
-1.6968245e-08
1.3469712e-05
-1.7015252e-08
1.3481246e-05
-1.705901e-08
1.3492765e-05
-1.7099656e-08
1.3504268e-05
-1.7137321e-08
1.3515753e-05
-1.7172128e-08
1.3527221e-05
-1.7204194e-08
1.3538669e-05
-1.7233631e-08
1.3550097e-05
-1.7260544e-08
1.3561505e-05
-1.7285034e-08
1.3572892e-05
-1.7307196e-08
1.3584257e-05
-1.732712e-08
1.3595599e-05
-1.7344892e-08
1.3606919e-05
-1.7360595e-08
1.3618214e-05
-1.7374306e-08
1.3629486e-05
-1.7386098e-08
1.3640732e-05
-1.7396043e-08
1.3651954e-05
-1.7404207e-08
1.3663149e-05
-1.7410655e-08
1.3674318e-05
-1.7415447e-08
1.3685461e-05
-1.7418642e-08
1.3696576e-05
-1.7420295e-08
1.3707663e-05
-1.7420459e-08
1.3718722e-05
-1.7419184e-08
1.3729753e-05
-1.7416519e-08
1.3740755e-05
-1.7412511e-08
1.3751728e-05
-1.7407203e-08
1.3762671e-05
-1.7400638e-08
1.3773584e-05
-1.7392856e-08
1.3784467e-05
-1.7383897e-08
1.3795319e-05
-1.7373798e-08
1.3806141e-05
-1.7362594e-08
1.3816931e-05
-1.735032e-08
1.382769e-05
-1.733701e-08
1.3838417e-05
-1.7322694e-08
1.3849112e-05
-1.7307404e-08
1.3859774e-05
-1.7291169e-08
1.3870404e-05
-1.7274017e-08
1.3881001e-05
-1.7255976e-08
1.3891566e-05
-1.7237073e-08
1.3902097e-05
-1.7217332e-08
1.3912594e-05
-1.7196778e-08
1.3923058e-05
-1.7175435e-08
1.3933488e-05
-1.7153326e-08
1.3943884e-05
-1.7130473e-08
1.3954246e-05
-1.7106899e-08
1.3964573e-05
-1.7082622e-08
1.3974866e-05
-1.7057665e-08
1.3985124e-05
-1.7032046e-08
1.3995348e-05
-1.7005784e-08
1.4005536e-05
-1.6978898e-08
1.4015689e-05
-1.6951405e-08
1.4025807e-05
-1.6923324e-08
1.4035889e-05
-1.689467e-08
1.4045936e-05
-1.6865461e-08
1.4055947e-05
-1.6835712e-08
1.4065922e-05
-1.6805439e-08
1.4075861e-05
-1.6774657e-08
1.4085765e-05
-1.674338e-08
1.4095632e-05
-1.6711624e-08
1.4105463e-05
-1.6679402e-08
1.4115258e-05
-1.6646728e-08
1.4125016e-05
-1.6613614e-08
1.4134738e-05
-1.6580075e-08
1.4144424e-05
-1.6546123e-08
1.4154073e-05
-1.651177e-08
1.4163685e-05
-1.6477028e-08
1.417326e-05
-1.644191e-08
1.4182799e-05
-1.6406427e-08
1.4192301e-05
-1.637059e-08
1.4201767e-05
-1.633441e-08
1.4211195e-05
-1.6297899e-08
1.4220587e-05
-1.6261067e-08
1.4229941e-05
-1.6223925e-08
1.4239259e-05
-1.6186482e-08
1.4248539e-05
-1.614875e-08
1.4257783e-05
-1.6110738e-08
1.4266989e-05
-1.6072456e-08
1.4276159e-05
-1.6033913e-08
1.4285292e-05
-1.5995119e-08
1.4294387e-05
-1.5956083e-08
1.4303445e-05
-1.5916814e-08
1.4312467e-05
-1.587732e-08
1.4321451e-05
-1.583761e-08
1.4330399e-05
-1.5797691e-08
1.4339309e-05
-1.5757569e-08
1.4348182e-05
-1.5717248e-08
1.4357019e-05
-1.567673e-08
1.4365818e-05
-1.5636008e-08
1.4374581e-05
-1.5595067e-08
1.4383306e-05
-1.555387e-08
1.4391995e-05
-1.5512344e-08
1.4400647e-05
-1.5470352e-08
1.4409261e-05
-1.5427634e-08
1.4417838e-05
-1.538371e-08
1.4426376e-05
-1.5337688e-08
1.4434875e-05
-1.5287965e-08
1.4443331e-05
-1.5231367e-08
1.4451741e-05
-1.5162967e-08
1.4460093e-05
-1.5068587e-08
1.4468378e-05
-1.4943949e-08
1.4476512e-05
-1.4665359e-08
1.4484605e-05
-1.4501197e-08
-1.2327631e-08
1.0182317e-05
-9.0365338e-07
1.0316895e-05
-7.0650534e-07
1.0371419e-05
-5.4975842e-07
1.0394599e-05
-4.485694e-07
1.0399412e-05
-3.5279808e-07
1.0396646e-05
-2.7136535e-07
1.0391482e-05
-2.0508981e-07
1.0386318e-05
-1.5162346e-07
1.038256e-05
-1.0937362e-07
1.0381039e-05
-7.677805e-08
1.0382216e-05
-5.219195e-08
1.0386291e-05
-3.4047127e-08
1.0393277e-05
-2.0941482e-08
1.040305e-05
-1.1670735e-08
1.0415313e-05
-5.2528028e-09
1.0429661e-05
-9.4611012e-10
1.044574e-05
1.7743047e-09
1.0463263e-05
3.2941308e-09
1.048197e-05
3.9371055e-09
1.0501615e-05
3.956055e-09
1.0521986e-05
3.5364702e-09
1.0542896e-05
2.8139279e-09
1.0564186e-05
1.8880393e-09
1.0585719e-05
8.3407296e-10
1.0607373e-05
-2.9045061e-10
1.0629057e-05
-1.4556958e-09
1.0650701e-05
-2.6445579e-09
1.0672247e-05
-3.8353579e-09
1.0693645e-05
-5.0117985e-09
1.0714854e-05
-6.1623286e-09
1.0735839e-05
-7.2786956e-09
1.0756572e-05
-8.3551336e-09
1.0777031e-05
-9.3877786e-09
1.0797197e-05
-1.0374205e-08
1.0817056e-05
-1.1313073e-08
1.0836596e-05
-1.2203864e-08
1.0855811e-05
-1.3046678e-08
1.0874692e-05
-1.3842072e-08
1.0893237e-05
-1.4590935e-08
1.0911442e-05
-1.5294376e-08
1.0929307e-05
-1.5953599e-08
1.094683e-05
-1.6569943e-08
1.0964012e-05
-1.7142967e-08
1.0980845e-05
-1.7672787e-08
1.0997324e-05
-1.8163312e-08
1.1013449e-05
-1.8618711e-08
1.1029221e-05
-1.9041869e-08
1.1044643e-05
-1.9434886e-08
1.1059719e-05
-1.9799422e-08
1.1074456e-05
-2.0136877e-08
1.1088858e-05
-2.0448518e-08
1.1102932e-05
-2.073554e-08
1.1116684e-05
-2.0999104e-08
1.1130119e-05
-2.1240343e-08
1.1143244e-05
-2.1460366e-08
1.1156066e-05
-2.1660256e-08
1.1168591e-05
-2.1841071e-08
1.1180824e-05
-2.2003848e-08
1.1192773e-05
-2.2149592e-08
1.1204443e-05
-2.2279187e-08
1.1215841e-05
-2.2393437e-08
1.1226972e-05
-2.2493219e-08
1.1237843e-05
-2.2579456e-08
1.1248458e-05
-2.2653034e-08
1.1258823e-05
-2.2714785e-08
1.1268942e-05
-2.2765485e-08
1.1278821e-05
-2.2805857e-08
1.1288463e-05
-2.2836572e-08
1.1297875e-05
-2.2858255e-08
1.130706e-05
-2.2871489e-08
1.1316023e-05
-2.287682e-08
1.1324768e-05
-2.2874758e-08
1.13333e-05
-2.2865781e-08
1.1341623e-05
-2.2850338e-08
1.134974e-05
-2.2828852e-08
1.1357656e-05
-2.2801719e-08
1.1365374e-05
-2.2769312e-08
1.13729e-05
-2.2731982e-08
1.1380235e-05
-2.2690057e-08
1.1387384e-05
-2.2643849e-08
1.139435e-05
-2.2593648e-08
1.1401137e-05
-2.2539729e-08
1.1407748e-05
-2.2482348e-08
1.1414187e-05
-2.2421748e-08
1.1420456e-05
-2.2358155e-08
1.1426559e-05
-2.2291783e-08
1.1432499e-05
-2.2222832e-08
1.1438278e-05
-2.215149e-08
1.14439e-05
-2.2077932e-08
1.1449367e-05
-2.2002324e-08
1.1454683e-05
-2.1924821e-08
1.1459849e-05
-2.1845568e-08
1.1464869e-05
-2.1764701e-08
1.1469745e-05
-2.1682346e-08
1.147448e-05
-2.1598625e-08
1.1479076e-05
-2.1513647e-08
1.1483535e-05
-2.1427517e-08
1.148786e-05
-2.1340333e-08
1.1492053e-05
-2.1252188e-08
1.1496117e-05
-2.1163165e-08
1.1500053e-05
-2.1073345e-08
1.1503863e-05
-2.0982804e-08
1.1507551e-05
-2.089161e-08
1.1511117e-05
-2.0799829e-08
1.1514564e-05
-2.0707523e-08
1.1517894e-05
-2.0614748e-08
1.1521108e-05
-2.0521558e-08
1.1524209e-05
-2.0428002e-08
1.1527198e-05
-2.0334127e-08
1.1530078e-05
-2.0239977e-08
1.1532849e-05
-2.0145592e-08
1.1535514e-05
-2.0051011e-08
1.1538074e-05
-1.9956268e-08
1.1540531e-05
-1.9861397e-08
1.1542887e-05
-1.9766429e-08
1.1545143e-05
-1.9671393e-08
1.1547301e-05
-1.9576315e-08
1.1549362e-05
-1.9481222e-08
1.1551327e-05
-1.9386136e-08
1.1553199e-05
-1.9291081e-08
1.1554979e-05
-1.9196076e-08
1.1556667e-05
-1.9101141e-08
1.1558266e-05
-1.9006294e-08
1.1559777e-05
-1.8911552e-08
1.1561201e-05
-1.8816931e-08
1.156254e-05
-1.8722445e-08
1.1563794e-05
-1.8628109e-08
1.1564966e-05
-1.8533936e-08
1.1566055e-05
-1.8439938e-08
1.1567064e-05
-1.8346126e-08
1.1567994e-05
-1.8252512e-08
1.1568846e-05
-1.8159104e-08
1.1569621e-05
-1.8065914e-08
1.1570319e-05
-1.7972949e-08
1.1570944e-05
-1.7880219e-08
1.1571494e-05
-1.778773e-08
1.1571973e-05
-1.7695491e-08
1.1572379e-05
-1.7603509e-08
1.1572716e-05
-1.7511789e-08
1.1572983e-05
-1.742034e-08
1.1573181e-05
-1.7329165e-08
1.1573313e-05
-1.7238272e-08
1.1573378e-05
-1.7147664e-08
1.1573377e-05
-1.7057348e-08
1.1573313e-05
-1.6967328e-08
1.1573185e-05
-1.6877608e-08
1.1572994e-05
-1.6788192e-08
1.1572742e-05
-1.6699086e-08
1.1572428e-05
-1.6610291e-08
1.1572056e-05
-1.6521813e-08
1.1571624e-05
-1.6433654e-08
1.1571134e-05
-1.6345819e-08
1.1570587e-05
-1.6258309e-08
1.1569983e-05
-1.6171127e-08
1.1569324e-05
-1.6084278e-08
1.156861e-05
-1.5997763e-08
1.1567842e-05
-1.5911585e-08
1.1567022e-05
-1.5825747e-08
1.1566148e-05
-1.5740251e-08
1.1565223e-05
-1.5655098e-08
1.1564247e-05
-1.5570292e-08
1.1563221e-05
-1.5485835e-08
1.1562146e-05
-1.5401728e-08
1.1561022e-05
-1.5317974e-08
1.155985e-05
-1.5234574e-08
1.1558631e-05
-1.5151531e-08
1.1557366e-05
-1.5068845e-08
1.1556054e-05
-1.498652e-08
1.1554698e-05
-1.4904556e-08
1.1553297e-05
-1.4822955e-08
1.1551852e-05
-1.4741719e-08
1.1550364e-05
-1.466085e-08
1.1548834e-05
-1.4580349e-08
1.1547262e-05
-1.4500218e-08
1.1545648e-05
-1.4420458e-08
1.1543994e-05
-1.4341071e-08
1.15423e-05
-1.4262058e-08
1.1540567e-05
-1.4183421e-08
1.1538794e-05
-1.410516e-08
1.1536984e-05
-1.4027277e-08
1.1535136e-05
-1.3949772e-08
1.1533251e-05
-1.3872645e-08
1.153133e-05
-1.3795893e-08
1.1529373e-05
-1.3719513e-08
1.152738e-05
-1.3643497e-08
1.1525353e-05
-1.3567827e-08
1.1523292e-05
-1.3492474e-08
1.1521197e-05
-1.3417379e-08
1.1519069e-05
-1.334244e-08
1.1516909e-05
-1.3267466e-08
1.1514717e-05
-1.3192113e-08
1.1512495e-05
-1.3115754e-08
1.1510244e-05
-1.3037311e-08
1.1507968e-05
-1.2954675e-08
1.150567e-05
-1.2865587e-08
1.1503363e-05
-1.276085e-08
1.1501077e-05
-1.2657999e-08
1.1498866e-05
-1.2454465e-08
1.1496987e-05
-1.2622615e-08
-1.1071022e-08
7.4046433e-06
-1.0018072e-06
7.3190735e-06
-6.2093561e-07
7.2394378e-06
-4.7012266e-07
7.1737739e-06
-3.8290553e-07
7.12452e-06
-3.0354412e-07
7.0910712e-06
-2.3791664e-07
7.0701309e-06
-1.8414946e-07
7.0589889e-06
-1.4048152e-07
7.0555991e-06
-1.0598379e-07
7.0583283e-06
-7.9507226e-08
7.0658648e-06
-5.9728487e-08
7.0771413e-06
-4.5323596e-08
7.091277e-06
-3.5077208e-08
7.1075578e-06
-2.795156e-08
7.1253973e-06
-2.3092235e-08
7.1442896e-06
-1.9838424e-08
7.163784e-06
-1.7720145e-08
7.1834859e-06
-1.6407798e-08
7.2030853e-06
-1.5662282e-08
7.2223466e-06
-1.5305203e-08
7.2410901e-06
-1.5207051e-08
7.2591804e-06
-1.5276335e-08
7.2765176e-06
-1.5449224e-08
7.2930336e-06
-1.5681853e-08
7.3086875e-06
-1.5944425e-08
7.3234485e-06
-1.6216665e-08
7.3372911e-06
-1.6487192e-08
7.3502052e-06
-1.6749398e-08
7.3621911e-06
-1.6997696e-08
7.373257e-06
-1.7228198e-08
7.3834167e-06
-1.7438418e-08
7.3926885e-06
-1.7626929e-08
7.4010938e-06
-1.779308e-08
7.4086563e-06
-1.793678e-08
7.4154016e-06
-1.8058323e-08
7.421356e-06
-1.8158276e-08
7.4265467e-06
-1.8237385e-08
7.4310012e-06
-1.8296512e-08
7.4347468e-06
-1.8336589e-08
7.437811e-06
-1.8358581e-08
7.4402209e-06
-1.8363468e-08
7.4420034e-06
-1.8352453e-08
7.4431869e-06
-1.8326523e-08
7.4437997e-06
-1.8285558e-08
7.4438666e-06
-1.8230187e-08
7.4434102e-06
-1.8162308e-08
7.4424519e-06
-1.8083547e-08
7.4410121e-06
-1.7995145e-08
7.4391108e-06
-1.7898078e-08
7.436767e-06
-1.7793144e-08
7.4339996e-06
-1.7681031e-08
7.4308264e-06
-1.7562364e-08
7.427265e-06
-1.7437726e-08
7.4233323e-06
-1.7307668e-08
7.4190447e-06
-1.7172719e-08
7.4144178e-06
-1.7033381e-08
7.4094669e-06
-1.6890136e-08
7.4042065e-06
-1.6743455e-08
7.3986507e-06
-1.6593803e-08
7.3928131e-06
-1.6441584e-08
7.3867068e-06
-1.6287124e-08
7.3803443e-06
-1.6130759e-08
7.3737377e-06
-1.5972849e-08
7.3668984e-06
-1.5813738e-08
7.3598374e-06
-1.5653746e-08
7.352565e-06
-1.5493168e-08
7.3450915e-06
-1.5332272e-08
7.3374262e-06
-1.5171302e-08
7.3295784e-06
-1.5010482e-08
7.3215569e-06
-1.4850013e-08
7.3133702e-06
-1.4690078e-08
7.3050263e-06
-1.4530845e-08
7.296533e-06
-1.4372463e-08
7.2878977e-06
-1.4215071e-08
7.2791276e-06
-1.4058792e-08
7.2702297e-06
-1.3903737e-08
7.2612104e-06
-1.3750006e-08
7.2520761e-06
-1.3597689e-08
7.2428329e-06
-1.3446867e-08
7.2334866e-06
-1.3297608e-08
7.224043e-06
-1.3149976e-08
7.2145072e-06
-1.3004025e-08
7.2048847e-06
-1.2859802e-08
7.1951803e-06
-1.2717347e-08
7.1853988e-06
-1.2576693e-08
7.1755449e-06
-1.2437869e-08
7.165623e-06
-1.2300897e-08
7.1556373e-06
-1.2165794e-08
7.1455919e-06
-1.2032573e-08
7.1354909e-06
-1.1901243e-08
7.1253378e-06
-1.1771808e-08
7.1151365e-06
-1.1644269e-08
7.1048905e-06
-1.1518624e-08
7.094603e-06
-1.1394866e-08
7.0842773e-06
-1.1272989e-08
7.0739167e-06
-1.1152981e-08
7.063524e-06
-1.1034829e-08
7.0531022e-06
-1.0918519e-08
7.042654e-06
-1.0804033e-08
7.0321822e-06
-1.0691352e-08
7.0216893e-06
-1.0580457e-08
7.0111778e-06
-1.0471326e-08
7.0006502e-06
-1.0363937e-08
6.9901086e-06
-1.0258266e-08
6.9795554e-06
-1.0154289e-08
6.9689926e-06
-1.005198e-08
6.9584224e-06
-9.951314e-09
6.9478466e-06
-9.8522642e-09
6.9372673e-06
-9.7548038e-09
6.9266862e-06
-9.6589057e-09
6.9161052e-06
-9.5645425e-09
6.9055259e-06
-9.4716866e-09
6.8949499e-06
-9.3803104e-09
6.8843789e-06
-9.290386e-09
6.8738143e-06
-9.2018858e-09
6.8632577e-06
-9.1147821e-09
6.8527105e-06
-9.0290474e-09
6.8421739e-06
-8.9446543e-09
6.8316493e-06
-8.8615756e-09
6.821138e-06
-8.7797844e-09
6.8106412e-06
-8.6992541e-09
6.80016e-06
-8.6199584e-09
6.7896956e-06
-8.5418711e-09
6.779249e-06
-8.4649666e-09
6.7688213e-06
-8.3892197e-09
6.7584135e-06
-8.3146054e-09
6.7480265e-06
-8.2410993e-09
6.7376612e-06
-8.1686772e-09
6.7273186e-06
-8.0973155e-09
6.7169994e-06
-8.026991e-09
6.7067046e-06
-7.9576809e-09
6.6964349e-06
-7.8893629e-09
6.686191e-06
-7.8220151e-09
6.6759736e-06
-7.7556161e-09
6.6657836e-06
-7.690145e-09
6.6556214e-06
-7.6255812e-09
6.6454878e-06
-7.5619048e-09
6.6353834e-06
-7.4990962e-09
6.6253088e-06
-7.4371363e-09
6.6152644e-06
-7.3760063e-09
6.605251e-06
-7.3156882e-09
6.5952688e-06
-7.2561641e-09
6.5853186e-06
-7.1974167e-09
6.5754007e-06
-7.139429e-09
6.5655155e-06
-7.0821847e-09
6.5556636e-06
-7.0256676e-09
6.5458453e-06
-6.9698622e-09
6.5360609e-06
-6.9147531e-09
6.526311e-06
-6.8603257e-09
6.5165957e-06
-6.8065653e-09
6.5069155e-06
-6.7534581e-09
6.4972707e-06
-6.7009903e-09
6.4876615e-06
-6.6491486e-09
6.4780883e-06
-6.5979201e-09
6.4685513e-06
-6.5472922e-09
6.4590508e-06
-6.4972527e-09
6.449587e-06
-6.4477898e-09
6.4401602e-06
-6.3988918e-09
6.4307705e-06
-6.3505476e-09
6.4214181e-06
-6.3027463e-09
6.4121033e-06
-6.2554774e-09
6.4028262e-06
-6.2087305e-09
6.393587e-06
-6.1624957e-09
6.3843858e-06
-6.1167633e-09
6.3752227e-06
-6.0715241e-09
6.3660979e-06
-6.0267688e-09
6.3570116e-06
-5.9824888e-09
6.3479637e-06
-5.9386755e-09
6.3389545e-06
-5.8953207e-09
6.329984e-06
-5.8524163e-09
6.3210522e-06
-5.8099546e-09
6.3121593e-06
-5.7679281e-09
6.3033053e-06
-5.7263297e-09
6.2944902e-06
-5.6851522e-09
6.2857141e-06
-5.6443889e-09
6.2769771e-06
-5.6040331e-09
6.2682791e-06
-5.5640784e-09
6.2596202e-06
-5.5245187e-09
6.2510004e-06
-5.4853477e-09
6.2424197e-06
-5.4465594e-09
6.233878e-06
-5.4081476e-09
6.2253755e-06
-5.370106e-09
6.216912e-06
-5.3324277e-09
6.2084876e-06
-5.2951046e-09
6.2001023e-06
-5.2581268e-09
6.1917559e-06
-5.22148e-09
6.1834486e-06
-5.1851429e-09
6.1751803e-06
-5.1490809e-09
6.1669511e-06
-5.113235e-09
6.1587611e-06
-5.0775016e-09
6.1506107e-06
-5.0416988e-09
6.1425004e-06
-5.0054924e-09
6.1344315e-06
-4.9683506e-09
6.1264059e-06
-4.9290491e-09
6.1184276e-06
-4.8872952e-09
6.1105023e-06
-4.8355585e-09
6.1026454e-06
-4.8011307e-09
6.0948979e-06
-4.7069514e-09
6.0872647e-06
-4.989385e-09
-5.7694932e-09
4.8160508e-06
-7.6945207e-07
4.6060563e-06
-4.1094103e-07
4.4515662e-06
-3.1563262e-07
4.3218635e-06
-2.5320273e-07
4.217714e-06
-1.9939459e-07
4.1352327e-06
-1.5543541e-07
4.0702174e-06
-1.1913416e-07
4.019411e-06
-8.9675028e-08
3.9799342e-06
-6.6507086e-08
3.9492316e-06
-4.8804604e-08
3.9251362e-06
-3.5633107e-08
3.905879e-06
-2.6066366e-08
3.8900609e-06
-1.9259063e-08
3.8766093e-06
-1.4500023e-08
3.8647304e-06
-1.1213256e-08
3.8538479e-06
-8.9559166e-09
3.8435381e-06
-7.4104402e-09
3.8334845e-06
-6.3541351e-09
3.8234565e-06
-5.634312e-09
3.813295e-06
-5.1436653e-09
3.8028949e-06
-4.80697e-09
3.7921912e-06
-4.5726041e-09
3.7811476e-06
-4.4056421e-09
3.7697489e-06
-4.2831462e-09
3.7579951e-06
-4.1906146e-09
3.7458953e-06
-4.116891e-09
3.7334628e-06
-4.054696e-09
3.7207142e-06
-4.0008326e-09
3.7076694e-06
-3.9528548e-09
3.6943502e-06
-3.9089679e-09
3.6807797e-06
-3.8679138e-09
3.6669816e-06
-3.8288193e-09
3.6529796e-06
-3.7910824e-09
3.6387971e-06
-3.7542881e-09
3.6244569e-06
-3.7181477e-09
3.6099811e-06
-3.6824579e-09
3.5953908e-06
-3.6470724e-09
3.5807061e-06
-3.6118838e-09
3.5659464e-06
-3.5768097e-09
3.5511296e-06
-3.5417891e-09
3.5362729e-06
-3.5067685e-09
3.5213923e-06
-3.4718439e-09
3.506503e-06
-3.437272e-09
3.4916201e-06
-3.4026092e-09
3.4767573e-06
-3.3673881e-09
3.4619268e-06
-3.3318607e-09
3.4471396e-06
-3.2962927e-09
3.4324052e-06
-3.2608287e-09
3.4177327e-06
-3.2255365e-09
3.40313e-06
-3.190437e-09
3.3886045e-06
-3.155527e-09
3.3741629e-06
-3.1207961e-09
3.3598114e-06
-3.0862345e-09
3.3455556e-06
-3.0518367e-09
3.3314005e-06
-3.0176019e-09
3.3173506e-06
-2.9835336e-09
3.3034101e-06
-2.9496391e-09
3.2895826e-06
-2.9159339e-09
3.2758713e-06
-2.8824487e-09
3.2622789e-06
-2.8492023e-09
3.2488079e-06
-2.816183e-09
3.2354606e-06
-2.7833874e-09
3.2222386e-06
-2.7508329e-09
3.2091434e-06
-2.7185394e-09
3.1961761e-06
-2.6865251e-09
3.1833378e-06
-2.6548065e-09
3.1706289e-06
-2.623398e-09
3.1580499e-06
-2.5923121e-09
3.145601e-06
-2.5615594e-09
3.1332821e-06
-2.5311495e-09
3.1210931e-06
-2.5010904e-09
3.1090337e-06
-2.4713894e-09
3.0971033e-06
-2.4420528e-09
3.0853013e-06
-2.4130862e-09
3.073627e-06
-2.3844944e-09
3.0620795e-06
-2.3562812e-09
3.050658e-06
-2.3284503e-09
3.0393613e-06
-2.3010041e-09
3.0281884e-06
-2.273945e-09
3.017138e-06
-2.2472742e-09
3.0062091e-06
-2.2209929e-09
2.9954001e-06
-2.1951014e-09
2.9847099e-06
-2.1695996e-09
2.9741371e-06
-2.1444869e-09
2.9636801e-06
-2.1197623e-09
2.9533377e-06
-2.0954242e-09
2.9431083e-06
-2.0714707e-09
2.9329904e-06
-2.0478997e-09
2.9229825e-06
-2.0247084e-09
2.9130832e-06
-2.0018939e-09
2.9032908e-06
-1.9794529e-09
2.8936039e-06
-1.9573818e-09
2.884021e-06
-1.9356769e-09
2.8745404e-06
-1.914334e-09
2.8651608e-06
-1.893349e-09
2.8558805e-06
-1.8727173e-09
2.8466981e-06
-1.8524342e-09
2.8376121e-06
-1.832495e-09
2.828621e-06
-1.8128948e-09
2.8197233e-06
-1.7936284e-09
2.8109175e-06
-1.7746906e-09
2.8022022e-06
-1.7560764e-09
2.7935761e-06
-1.7377801e-09
2.7850376e-06
-1.7197966e-09
2.7765854e-06
-1.7021204e-09
2.7682182e-06
-1.6847459e-09
2.7599346e-06
-1.6676676e-09
2.7517332e-06
-1.6508801e-09
2.7436128e-06
-1.6343777e-09
2.735572e-06
-1.6181551e-09
2.7276097e-06
-1.6022066e-09
2.7197245e-06
-1.5865267e-09
2.7119153e-06
-1.5711102e-09
2.7041809e-06
-1.5559514e-09
2.69652e-06
-1.5410451e-09
2.6889316e-06
-1.526386e-09
2.6814146e-06
-1.5119687e-09
2.6739677e-06
-1.497788e-09
2.66659e-06
-1.4838389e-09
2.6592803e-06
-1.4701162e-09
2.6520377e-06
-1.456615e-09
2.644861e-06
-1.4433303e-09
2.6377494e-06
-1.4302572e-09
2.6307018e-06
-1.4173911e-09
2.6237173e-06
-1.4047271e-09
2.616795e-06
-1.3922608e-09
2.6099339e-06
-1.3799876e-09
2.6031331e-06
-1.367903e-09
2.5963918e-06
-1.3560027e-09
2.5897091e-06
-1.3442824e-09
2.5830841e-06
-1.332738e-09
2.5765161e-06
-1.3213654e-09
2.5700043e-06
-1.3101607e-09
2.5635478e-06
-1.2991198e-09
2.5571459e-06
-1.288239e-09
2.5507978e-06
-1.2775145e-09
2.5445029e-06
-1.2669427e-09
2.5382603e-06
-1.2565201e-09
2.5320694e-06
-1.2462432e-09
2.5259295e-06
-1.2361086e-09
2.5198399e-06
-1.226113e-09
2.5138e-06
-1.2162532e-09
2.5078091e-06
-1.2065261e-09
2.5018666e-06
-1.1969285e-09
2.4959719e-06
-1.1874577e-09
2.4901243e-06
-1.1781105e-09
2.4843234e-06
-1.1688843e-09
2.4785684e-06
-1.1597762e-09
2.4728588e-06
-1.1507837e-09
2.4671942e-06
-1.1419041e-09
2.4615739e-06
-1.1331349e-09
2.4559973e-06
-1.1244737e-09
2.4504641e-06
-1.115918e-09
2.4449737e-06
-1.1074656e-09
2.4395255e-06
-1.0991142e-09
2.4341191e-06
-1.0908616e-09
2.428754e-06
-1.0827058e-09
2.4234298e-06
-1.0746446e-09
2.4181459e-06
-1.0666761e-09
2.4129019e-06
-1.0587984e-09
2.4076975e-06
-1.0510095e-09
2.402532e-06
-1.0433077e-09
2.3974052e-06
-1.0356913e-09
2.3923166e-06
-1.0281585e-09
2.3872658e-06
-1.0207077e-09
2.3822524e-06
-1.0133373e-09
2.3772759e-06
-1.0060458e-09
2.3723361e-06
-9.9883175e-10
2.3674325e-06
-9.9169366e-10
2.3625647e-06
-9.8463022e-10
2.3577324e-06
-9.7764008e-10
2.3529352e-06
-9.7072195e-10
2.3481727e-06
-9.6387462e-10
2.3434447e-06
-9.570969e-10
2.3387507e-06
-9.5038764e-10
2.3340904e-06
-9.4374571e-10
2.3294635e-06
-9.3717002e-10
2.3248696e-06
-9.3065955e-10
2.3203085e-06
-9.2421318e-10
2.3157797e-06
-9.1782991e-10
2.3112831e-06
-9.1150862e-10
2.3068182e-06
-9.052481e-10
2.3023849e-06
-8.9904697e-10
2.2979827e-06
-8.9290348e-10
2.2936113e-06
-8.8681517e-10
2.2892706e-06
-8.8077837e-10
2.2849603e-06
-8.7478712e-10
2.28068e-06
-8.6883131e-10
2.2764297e-06
-8.6289323e-10
2.2722091e-06
-8.5694126e-10
2.2680184e-06
-8.509209e-10
2.2638576e-06
-8.4472114e-10
2.2597275e-06
-8.3822001e-10
2.2556293e-06
-8.308448e-10
2.2515653e-06
-8.233823e-10
2.2475401e-06
-8.102694e-10
2.2435504e-06
-8.1143004e-10
2.239626e-06
-7.8264187e-10
2.2354867e-06
-8.4999486e-10
-1.9848844e-09
2.590376e-06
2.179435e-06
1.8638024e-06
1.6105996e-06
1.411205e-06
1.2557696e-06
1.1366355e-06
1.0469604e-06
9.8045335e-07
9.3164874e-07
8.9601563e-07
8.6994927e-07
8.506902e-07
8.3619018e-07
8.2497693e-07
8.1602101e-07
8.0861057e-07
8.0225643e-07
7.9662212e-07
7.9147846e-07
7.8667149e-07
7.8209888e-07
7.7769324e-07
7.734101e-07
7.6921948e-07
7.6510259e-07
7.6104789e-07
7.5704706e-07
7.5309421e-07
7.4918524e-07
7.4531733e-07
7.4148851e-07
7.3769742e-07
7.3394314e-07
7.3022499e-07
7.2654253e-07
7.2289546e-07
7.1928357e-07
7.1570676e-07
7.1216498e-07
7.0865821e-07
7.0518636e-07
7.0174909e-07
6.9834648e-07
6.9497909e-07
6.9164723e-07
6.8835094e-07
6.8509011e-07
6.8186458e-07
6.7867414e-07
6.7551861e-07
6.7239782e-07
6.6931158e-07
6.6625974e-07
6.6324214e-07
6.6025861e-07
6.5730897e-07
6.5439304e-07
6.5151059e-07
6.4866138e-07
6.458452e-07
6.4306181e-07
6.4031098e-07
6.3759244e-07
6.3490592e-07
6.3225111e-07
6.2962771e-07
6.270354e-07
6.2447384e-07
6.2194269e-07
6.194416e-07
6.1697021e-07
6.1452816e-07
6.1211507e-07
6.0973058e-07
6.073743e-07
6.0504585e-07
6.0274484e-07
6.004709e-07
5.9822362e-07
5.9600263e-07
5.9380753e-07
5.9163793e-07
5.8949344e-07
5.8737368e-07
5.8527826e-07
5.8320679e-07
5.8115889e-07
5.7913418e-07
5.7713228e-07
5.7515283e-07
5.7319545e-07
5.7125977e-07
5.6934544e-07
5.6745209e-07
5.6557937e-07
5.6372694e-07
5.6189444e-07
5.6008155e-07
5.5828792e-07
5.5651323e-07
5.5475715e-07
5.5301937e-07
5.5129957e-07
5.4959745e-07
5.4791271e-07
5.4624504e-07
5.4459416e-07
5.4295978e-07
5.4134163e-07
5.3973942e-07
5.3815289e-07
5.3658178e-07
5.3502583e-07
5.3348479e-07
5.319584e-07
5.3044643e-07
5.2894865e-07
5.2746481e-07
5.2599469e-07
5.2453808e-07
5.2309475e-07
5.2166449e-07
5.202471e-07
5.1884237e-07
5.1745011e-07
5.1607012e-07
5.1470222e-07
5.1334622e-07
5.1200193e-07
5.106692e-07
5.0934783e-07
5.0803767e-07
5.0673855e-07
5.0545031e-07
5.041728e-07
5.0290585e-07
5.0164933e-07
5.0040309e-07
4.9916698e-07
4.9794087e-07
4.9672461e-07
4.9551809e-07
4.9432116e-07
4.931337e-07
4.9195559e-07
4.9078671e-07
4.8962693e-07
4.8847615e-07
4.8733424e-07
4.8620111e-07
4.8507664e-07
4.8396072e-07
4.8285325e-07
4.8175414e-07
4.8066328e-07
4.7958057e-07
4.7850593e-07
4.7743925e-07
4.7638045e-07
4.7532944e-07
4.7428613e-07
4.7325044e-07
4.7222228e-07
4.7120158e-07
4.7018824e-07
4.6918219e-07
4.6818336e-07
4.6719167e-07
4.6620704e-07
4.652294e-07
4.6425868e-07
4.632948e-07
4.623377e-07
4.6138732e-07
4.6044357e-07
4.595064e-07
4.5857574e-07
4.5765153e-07
4.567337e-07
4.5582219e-07
4.5491694e-07
4.5401789e-07
4.5312499e-07
4.5223818e-07
4.513574e-07
4.5048261e-07
4.4961378e-07
4.4875089e-07
4.4789394e-07
4.4704302e-07
4.461983e-07
4.4536008e-07
4.4452924e-07
4.4370585e-07
4.4289559e-07
4.4208416e-07
4.4130151e-07
4.4045152e-07
)
;

boundaryField
{
    exteriorWall
    {
        type            calculated;
        value           uniform 0;
    }
    inlet
    {
        type            calculated;
        value           nonuniform List<scalar> 6(-6.7496949e-06 -1.1204735e-05 -9.8350806e-06 -7.3064895e-06 -5.0484059e-06 -3.3598281e-06);
    }
    outlet
    {
        type            calculated;
        value           nonuniform List<scalar> 6(8.7650686e-06 1.4491304e-05 1.149573e-05 6.0819631e-06 2.231702e-06 4.3846663e-07);
    }
    walls
    {
        type            calculated;
        value           nonuniform List<scalar> 0();
    }
    frontAndBack
    {
        type            empty;
        value           nonuniform List<scalar> 0();
    }
    frontAndBack_pos
    {
        type            wedge;
        value           nonuniform List<scalar> 
1200
(
-1.7649475e-15
4.0927802e-16
-3.1854159e-15
6.7388537e-15
-1.123829e-14
2.6629333e-15
-2.9846578e-15
6.2276792e-16
-4.0619112e-15
6.9380194e-15
-1.0767443e-14
2.4061068e-15
-3.1920246e-15
6.1425763e-16
-3.5325891e-15
5.065053e-15
-7.6860383e-15
1.6071851e-15
-3.084938e-15
5.5692588e-16
-3.0004019e-15
3.93825e-15
-6.1811402e-15
1.1992865e-15
-2.8352965e-15
4.7783532e-16
-2.4716e-15
3.0562125e-15
-5.0642931e-15
8.9314599e-16
-2.5032609e-15
3.8931055e-16
-1.9677872e-15
2.3125058e-15
-4.1189812e-15
6.4868662e-16
-2.1544941e-15
3.0421413e-16
-1.5316806e-15
1.7131839e-15
-3.3207077e-15
4.5869357e-16
-1.8239145e-15
2.2824748e-16
-1.1694003e-15
1.2383459e-15
-2.6465178e-15
3.1451376e-16
-1.524493e-15
1.6312202e-16
-8.7494982e-16
8.6961545e-16
-2.0881705e-15
2.0898406e-16
-1.2604994e-15
1.0900114e-16
-6.4031713e-16
5.9143559e-16
-1.6384892e-15
1.3447688e-16
-1.031484e-15
6.5155421e-17
-4.5651208e-16
3.8810572e-16
-1.2860634e-15
8.3485565e-17
-8.3439013e-16
3.0374245e-17
-3.1454859e-16
2.444013e-16
-1.0166163e-15
4.9541964e-17
-6.65207e-16
3.2805005e-18
-2.0620879e-16
1.4657811e-16
-8.1495325e-16
2.7505086e-17
-5.1980713e-16
-1.748417e-17
-1.2433459e-16
8.2904211e-17
-6.6663539e-16
1.3537787e-17
-3.9376016e-16
-3.3073481e-17
-6.3044944e-17
4.3784055e-17
-5.5888322e-16
4.8708679e-18
-2.8344753e-16
-4.4390637e-17
-1.7929133e-17
2.1778233e-17
-4.810817e-16
-4.2388095e-19
-1.8796334e-16
-5.2241271e-17
1.4576468e-17
1.1660505e-17
-4.2500644e-16
-3.6095378e-18
-1.0658364e-16
-5.7362564e-17
3.7310928e-17
9.9622453e-18
-3.8450843e-16
-5.4843718e-18
-3.8074242e-17
-6.0379196e-17
5.2550393e-17
1.4173845e-17
-3.550664e-16
-6.5356822e-18
1.8955701e-17
-6.1787338e-17
6.2117706e-17
2.2365579e-17
-3.3338028e-16
-7.0676866e-18
6.5889829e-17
-6.1975472e-17
6.7428529e-17
3.310813e-17
-3.1706344e-16
-7.274628e-18
1.0404988e-16
-6.1247225e-17
6.9560766e-17
4.5382291e-17
-3.0441745e-16
-7.2785506e-18
1.3465661e-16
-5.9838819e-17
6.9332256e-17
5.8469742e-17
-2.9425322e-16
-7.1546236e-18
1.5880976e-16
-5.7932357e-17
6.7369899e-17
7.1857138e-17
-2.857588e-16
-6.9476239e-18
1.7748438e-16
-5.5667293e-17
6.4157474e-17
8.5164587e-17
-2.7840196e-16
-6.6829365e-18
1.9153692e-16
-5.3154376e-17
6.0029807e-17
9.8164466e-17
-2.7181626e-16
-6.382482e-18
2.0170722e-16
-5.0482322e-17
5.5218809e-17
1.107762e-16
-2.6573813e-16
-6.0602899e-18
2.0862487e-16
-4.7718034e-17
4.9913405e-17
1.229322e-16
-2.6000487e-16
-5.7183343e-18
2.1283075e-16
-4.4911051e-17
4.4272286e-17
1.345638e-16
-2.5451714e-16
-5.358583e-18
2.1479168e-16
-4.2098766e-17
3.8420558e-17
1.4561993e-16
-2.4921073e-16
-4.984557e-18
2.1490736e-16
-3.9309644e-17
3.2455189e-17
1.5606859e-16
-2.4404442e-16
-4.6000944e-18
2.135172e-16
-3.65653e-17
2.6451173e-17
1.6589309e-16
-2.3899214e-16
-4.2087664e-18
2.1090771e-16
-3.3882019e-17
2.046627e-17
1.7508868e-16
-2.3403784e-16
-3.8137135e-18
2.073197e-16
-3.1271888e-17
1.4544719e-17
1.8365956e-16
-2.2917193e-16
-3.4176411e-18
2.0295473e-16
-2.874366e-17
8.7201392e-18
1.9161649e-16
-2.2438903e-16
-3.0228586e-18
1.9798105e-16
-2.6303447e-17
3.0177853e-18
1.989749e-16
-2.1968631e-16
-2.6313463e-18
1.9253871e-16
-2.3955254e-17
-2.5436807e-18
2.0575352e-16
-2.1506249e-16
-2.2447988e-18
1.8674407e-16
-2.1701427e-17
-7.9507825e-18
2.1197325e-16
-2.105172e-16
-1.8646579e-18
1.8069371e-16
-1.9543014e-17
-1.3194082e-17
2.1765632e-16
-2.0605049e-16
-1.4921643e-18
1.7446786e-16
-1.7480075e-17
-1.8267175e-17
2.2282565e-16
-2.0166265e-16
-1.1283593e-18
1.6813384e-16
-1.5511943e-17
-2.316582e-17
2.275041e-16
-1.9735411e-16
-7.7416637e-19
1.6174836e-16
-1.3637599e-17
-2.7886845e-17
2.3171524e-16
-1.9312794e-16
-4.3002919e-19
1.5537077e-16
-1.185425e-17
-3.2427273e-17
2.3547218e-16
-1.8899151e-16
-9.5845462e-20
1.4907695e-16
-1.0154205e-17
-3.6789162e-17
2.3877841e-16
-1.8494478e-16
2.2587656e-19
1.4293084e-16
-8.5305176e-18
-4.0991321e-17
2.4165116e-16
-1.8098403e-16
5.3220408e-19
1.3695626e-16
-6.9794948e-18
-4.5047032e-17
2.4412585e-16
-1.7711287e-16
8.232094e-19
1.3114917e-16
-5.4996575e-18
-4.8961381e-17
2.4624091e-16
-1.7333525e-16
1.0999048e-18
1.2549617e-16
-4.0899325e-18
-5.2736237e-17
2.4802974e-16
-1.69651e-16
1.3632813e-18
1.1998279e-16
-2.7490723e-18
-5.637264e-17
2.4952018e-16
-1.6605739e-16
1.6142202e-18
1.145965e-16
-1.4755522e-18
-5.9871593e-17
2.5073563e-16
-1.6255071e-16
1.853454e-18
1.0932746e-16
-2.6757142e-19
-6.3234592e-17
2.5169617e-16
-1.5912724e-16
2.0815509e-18
1.0416844e-16
8.7690399e-19
-6.6463774e-17
2.5241957e-16
-1.557837e-16
2.2989492e-18
9.9114321e-17
1.9600804e-18
-6.9561895e-17
2.5292187e-16
-1.5251741e-16
2.505991e-18
9.4161587e-17
2.9842802e-18
-7.2532228e-17
2.5321788e-16
-1.4932627e-16
2.7029514e-18
8.9307872e-17
3.9518892e-18
-7.5378437e-17
2.5332136e-16
-1.4620865e-16
2.8900597e-18
8.4551673e-17
4.8653683e-18
-7.8104446e-17
2.5324525e-16
-1.4316324e-16
3.0675183e-18
7.9892093e-17
5.7269735e-18
-8.0714316e-17
2.5300179e-16
-1.4018902e-16
3.2355262e-18
7.5329109e-17
6.5390164e-18
-8.3212191e-17
2.5260267e-16
-1.3728522e-16
3.394288e-18
7.0859873e-17
7.3038292e-18
-8.5601803e-17
2.520593e-16
-1.3445129e-16
3.544059e-18
6.6469266e-17
8.0235046e-18
-8.7885923e-17
2.5138246e-16
-1.3168643e-16
3.6850921e-18
6.2136784e-17
8.7004178e-18
-9.0067418e-17
2.5058198e-16
-1.2898906e-16
3.8175589e-18
5.7852854e-17
9.3371206e-18
-9.2150498e-17
2.4966699e-16
-1.2635767e-16
3.9416616e-18
5.3618735e-17
9.9359293e-18
-9.4140323e-17
2.4864634e-16
-1.237914e-16
4.0576603e-18
4.944044e-17
1.0498958e-17
-9.604209e-17
2.4752837e-16
-1.2128978e-16
4.1657934e-18
4.5324561e-17
1.1028184e-17
-9.7860637e-17
2.4632089e-16
-1.1885247e-16
4.2662672e-18
4.1277026e-17
1.1525471e-17
-9.9600375e-17
2.4503123e-16
-1.1647907e-16
4.3592751e-18
3.7302724e-17
1.1992578e-17
-1.0126529e-16
2.436663e-16
-1.1416909e-16
4.4450049e-18
3.3405413e-17
1.2431171e-17
-1.02859e-16
2.4223261e-16
-1.1192189e-16
4.5236524e-18
2.9587811e-17
1.284283e-17
-1.0438479e-16
2.4073627e-16
-1.0973669e-16
4.5954219e-18
2.5851738e-17
1.3229057e-17
-1.0584566e-16
2.3918307e-16
-1.076126e-16
4.660528e-18
2.2198276e-17
1.359128e-17
-1.0724438e-16
2.3757843e-16
-1.055486e-16
4.7191948e-18
1.862791e-17
1.3930858e-17
-1.0858351e-16
2.3592749e-16
-1.0354362e-16
4.7716504e-18
1.5140653e-17
1.4249081e-17
-1.0986543e-16
2.3423504e-16
-1.015965e-16
4.8181336e-18
1.1736148e-17
1.454718e-17
-1.1109239e-16
2.3250563e-16
-9.9706053e-17
4.8588807e-18
8.4137477e-18
1.4826321e-17
-1.1226646e-16
2.3074351e-16
-9.7871011e-17
4.8941269e-18
5.172594e-18
1.5087615e-17
-1.1338963e-16
2.2895266e-16
-9.6090109e-17
4.9241135e-18
2.0116569e-18
1.5332119e-17
-1.1446374e-16
2.2713683e-16
-9.4362075e-17
4.9490799e-18
-1.0702171e-18
1.5560833e-17
-1.1549057e-16
2.2529952e-16
-9.2685608e-17
4.9692561e-18
-4.0742689e-18
1.5774708e-17
-1.1647177e-16
2.2344401e-16
-9.1059387e-17
4.9848674e-18
-7.0018022e-18
1.5974647e-17
-1.1740894e-16
2.2157335e-16
-8.9482106e-17
4.996142e-18
-9.8541666e-18
1.6161553e-17
-1.1830357e-16
2.196904e-16
-8.7952469e-17
5.0033018e-18
-1.2632737e-17
1.6336134e-17
-1.1915709e-16
2.1779784e-16
-8.6469194e-17
5.0065609e-18
-1.53389e-17
1.6499161e-17
-1.1997087e-16
2.1589813e-16
-8.5030977e-17
5.0061225e-18
-1.7974051e-17
1.6651454e-17
-1.2074621e-16
2.1399358e-16
-8.3636535e-17
5.0021882e-18
-2.0539581e-17
1.679365e-17
-1.2148433e-16
2.1208634e-16
-8.2284615e-17
4.9949562e-18
-2.3036871e-17
1.6926396e-17
-1.2218643e-16
2.1017839e-16
-8.0973971e-17
4.9846167e-18
-2.546729e-17
1.7050306e-17
-1.2285362e-16
2.0827157e-16
-7.9703375e-17
4.9713508e-18
-2.7832192e-17
1.7165953e-17
-1.2348699e-16
2.0636758e-16
-7.8471618e-17
4.9553349e-18
-3.013291e-17
1.7273886e-17
-1.2408756e-16
2.04468e-16
-7.7277509e-17
4.93674e-18
-3.2370757e-17
1.7374615e-17
-1.2465633e-16
2.0257426e-16
-7.6119881e-17
4.9157275e-18
-3.4547028e-17
1.7468622e-17
-1.2519422e-16
2.0068771e-16
-7.4997586e-17
4.8924559e-18
-3.6662994e-17
1.7556365e-17
-1.2570215e-16
1.9880956e-16
-7.39095e-17
4.8670757e-18
-3.8719904e-17
1.7638272e-17
-1.2618099e-16
1.9694093e-16
-7.2854522e-17
4.8397311e-18
-4.0718983e-17
1.7714743e-17
-1.2663156e-16
1.9508285e-16
-7.1831573e-17
4.8105615e-18
-4.2661435e-17
1.7786158e-17
-1.2705467e-16
1.9323625e-16
-7.0839599e-17
4.7796987e-18
-4.454844e-17
1.7852871e-17
-1.2745108e-16
1.9140197e-16
-6.9877569e-17
4.7472707e-18
-4.6381159e-17
1.7915217e-17
-1.2782154e-16
1.8958079e-16
-6.8944473e-17
4.7133979e-18
-4.816073e-17
1.7973507e-17
-1.2816675e-16
1.877734e-16
-6.8039346e-17
4.6781987e-18
-4.9888268e-17
1.8028034e-17
-1.284874e-16
1.8598042e-16
-6.7161224e-17
4.6417813e-18
-5.1564872e-17
1.8079074e-17
-1.2878415e-16
1.8420241e-16
-6.6309156e-17
4.6042479e-18
-5.3191615e-17
1.8126882e-17
-1.2905764e-16
1.8243986e-16
-6.5482259e-17
4.5657051e-18
-5.4769556e-17
1.81717e-17
-1.2930849e-16
1.8069323e-16
-6.4679642e-17
4.5262453e-18
-5.629973e-17
1.8213752e-17
-1.2953729e-16
1.7896289e-16
-6.3900442e-17
4.4859594e-18
-5.7783157e-17
1.8253247e-17
-1.2974461e-16
1.7724918e-16
-6.3143831e-17
4.444933e-18
-5.9220836e-17
1.8290382e-17
-1.2993103e-16
1.755524e-16
-6.2408997e-17
4.4032486e-18
-6.061375e-17
1.8325339e-17
-1.3009707e-16
1.7387278e-16
-6.1695146e-17
4.3609834e-18
-6.1962866e-17
1.8358289e-17
-1.3024327e-16
1.7221055e-16
-6.100152e-17
4.3182109e-18
-6.3269129e-17
1.8389387e-17
-1.3037013e-16
1.7056586e-16
-6.0327378e-17
4.2750013e-18
-6.4533474e-17
1.8418786e-17
-1.3047815e-16
1.6893886e-16
-5.9672002e-17
4.2314195e-18
-6.5756817e-17
1.8446618e-17
-1.305678e-16
1.6732964e-16
-5.9034696e-17
4.1875278e-18
-6.6940058e-17
1.8473013e-17
-1.3063957e-16
1.6573829e-16
-5.8414786e-17
4.1433852e-18
-6.8084083e-17
1.8498086e-17
-1.3069389e-16
1.6416485e-16
-5.781162e-17
4.0990458e-18
-6.9189759e-17
1.8521948e-17
-1.3073123e-16
1.6260934e-16
-5.722456e-17
4.0545614e-18
-7.0257942e-17
1.8544702e-17
-1.30752e-16
1.6107176e-16
-5.6653021e-17
4.0099856e-18
-7.1289473e-17
1.8566437e-17
-1.3075663e-16
1.5955208e-16
-5.6096387e-17
3.9653574e-18
-7.2285178e-17
1.8587242e-17
-1.3074554e-16
1.5805027e-16
-5.5554098e-17
3.9207235e-18
-7.324587e-17
1.8607195e-17
-1.3071912e-16
1.5656626e-16
-5.5025604e-17
3.876124e-18
-7.4172347e-17
1.862637e-17
-1.3067777e-16
1.5509997e-16
-5.4510374e-17
3.8315969e-18
-7.5065395e-17
1.8644832e-17
-1.3062186e-16
1.5365132e-16
-5.4007896e-17
3.7871775e-18
-7.5925784e-17
1.8662645e-17
-1.3055178e-16
1.5222019e-16
-5.3517674e-17
3.7428989e-18
-7.6754274e-17
1.8679864e-17
-1.3046789e-16
1.5080647e-16
-5.3039233e-17
3.6987912e-18
-7.7551611e-17
1.869654e-17
-1.3037055e-16
1.4941002e-16
-5.2572113e-17
3.6548833e-18
-7.8318526e-17
1.8712719e-17
-1.3026011e-16
1.4803071e-16
-5.2115872e-17
3.6112024e-18
-7.9055741e-17
1.8728445e-17
-1.3013691e-16
1.4666839e-16
-5.1670084e-17
3.5677731e-18
-7.9763962e-17
1.8743757e-17
-1.3000129e-16
1.4532289e-16
-5.1234337e-17
3.5246173e-18
-8.0443885e-17
1.8758688e-17
-1.2985358e-16
1.4399405e-16
-5.0808238e-17
3.4817563e-18
-8.1096193e-17
1.877327e-17
-1.296941e-16
1.426817e-16
-5.0391404e-17
3.4392103e-18
-8.1721556e-17
1.8787532e-17
-1.2952317e-16
1.4138567e-16
-4.9983473e-17
3.3969967e-18
-8.2320636e-17
1.88015e-17
-1.2934109e-16
1.4010576e-16
-4.9584092e-17
3.3551309e-18
-8.2894075e-17
1.8815194e-17
-1.2914818e-16
1.388418e-16
-4.9192923e-17
3.313628e-18
-8.3442513e-17
1.8828634e-17
-1.2894472e-16
1.3759358e-16
-4.8809641e-17
3.2725028e-18
-8.3966572e-17
1.8841839e-17
-1.2873102e-16
1.3636093e-16
-4.8433934e-17
3.2317666e-18
-8.4466865e-17
1.8854824e-17
-1.2850735e-16
1.3514363e-16
-4.8065505e-17
3.1914304e-18
-8.4943993e-17
1.88676e-17
-1.28274e-16
1.339415e-16
-4.7704066e-17
3.1515044e-18
-8.5398546e-17
1.8880181e-17
-1.2803123e-16
1.3275433e-16
-4.7349338e-17
3.1119968e-18
-8.5831105e-17
1.8892575e-17
-1.2777934e-16
1.3158192e-16
-4.7001057e-17
3.0729158e-18
-8.6242235e-17
1.8904789e-17
-1.2751856e-16
1.3042406e-16
-4.6658974e-17
3.0342684e-18
-8.6632493e-17
1.8916831e-17
-1.2724918e-16
1.2928056e-16
-4.6322837e-17
2.9960592e-18
-8.7002428e-17
1.8928705e-17
-1.2697143e-16
1.2815122e-16
-4.5992425e-17
2.9582963e-18
-8.7352573e-17
1.8940415e-17
-1.2668558e-16
1.2703582e-16
-4.5667508e-17
2.9209816e-18
-8.7683455e-17
1.8951964e-17
-1.2639186e-16
1.2593417e-16
-4.534788e-17
2.8841197e-18
-8.7995588e-17
1.8963353e-17
-1.2609052e-16
1.2484606e-16
-4.5033322e-17
2.8477105e-18
-8.8289478e-17
1.8974584e-17
-1.2578179e-16
1.237713e-16
-4.4723645e-17
2.811759e-18
-8.8565617e-17
1.8985655e-17
-1.254659e-16
1.2270968e-16
-4.441866e-17
2.7762663e-18
-8.8824492e-17
1.8996566e-17
-1.2514308e-16
1.21661e-16
-4.4118188e-17
2.7412334e-18
-8.9066577e-17
1.9007313e-17
-1.2481355e-16
1.2062508e-16
-4.3822057e-17
2.7066605e-18
-8.9292336e-17
1.9017897e-17
-1.2447753e-16
1.1960172e-16
-4.3530096e-17
2.6725467e-18
-8.9502225e-17
1.9028313e-17
-1.2413523e-16
1.1859071e-16
-4.3242164e-17
2.638894e-18
-8.9696687e-17
1.9038557e-17
-1.2378686e-16
1.1759188e-16
-4.2958111e-17
2.6056997e-18
-8.9876162e-17
1.9048628e-17
-1.2343263e-16
1.1660502e-16
-4.2677776e-17
2.5729599e-18
-9.0041076e-17
1.905852e-17
-1.2307274e-16
1.1562996e-16
-4.2401029e-17
2.5406758e-18
-9.0191847e-17
1.9068228e-17
-1.2270738e-16
1.1466652e-16
-4.2127742e-17
2.5088447e-18
-9.0328884e-17
1.9077748e-17
-1.2233675e-16
1.137145e-16
-4.1857787e-17
2.4774642e-18
-9.0452585e-17
1.9087074e-17
-1.2196103e-16
1.1277373e-16
-4.1591051e-17
2.4465311e-18
-9.0563344e-17
1.9096201e-17
-1.2158042e-16
1.1184403e-16
-4.132741e-17
2.4160419e-18
-9.0661542e-17
1.9105125e-17
-1.211951e-16
1.1092522e-16
-4.1066767e-17
2.3859958e-18
-9.0747553e-17
1.9113838e-17
-1.2080523e-16
1.1001715e-16
-4.0809022e-17
2.3563881e-18
-9.0821744e-17
1.9122335e-17
-1.20411e-16
1.0911962e-16
-4.0554061e-17
2.3272112e-18
-9.0884472e-17
1.9130611e-17
-1.2001258e-16
1.0823249e-16
-4.0301801e-17
2.2984648e-18
-9.0936086e-17
1.9138659e-17
-1.1961014e-16
1.0735558e-16
-4.0052149e-17
2.2701455e-18
-9.097693e-17
1.9146475e-17
-1.1920383e-16
1.0648874e-16
-3.9805021e-17
2.2422479e-18
-9.1007334e-17
1.9154052e-17
-1.1879382e-16
1.056318e-16
-3.9560337e-17
2.2147675e-18
-9.1027627e-17
1.9161384e-17
-1.1838027e-16
1.0478462e-16
-3.9318012e-17
2.187699e-18
-9.1038127e-17
1.9168465e-17
-1.1796332e-16
1.0394703e-16
-3.9077992e-17
2.161041e-18
-9.1039144e-17
1.9175291e-17
-1.1754314e-16
1.031189e-16
-3.8840198e-17
2.1347858e-18
-9.1030983e-17
1.9181854e-17
-1.1711987e-16
1.0230006e-16
-3.8604574e-17
2.1089297e-18
-9.1013939e-17
1.9188151e-17
-1.1669364e-16
1.0149039e-16
-3.837104e-17
2.0834654e-18
-9.0988302e-17
1.9194177e-17
-1.1626462e-16
1.0068973e-16
-3.8139547e-17
2.0583909e-18
-9.0954358e-17
1.9199923e-17
-1.1583292e-16
9.9897959e-17
-3.7910039e-17
2.0337007e-18
-9.0912379e-17
1.9205387e-17
-1.153987e-16
9.9114931e-17
-3.7682466e-17
2.0093901e-18
-9.0862635e-17
1.9210564e-17
-1.1496207e-16
9.8340517e-17
-3.7456777e-17
1.9854529e-18
-9.080539e-17
1.921545e-17
-1.1452318e-16
9.7574589e-17
-3.7232917e-17
1.9618839e-18
-9.07409e-17
1.9220038e-17
-1.1408215e-16
9.6817019e-17
-3.7010861e-17
1.9386814e-18
-9.0669413e-17
1.9224325e-17
-1.136391e-16
9.6067685e-17
-3.6790566e-17
1.9158376e-18
-9.0591173e-17
1.9228307e-17
-1.1319417e-16
9.5326465e-17
-3.6571977e-17
1.8933453e-18
-9.0506418e-17
1.923198e-17
-1.1274745e-16
9.4593242e-17
-3.6355065e-17
1.8712022e-18
-9.0415376e-17
1.9235341e-17
-1.1229908e-16
9.3867899e-17
-3.6139794e-17
1.8494031e-18
-9.0318274e-17
1.9238384e-17
-1.1184917e-16
9.3150323e-17
-3.5926131e-17
1.8279429e-18
-9.0215326e-17
1.9241106e-17
-1.1139783e-16
9.2440402e-17
-3.5714046e-17
1.8068155e-18
-9.010674e-17
1.9243505e-17
-1.1094516e-16
9.1738025e-17
-3.5503499e-17
1.7860152e-18
-8.9992713e-17
1.9245574e-17
-1.1049126e-16
9.104308e-17
-3.5294474e-17
1.7655399e-18
-8.9873427e-17
1.9247308e-17
-1.1003623e-16
9.0355454e-17
-3.5086937e-17
1.7453815e-18
-8.9749042e-17
1.9248699e-17
-1.0958016e-16
8.9675028e-17
-3.488083e-17
1.7255318e-18
-8.9619685e-17
1.9249735e-17
-1.091231e-16
8.9001671e-17
-3.4676112e-17
1.705987e-18
-8.9485421e-17
1.9250397e-17
-1.0866509e-16
8.8335228e-17
-3.4472715e-17
1.6867368e-18
-8.9346211e-17
1.9250651e-17
-1.0820611e-16
8.7675499e-17
-3.4270531e-17
1.6677703e-18
-8.9201832e-17
1.9250439e-17
-1.0774604e-16
8.7022202e-17
-3.4069385e-17
1.6490715e-18
-8.9051729e-17
1.9249655e-17
-1.0728459e-16
8.6374902e-17
-3.3868968e-17
1.6306116e-18
-8.8894747e-17
1.9248108e-17
-1.0682114e-16
8.5732889e-17
-3.366877e-17
1.6123495e-18
-8.8728645e-17
1.9245454e-17
-1.0635449e-16
8.509495e-17
-3.3467836e-17
1.5942041e-18
-8.8549221e-17
1.9241061e-17
-1.0588241e-16
8.4458973e-17
-3.3264489e-17
1.5760522e-18
-8.8348678e-17
1.923377e-17
-1.054007e-16
8.3821194e-17
-3.3055559e-17
1.5576103e-18
-8.8112974e-17
1.922148e-17
-1.049018e-16
8.317532e-17
-3.2836176e-17
1.5386547e-18
-8.781571e-17
1.9200145e-17
-1.0437111e-16
8.2509305e-17
-3.2593826e-17
1.5177465e-18
-8.7413429e-17
1.9162911e-17
-1.0378628e-16
8.1811985e-17
-3.2328386e-17
1.4967009e-18
-8.6809843e-17
1.9093072e-17
-1.0308724e-16
8.1035393e-17
-3.195463e-17
1.4655723e-18
-8.5914748e-17
1.8974168e-17
-1.0226508e-16
8.0315089e-17
-3.1762714e-17
1.4473753e-18
-8.4218385e-17
1.8691073e-17
-1.0082316e-16
7.9190317e-17
-3.1036314e-17
1.4797636e-18
-8.2339184e-17
1.8365711e-17
-1.0000079e-16
8.0583951e-17
-3.3564826e-17
1.1082226e-18
-7.4904124e-17
1.6433829e-17
-9.0619679e-17
7.7544766e-17
-4.9116533e-17
5.9748227e-18
)
;
    }
    frontAndBack_neg
    {
        type            wedge;
        value           nonuniform List<scalar> 
1200
(
-1.7649477e-15
4.0927809e-16
-3.1854159e-15
6.7388537e-15
-1.123829e-14
2.6629333e-15
-2.9846581e-15
6.22768e-16
-4.0619112e-15
6.9380194e-15
-1.0767443e-14
2.4061068e-15
-3.1920247e-15
6.1425779e-16
-3.5325891e-15
5.065053e-15
-7.6860383e-15
1.6071851e-15
-3.084938e-15
5.5692606e-16
-3.0004019e-15
3.93825e-15
-6.1811402e-15
1.1992865e-15
-2.8352964e-15
4.7783542e-16
-2.4716e-15
3.0562125e-15
-5.0642931e-15
8.9314599e-16
-2.5032609e-15
3.8931062e-16
-1.9677872e-15
2.3125058e-15
-4.1189812e-15
6.4868662e-16
-2.1544941e-15
3.0421413e-16
-1.5316806e-15
1.7131839e-15
-3.3207077e-15
4.5869357e-16
-1.8239145e-15
2.2824743e-16
-1.1694003e-15
1.2383459e-15
-2.6465178e-15
3.1451377e-16
-1.524493e-15
1.6312202e-16
-8.7494983e-16
8.6961545e-16
-2.0881705e-15
2.0898406e-16
-1.2604995e-15
1.0900112e-16
-6.4031714e-16
5.9143559e-16
-1.6384892e-15
1.3447688e-16
-1.031484e-15
6.5155399e-17
-4.5651209e-16
3.8810571e-16
-1.2860634e-15
8.3485567e-17
-8.3439018e-16
3.0374289e-17
-3.145486e-16
2.4440129e-16
-1.0166163e-15
4.9541963e-17
-6.6520708e-16
3.2805398e-18
-2.0620881e-16
1.4657809e-16
-8.1495324e-16
2.7505083e-17
-5.1980722e-16
-1.7484135e-17
-1.243346e-16
8.2904209e-17
-6.6663539e-16
1.3537788e-17
-3.9376026e-16
-3.3073448e-17
-6.3044959e-17
4.3784053e-17
-5.5888322e-16
4.8708687e-18
-2.8344765e-16
-4.4390607e-17
-1.7929148e-17
2.1778219e-17
-4.8108169e-16
-4.2388398e-19
-1.8796347e-16
-5.2241243e-17
1.4576452e-17
1.1660506e-17
-4.2500645e-16
-3.6095365e-18
-1.0658379e-16
-5.7362539e-17
3.731091e-17
9.9622423e-18
-3.8450843e-16
-5.4843717e-18
-3.8074405e-17
-6.0379174e-17
5.2550374e-17
1.4173825e-17
-3.550664e-16
-6.5356854e-18
1.8955523e-17
-6.1787322e-17
6.2117687e-17
2.2365577e-17
-3.3338029e-16
-7.0676841e-18
6.5889638e-17
-6.1975457e-17
6.7428509e-17
3.3108126e-17
-3.1706344e-16
-7.2746264e-18
1.0404967e-16
-6.1247212e-17
6.9560745e-17
4.5382272e-17
-3.0441744e-16
-7.2785531e-18
1.3465639e-16
-5.983872e-17
6.9332234e-17
5.8469725e-17
-2.9425322e-16
-7.1546223e-18
1.5880952e-16
-5.7932263e-17
6.7369877e-17
7.1857121e-17
-2.857588e-16
-6.947624e-18
1.7748413e-16
-5.56673e-17
6.4157452e-17
8.516457e-17
-2.7840195e-16
-6.6829397e-18
1.9153665e-16
-5.3154386e-17
6.0029783e-17
9.8164449e-17
-2.7181625e-16
-6.3824824e-18
2.0170693e-16
-5.0482333e-17
5.5218784e-17
1.1077618e-16
-2.6573812e-16
-6.0602898e-18
2.0862457e-16
-4.7718047e-17
4.9913378e-17
1.2293218e-16
-2.6000488e-16
-5.7183319e-18
2.1283043e-16
-4.4911065e-17
4.4272259e-17
1.3456378e-16
-2.5451715e-16
-5.3585817e-18
2.1479134e-16
-4.2098782e-17
3.842053e-17
1.4561992e-16
-2.4921073e-16
-4.98456e-18
2.14907e-16
-3.9309661e-17
3.2455161e-17
1.5606857e-16
-2.4404442e-16
-4.6000957e-18
2.1351682e-16
-3.6565317e-17
2.6451143e-17
1.6589307e-16
-2.3899214e-16
-4.2087668e-18
2.1090733e-16
-3.3882039e-17
2.0466239e-17
1.7508866e-16
-2.3403783e-16
-3.813714e-18
2.073193e-16
-3.1271908e-17
1.4544688e-17
1.8365954e-16
-2.2917194e-16
-3.4176382e-18
2.0295431e-16
-2.8743684e-17
8.7201067e-18
1.9161647e-16
-2.2438904e-16
-3.0228578e-18
1.9798062e-16
-2.6303474e-17
3.017752e-18
1.9897488e-16
-2.196863e-16
-2.6313488e-18
1.9253826e-16
-2.3955283e-17
-2.5437148e-18
2.057535e-16
-2.1506248e-16
-2.2447998e-18
1.8674361e-16
-2.1701459e-17
-7.9508175e-18
2.1197323e-16
-2.1051719e-16
-1.8646592e-18
1.8069324e-16
-1.9543048e-17
-1.3194118e-17
2.176563e-16
-2.0605049e-16
-1.4921651e-18
1.7446738e-16
-1.7480113e-17
-1.8267212e-17
2.2282564e-16
-2.0166266e-16
-1.1283568e-18
1.6813334e-16
-1.5511984e-17
-2.3165857e-17
2.2750408e-16
-1.9735412e-16
-7.7416638e-19
1.6174783e-16
-1.3637641e-17
-2.7886884e-17
2.3171522e-16
-1.9312794e-16
-4.3003238e-19
1.5537023e-16
-1.1854296e-17
-3.2427312e-17
2.3547216e-16
-1.889915e-16
-9.5846873e-20
1.490764e-16
-1.0154253e-17
-3.6789202e-17
2.3877839e-16
-1.8494478e-16
2.2587604e-19
1.4293027e-16
-8.5305691e-18
-4.0991362e-17
2.4165114e-16
-1.8098404e-16
5.3220244e-19
1.3695567e-16
-6.9795485e-18
-4.5047031e-17
2.4412582e-16
-1.7711289e-16
8.2321051e-19
1.3114857e-16
-5.499714e-18
-4.8961384e-17
2.4624088e-16
-1.7333526e-16
1.099905e-18
1.2549555e-16
-4.0899916e-18
-5.2736282e-17
2.4802971e-16
-1.69651e-16
1.3632785e-18
1.1998216e-16
-2.749134e-18
-5.6372685e-17
2.4952016e-16
-1.6605739e-16
1.614219e-18
1.1459585e-16
-1.4756162e-18
-5.9871638e-17
2.5073561e-16
-1.6255071e-16
1.8534528e-18
1.0932679e-16
-2.6763757e-19
-6.3234639e-17
2.5169615e-16
-1.5912724e-16
2.0815498e-18
1.0416776e-16
8.7683501e-19
-6.6463822e-17
2.5241955e-16
-1.557837e-16
2.2989487e-18
9.9113624e-17
1.9600093e-18
-6.9561944e-17
2.5292185e-16
-1.5251741e-16
2.5059908e-18
9.4160873e-17
2.984207e-18
-7.2532278e-17
2.5321786e-16
-1.4932628e-16
2.7029496e-18
8.9307141e-17
3.9518136e-18
-7.5378487e-17
2.5332133e-16
-1.4620865e-16
2.8900568e-18
8.4550923e-17
4.8651735e-18
-7.8104497e-17
2.5324523e-16
-1.4316326e-16
3.0675203e-18
7.9891326e-17
5.726787e-18
-8.0714368e-17
2.5300176e-16
-1.4018904e-16
3.2355272e-18
7.5328325e-17
6.5389489e-18
-8.3212244e-17
2.5260265e-16
-1.3728522e-16
3.394284e-18
7.0859071e-17
7.3037538e-18
-8.5601857e-17
2.5205927e-16
-1.344513e-16
3.544057e-18
6.6468444e-17
8.0234225e-18
-8.7885977e-17
2.5138244e-16
-1.3168643e-16
3.6850911e-18
6.2135946e-17
8.7003288e-18
-9.0067473e-17
2.5058195e-16
-1.2898906e-16
3.8175581e-18
5.7851998e-17
9.3370252e-18
-9.2150554e-17
2.4966697e-16
-1.2635768e-16
3.9416611e-18
5.3617866e-17
9.9358283e-18
-9.414038e-17
2.4864632e-16
-1.2379141e-16
4.0576586e-18
4.9439553e-17
1.0498853e-17
-9.6042147e-17
2.4752835e-16
-1.2128979e-16
4.1657915e-18
4.5323658e-17
1.1028076e-17
-9.7860696e-17
2.4632086e-16
-1.1885247e-16
4.2662668e-18
4.1276108e-17
1.152536e-17
-9.9600434e-17
2.450312e-16
-1.1647907e-16
4.3592741e-18
3.7301787e-17
1.1992465e-17
-1.0126535e-16
2.4366628e-16
-1.1416909e-16
4.4450042e-18
3.3404459e-17
1.2431056e-17
-1.0285906e-16
2.4223258e-16
-1.1192189e-16
4.5236518e-18
2.9586839e-17
1.2842713e-17
-1.0438485e-16
2.4073625e-16
-1.097367e-16
4.5954215e-18
2.5850749e-17
1.3228939e-17
-1.0584572e-16
2.3918304e-16
-1.076126e-16
4.660528e-18
2.219727e-17
1.359116e-17
-1.0724444e-16
2.3757841e-16
-1.0554861e-16
4.7191935e-18
1.8626888e-17
1.3930735e-17
-1.0858357e-16
2.3592746e-16
-1.0354364e-16
4.771651e-18
1.5139614e-17
1.4248955e-17
-1.098655e-16
2.3423502e-16
-1.0159652e-16
4.8181317e-18
1.1735091e-17
1.4547051e-17
-1.1109245e-16
2.3250561e-16
-9.9706059e-17
4.8588755e-18
8.4126762e-18
1.482619e-17
-1.1226653e-16
2.3074348e-16
-9.7871018e-17
4.8941247e-18
5.1715046e-18
1.5087483e-17
-1.1338969e-16
2.2895263e-16
-9.6090132e-17
4.9241144e-18
2.0105481e-18
1.5331984e-17
-1.1446381e-16
2.271368e-16
-9.4362097e-17
4.9490772e-18
-1.0713431e-18
1.5560694e-17
-1.1549064e-16
2.2529949e-16
-9.2685614e-17
4.9692497e-18
-4.0754112e-18
1.5774568e-17
-1.1647184e-16
2.2344398e-16
-9.1059394e-17
4.984865e-18
-7.0029625e-18
1.5974503e-17
-1.1740901e-16
2.2157332e-16
-8.9482127e-17
4.9961436e-18
-9.855343e-18
1.6161305e-17
-1.1830364e-16
2.1969037e-16
-8.7952504e-17
5.0033028e-18
-1.2633928e-17
1.6335884e-17
-1.1915716e-16
2.1779781e-16
-8.6469212e-17
5.0065561e-18
-1.5340107e-17
1.6499005e-17
-1.1997095e-16
2.158981e-16
-8.503098e-17
5.0061159e-18
-1.7975274e-17
1.6651294e-17
-1.2074628e-16
2.1399355e-16
-8.3636539e-17
5.0021846e-18
-2.0540818e-17
1.6793489e-17
-1.2148441e-16
2.1208631e-16
-8.228462e-17
4.9949551e-18
-2.3038123e-17
1.6926233e-17
-1.2218651e-16
2.1017836e-16
-8.0973976e-17
4.9846154e-18
-2.5468557e-17
1.7050139e-17
-1.228537e-16
2.0827154e-16
-7.9703381e-17
4.9713497e-18
-2.7833473e-17
1.7165785e-17
-1.2348707e-16
2.0636755e-16
-7.8471624e-17
4.9553345e-18
-3.0134205e-17
1.7273714e-17
-1.2408764e-16
2.0446797e-16
-7.7277516e-17
4.9367383e-18
-3.2372069e-17
1.7374441e-17
-1.246564e-16
2.0257423e-16
-7.6119888e-17
4.9157263e-18
-3.4548358e-17
1.7468446e-17
-1.251943e-16
2.0068768e-16
-7.4997594e-17
4.8924545e-18
-3.6664341e-17
1.7556186e-17
-1.2570223e-16
1.9880953e-16
-7.3909508e-17
4.867074e-18
-3.8721267e-17
1.7638089e-17
-1.2618107e-16
1.969409e-16
-7.285453e-17
4.8397297e-18
-4.0720362e-17
1.7714558e-17
-1.2663165e-16
1.9508281e-16
-7.1831582e-17
4.8105598e-18
-4.266283e-17
1.7785969e-17
-1.2705476e-16
1.9323621e-16
-7.0839609e-17
4.779698e-18
-4.4549852e-17
1.785268e-17
-1.2745117e-16
1.9140194e-16
-6.9877583e-17
4.7472701e-18
-4.6382588e-17
1.7915021e-17
-1.2782163e-16
1.8958075e-16
-6.89445e-17
4.7133983e-18
-4.8162176e-17
1.7973308e-17
-1.2816684e-16
1.8777336e-16
-6.8039366e-17
4.6781961e-18
-4.9889732e-17
1.8027832e-17
-1.2848749e-16
1.8598038e-16
-6.7161231e-17
4.6417763e-18
-5.1566352e-17
1.8078868e-17
-1.2878424e-16
1.8420237e-16
-6.6309179e-17
4.6042474e-18
-5.3193112e-17
1.8126674e-17
-1.2905773e-16
1.8243983e-16
-6.5482281e-17
4.5657031e-18
-5.4771069e-17
1.8171488e-17
-1.2930858e-16
1.8069319e-16
-6.4679663e-17
4.5262426e-18
-5.6301259e-17
1.8213536e-17
-1.2953738e-16
1.7896285e-16
-6.3900467e-17
4.4859556e-18
-5.7784701e-17
1.8253028e-17
-1.2974471e-16
1.7724914e-16
-6.3143853e-17
4.4449294e-18
-5.9222397e-17
1.8290161e-17
-1.2993112e-16
1.7555236e-16
-6.2409013e-17
4.4032451e-18
-6.0615327e-17
1.8325115e-17
-1.3009717e-16
1.7387275e-16
-6.1695165e-17
4.3609803e-18
-6.1964458e-17
1.8358061e-17
-1.3024337e-16
1.7221051e-16
-6.1001539e-17
4.3182083e-18
-6.327074e-17
1.8389159e-17
-1.3037023e-16
1.7056582e-16
-6.0327397e-17
4.2749982e-18
-6.4535102e-17
1.8418553e-17
-1.3047824e-16
1.6893882e-16
-5.967202e-17
4.2314164e-18
-6.575846e-17
1.8446383e-17
-1.305679e-16
1.673296e-16
-5.9034713e-17
4.1875249e-18
-6.6941717e-17
1.8472774e-17
-1.3063967e-16
1.6573825e-16
-5.8414803e-17
4.1433816e-18
-6.8085756e-17
1.8497846e-17
-1.30694e-16
1.6416481e-16
-5.7811637e-17
4.0990427e-18
-6.9191447e-17
1.8521705e-17
-1.3073133e-16
1.626093e-16
-5.7224593e-17
4.0545609e-18
-7.0259646e-17
1.8544455e-17
-1.307521e-16
1.6107172e-16
-5.6653037e-17
4.0099803e-18
-7.1291193e-17
1.8566188e-17
-1.3075674e-16
1.5955204e-16
-5.6096403e-17
3.9653534e-18
-7.2286914e-17
1.8586989e-17
-1.3074565e-16
1.5805023e-16
-5.5554115e-17
3.9207201e-18
-7.3247623e-17
1.8606938e-17
-1.3071923e-16
1.5656622e-16
-5.5025621e-17
3.8761212e-18
-7.4174116e-17
1.8626109e-17
-1.3067787e-16
1.5509993e-16
-5.451039e-17
3.8315943e-18
-7.5067181e-17
1.8644569e-17
-1.3062197e-16
1.5365128e-16
-5.4007912e-17
3.7871748e-18
-7.5927588e-17
1.8662377e-17
-1.3055189e-16
1.5222015e-16
-5.351769e-17
3.7428957e-18
-7.6756095e-17
1.8679593e-17
-1.30468e-16
1.5080642e-16
-5.3039249e-17
3.6987882e-18
-7.7553448e-17
1.8696265e-17
-1.3037066e-16
1.4940998e-16
-5.257213e-17
3.6548812e-18
-7.832038e-17
1.8712441e-17
-1.3026022e-16
1.4803067e-16
-5.2115889e-17
3.6112001e-18
-7.905761e-17
1.8728164e-17
-1.3013702e-16
1.4666834e-16
-5.16701e-17
3.5677701e-18
-7.9765848e-17
1.8743472e-17
-1.3000141e-16
1.4532284e-16
-5.1234353e-17
3.5246145e-18
-8.0445788e-17
1.87584e-17
-1.298537e-16
1.43994e-16
-5.0808254e-17
3.481754e-18
-8.1098112e-17
1.877298e-17
-1.2969422e-16
1.4268165e-16
-5.0391421e-17
3.4392076e-18
-8.1723492e-17
1.8787239e-17
-1.2952329e-16
1.4138562e-16
-4.998349e-17
3.3969931e-18
-8.2322587e-17
1.8801203e-17
-1.2934121e-16
1.4010571e-16
-4.9584108e-17
3.3551278e-18
-8.2896045e-17
1.8814892e-17
-1.291483e-16
1.3884175e-16
-4.9192938e-17
3.3136261e-18
-8.3444499e-17
1.882833e-17
-1.2894485e-16
1.3759354e-16
-4.8809657e-17
3.2725005e-18
-8.3968575e-17
1.8841532e-17
-1.2873114e-16
1.3636088e-16
-4.8433951e-17
3.231764e-18
-8.4468886e-17
1.8854512e-17
-1.2850747e-16
1.3514358e-16
-4.8065521e-17
3.1914278e-18
-8.4946031e-17
1.8867285e-17
-1.2827412e-16
1.3394145e-16
-4.770408e-17
3.1515014e-18
-8.5400602e-17
1.8879862e-17
-1.2803136e-16
1.3275428e-16
-4.7349353e-17
3.111994e-18
-8.5833175e-17
1.8892252e-17
-1.2777947e-16
1.3158187e-16
-4.7001077e-17
3.0729131e-18
-8.6244322e-17
1.8904464e-17
-1.2751869e-16
1.3042401e-16
-4.6658993e-17
3.0342654e-18
-8.6634597e-17
1.8916502e-17
-1.2724931e-16
1.2928051e-16
-4.6322867e-17
2.9960582e-18
-8.7004548e-17
1.8928373e-17
-1.2697156e-16
1.2815116e-16
-4.5992454e-17
2.9582932e-18
-8.7354709e-17
1.8940079e-17
-1.2668571e-16
1.2703576e-16
-4.5667537e-17
2.9209775e-18
-8.7685608e-17
1.8951625e-17
-1.26392e-16
1.2593411e-16
-4.5347895e-17
2.8841134e-18
-8.7997759e-17
1.8963011e-17
-1.2609065e-16
1.2484601e-16
-4.5033336e-17
2.8477063e-18
-8.8291665e-17
1.8974237e-17
-1.2578192e-16
1.2377124e-16
-4.4723657e-17
2.8117559e-18
-8.8567821e-17
1.8985304e-17
-1.2546603e-16
1.2270962e-16
-4.4418672e-17
2.7762637e-18
-8.8826713e-17
1.8996211e-17
-1.2514321e-16
1.2166095e-16
-4.4118201e-17
2.741231e-18
-8.9068813e-17
1.9006955e-17
-1.2481369e-16
1.2062503e-16
-4.3822072e-17
2.706658e-18
-8.9294588e-17
1.9017536e-17
-1.2447767e-16
1.1960166e-16
-4.3530128e-17
2.6725457e-18
-8.9504493e-17
1.9027949e-17
-1.2413537e-16
1.1859066e-16
-4.3242194e-17
2.6388907e-18
-8.9698974e-17
1.9038191e-17
-1.23787e-16
1.1759182e-16
-4.2958123e-17
2.6056939e-18
-8.9878466e-17
1.9048257e-17
-1.2343277e-16
1.1660497e-16
-4.2677788e-17
2.5729562e-18
-9.0043397e-17
1.9058145e-17
-1.2307288e-16
1.1562991e-16
-4.2401043e-17
2.5406728e-18
-9.0194184e-17
1.906785e-17
-1.2270752e-16
1.1466646e-16
-4.2127756e-17
2.508842e-18
-9.0331236e-17
1.9077367e-17
-1.2233689e-16
1.1371444e-16
-4.1857806e-17
2.4774614e-18
-9.0454954e-17
1.9086689e-17
-1.2196118e-16
1.1277367e-16
-4.1591068e-17
2.4465284e-18
-9.0565728e-17
1.9095813e-17
-1.2158057e-16
1.1184397e-16
-4.1327438e-17
2.4160409e-18
-9.0663941e-17
1.9104733e-17
-1.2119525e-16
1.1092517e-16
-4.1066797e-17
2.3859925e-18
-9.074997e-17
1.9113442e-17
-1.2080538e-16
1.1001709e-16
-4.0809038e-17
2.3563813e-18
-9.0824177e-17
1.9121935e-17
-1.2041116e-16
1.0911957e-16
-4.0554078e-17
2.327207e-18
-9.0886922e-17
1.9130208e-17
-1.2001274e-16
1.0823243e-16
-4.0301814e-17
2.2984625e-18
-9.0938552e-17
1.9138253e-17
-1.1961029e-16
1.0735553e-16
-4.0052162e-17
2.2701431e-18
-9.0979411e-17
1.9146064e-17
-1.1920398e-16
1.0648868e-16
-3.9805034e-17
2.2422452e-18
-9.1009832e-17
1.9153637e-17
-1.1879398e-16
1.0563175e-16
-3.9560351e-17
2.2147648e-18
-9.1030141e-17
1.9160965e-17
-1.1838042e-16
1.0478456e-16
-3.9318044e-17
2.1876981e-18
-9.1040656e-17
1.9168043e-17
-1.1796348e-16
1.0394697e-16
-3.9078023e-17
2.1610376e-18
-9.1041688e-17
1.9174866e-17
-1.175433e-16
1.0311884e-16
-3.8840229e-17
2.1347814e-18
-9.1033542e-17
1.9181426e-17
-1.1712003e-16
1.023e-16
-3.8604586e-17
2.1089234e-18
-9.1016515e-17
1.9187718e-17
-1.1669381e-16
1.0149033e-16
-3.8371053e-17
2.0834615e-18
-9.0990896e-17
1.9193739e-17
-1.1626478e-16
1.0068967e-16
-3.8139561e-17
2.0583878e-18
-9.0956966e-17
1.9199482e-17
-1.1583309e-16
9.9897898e-17
-3.7910054e-17
2.0336979e-18
-9.0915003e-17
1.9204943e-17
-1.1539886e-16
9.911487e-17
-3.7682481e-17
2.0093867e-18
-9.0865275e-17
1.9210117e-17
-1.1496224e-16
9.8340455e-17
-3.7456793e-17
1.9854501e-18
-9.0808046e-17
1.9214997e-17
-1.1452335e-16
9.7574526e-17
-3.7232951e-17
1.9618833e-18
-9.0743569e-17
1.9219582e-17
-1.1408232e-16
9.6816956e-17
-3.7010894e-17
1.9386779e-18
-9.0672098e-17
1.9223866e-17
-1.1363927e-16
9.6067622e-17
-3.6790582e-17
1.9158315e-18
-9.0593875e-17
1.9227845e-17
-1.1319434e-16
9.5326402e-17
-3.6571992e-17
1.8933413e-18
-9.0509135e-17
1.9231515e-17
-1.1274762e-16
9.4593178e-17
-3.6355078e-17
1.8711991e-18
-9.041811e-17
1.9234871e-17
-1.1229926e-16
9.3867835e-17
-3.6139809e-17
1.8494002e-18
-9.0321022e-17
1.9237911e-17
-1.1184934e-16
9.3150259e-17
-3.5926149e-17
1.8279393e-18
-9.0218089e-17
1.924063e-17
-1.11398e-16
9.2440337e-17
-3.5714065e-17
1.8068121e-18
-9.0109519e-17
1.9243024e-17
-1.1094533e-16
9.1737959e-17
-3.5503534e-17
1.786014e-18
-8.9995507e-17
1.924509e-17
-1.1049144e-16
9.1043013e-17
-3.5294507e-17
1.7655362e-18
-8.9876236e-17
1.924682e-17
-1.1003641e-16
9.0355387e-17
-3.5086951e-17
1.7453754e-18
-8.9751868e-17
1.9248207e-17
-1.0958034e-16
8.9674961e-17
-3.4880845e-17
1.7255277e-18
-8.9622526e-17
1.9249239e-17
-1.0912328e-16
8.9001604e-17
-3.4676129e-17
1.7059827e-18
-8.9488277e-17
1.9249897e-17
-1.0866527e-16
8.833516e-17
-3.4472732e-17
1.6867336e-18
-8.9349081e-17
1.9250148e-17
-1.082063e-16
8.7675431e-17
-3.4270549e-17
1.6677681e-18
-8.9204717e-17
1.9249932e-17
-1.0774623e-16
8.7022133e-17
-3.4069403e-17
1.6490684e-18
-8.9054629e-17
1.9249144e-17
-1.0728477e-16
8.6374833e-17
-3.3869004e-17
1.6306099e-18
-8.8897663e-17
1.9247594e-17
-1.0682132e-16
8.5732819e-17
-3.3668804e-17
1.6123455e-18
-8.8731576e-17
1.9244936e-17
-1.0635468e-16
8.509488e-17
-3.3467868e-17
1.5941993e-18
-8.8552169e-17
1.9240539e-17
-1.058826e-16
8.4458902e-17
-3.3264505e-17
1.5760452e-18
-8.8351641e-17
1.9233244e-17
-1.0540089e-16
8.3821123e-17
-3.3055576e-17
1.5576057e-18
-8.8115953e-17
1.9220952e-17
-1.0490199e-16
8.3175249e-17
-3.2836194e-17
1.5386512e-18
-8.7818704e-17
1.9199613e-17
-1.043713e-16
8.2509234e-17
-3.2593845e-17
1.517743e-18
-8.7416437e-17
1.9162374e-17
-1.0378647e-16
8.1811913e-17
-3.2328405e-17
1.4966977e-18
-8.6812866e-17
1.9092533e-17
-1.0308743e-16
8.1035321e-17
-3.1954649e-17
1.4655692e-18
-8.5917787e-17
1.8973625e-17
-1.0226528e-16
8.0315016e-17
-3.176275e-17
1.4473738e-18
-8.4221439e-17
1.8690524e-17
-1.0082336e-16
7.9190243e-17
-3.1036348e-17
1.4797597e-18
-8.2342254e-17
1.836516e-17
-1.0000098e-16
8.0583877e-17
-3.3564841e-17
1.1082163e-18
-7.490721e-17
1.6433273e-17
-9.0619876e-17
7.7544692e-17
-4.9116532e-17
5.9748169e-18
)
;
    }
}


// ************************************************************************* //
