/*--------------------------------*- C++ -*----------------------------------*\
  =========                 |
  \\      /  F ield         | OpenFOAM: The Open Source CFD Toolbox
   \\    /   O peration     | Website:  https://openfoam.org
    \\  /    A nd           | Version:  10
     \\/     M anipulation  |
\*---------------------------------------------------------------------------*/
FoamFile
{
    format      ascii;
    class       volVectorField;
    location    "1300/FLUID";
    object      U;
}
// * * * * * * * * * * * * * * * * * * * * * * * * * * * * * * * * * * * * * //

dimensions      [0 1 -1 0 0 0 0];

internalField   nonuniform List<vector> 
1200
(
(5.0693656 -0.0998559 5.0560845e-18)
(5.2532171 -0.12909333 1.1311265e-17)
(5.48 -0.13069726 4.6797949e-18)
(5.7043365 -0.12590404 -3.047545e-18)
(5.9245505 -0.11555395 -2.3491806e-18)
(6.1375698 -0.10240878 -1.0445947e-18)
(6.3398914 -0.088983319 -9.1974001e-20)
(6.5310844 -0.07625079 4.2407835e-19)
(6.7119525 -0.064600624 7.2037807e-19)
(6.8835655 -0.054186448 9.838628e-19)
(7.0471295 -0.044991126 1.1868621e-18)
(7.2038474 -0.036908901 1.4835957e-18)
(7.3547984 -0.029803613 2.051558e-18)
(7.5009051 -0.023532928 2.5214962e-18)
(7.6429852 -0.017921319 3.0961776e-18)
(7.7819007 -0.012858685 3.8183674e-18)
(7.9181082 -0.0083673732 4.4509021e-18)
(8.051892 -0.0044363383 5.0792292e-18)
(8.1834883 -0.0010298392 5.822331e-18)
(8.3130912 0.001894253 6.5397072e-18)
(8.4408541 0.0043811033 7.2131678e-18)
(8.5668989 0.006476419 8.0435451e-18)
(8.6913235 0.0082242601 8.8537998e-18)
(8.8142074 0.0096658543 9.8321158e-18)
(8.9356165 0.010839113 1.0668853e-17)
(9.0556068 0.011778584 1.1539021e-17)
(9.1742251 0.012514877 1.2465082e-17)
(9.2915112 0.013074686 1.3529904e-17)
(9.4074997 0.013481952 1.4741553e-17)
(9.5222216 0.01375809 1.5805745e-17)
(9.6357046 0.013922005 1.6789439e-17)
(9.7479742 0.013990248 1.7927053e-17)
(9.8590538 0.013977227 1.8793503e-17)
(9.9689652 0.013895434 1.9965642e-17)
(10.077729 0.013755661 2.097198e-17)
(10.185363 0.013567214 2.2002356e-17)
(10.291887 0.013338104 2.3201871e-17)
(10.397317 0.013075226 2.4211174e-17)
(10.501671 0.012784522 2.5351195e-17)
(10.604963 0.012471134 2.629227e-17)
(10.707209 0.012139583 2.7632607e-17)
(10.808424 0.011793856 2.8919642e-17)
(10.908622 0.011438701 3.0206864e-17)
(11.007819 0.011080574 3.1363167e-17)
(11.106029 0.010724224 3.2719434e-17)
(11.203266 0.010370997 3.4129412e-17)
(11.299543 0.010020696 3.5191802e-17)
(11.394873 0.0096727039 3.6554344e-17)
(11.489269 0.0093263957 3.7954768e-17)
(11.582742 0.008981293 3.9331162e-17)
(11.675305 0.0086371007 4.0722008e-17)
(11.766971 0.0082936917 4.2165858e-17)
(11.85775 0.0079510725 4.337645e-17)
(11.947655 0.007609348 4.4821564e-17)
(12.036697 0.0072686916 4.6342623e-17)
(12.124887 0.006929329 4.7978253e-17)
(12.212237 0.0065915193 4.9383584e-17)
(12.298758 0.0062555979 5.0838245e-17)
(12.384461 0.0059215162 5.2433918e-17)
(12.469366 0.0055879602 5.4146802e-17)
(12.553491 0.0052533574 5.5694118e-17)
(12.636847 0.004917403 5.7196782e-17)
(12.719442 0.0045806611 5.848838e-17)
(12.801284 0.004243917 6.0083418e-17)
(12.882385 0.0039079486 6.1618139e-17)
(12.962752 0.0035734659 6.3015194e-17)
(13.042396 0.0032410858 6.4784874e-17)
(13.121325 0.002911328 6.6397409e-17)
(13.199549 0.0025846227 6.8075014e-17)
(13.277075 0.0022613222 6.9682412e-17)
(13.353913 0.0019417135 7.1321935e-17)
(13.430072 0.0016260287 7.2788973e-17)
(13.50556 0.0013144549 7.4477168e-17)
(13.580385 0.0010071423 7.6162573e-17)
(13.654556 0.0007042105 7.7636539e-17)
(13.728081 0.00040575446 7.9364043e-17)
(13.800968 0.00011184838 8.1198381e-17)
(13.873225 -0.00017745046 8.2886176e-17)
(13.94486 -0.00046209891 8.4506839e-17)
(14.015881 -0.00074206559 8.6263402e-17)
(14.086295 -0.001017329 8.7894418e-17)
(14.15611 -0.0012878759 8.9420887e-17)
(14.225334 -0.0015537004 9.1007516e-17)
(14.293973 -0.0018148023 9.2631218e-17)
(14.362036 -0.002071187 9.4144587e-17)
(14.429529 -0.0023228641 9.5662776e-17)
(14.49646 -0.0025698474 9.7287268e-17)
(14.562835 -0.0028121541 9.8719292e-17)
(14.628661 -0.0030498046 1.0027862e-16)
(14.693945 -0.0032828219 1.0199942e-16)
(14.758695 -0.0035112316 1.0381451e-16)
(14.822916 -0.0037350615 1.0552326e-16)
(14.886614 -0.0039543416 1.0718308e-16)
(14.949798 -0.0041691036 1.0888177e-16)
(15.012472 -0.0043793811 1.105621e-16)
(15.074643 -0.0045852091 1.1230024e-16)
(15.136317 -0.0047866242 1.1405803e-16)
(15.197501 -0.0049836646 1.1593809e-16)
(15.2582 -0.0051763694 1.1771974e-16)
(15.31842 -0.0053647791 1.1943738e-16)
(15.378167 -0.0055489355 1.2123153e-16)
(15.437446 -0.0057288812 1.2293138e-16)
(15.496264 -0.0059046598 1.2455608e-16)
(15.554626 -0.0060763162 1.2621939e-16)
(15.612537 -0.0062438956 1.2803096e-16)
(15.670002 -0.0064074445 1.2968041e-16)
(15.727028 -0.00656701 1.3136834e-16)
(15.783618 -0.0067226398 1.3327967e-16)
(15.839779 -0.0068743823 1.3517246e-16)
(15.895515 -0.0070222866 1.3678283e-16)
(15.950832 -0.0071664022 1.3846553e-16)
(16.005734 -0.0073067793 1.40115e-16)
(16.060225 -0.0074434685 1.417238e-16)
(16.114312 -0.0075765205 1.4346491e-16)
(16.167998 -0.0077059869 1.4523287e-16)
(16.221288 -0.0078319191 1.4688501e-16)
(16.274187 -0.0079543692 1.486766e-16)
(16.326699 -0.0080733892 1.5048741e-16)
(16.378828 -0.0081890314 1.5236982e-16)
(16.43058 -0.0083013484 1.5426379e-16)
(16.481957 -0.0084103927 1.5604221e-16)
(16.532964 -0.008516217 1.5792199e-16)
(16.583606 -0.0086188739 1.5971628e-16)
(16.633887 -0.008718416 1.6141782e-16)
(16.683809 -0.0088148961 1.6329515e-16)
(16.733379 -0.0089083666 1.6511699e-16)
(16.782598 -0.0089988799 1.6688347e-16)
(16.831472 -0.0090864884 1.6869882e-16)
(16.880004 -0.0091712442 1.7043663e-16)
(16.928197 -0.009253199 1.7238661e-16)
(16.976056 -0.0093324046 1.741477e-16)
(17.023583 -0.0094089124 1.7606871e-16)
(17.070783 -0.0094827734 1.7803817e-16)
(17.117659 -0.0095540384 1.7988577e-16)
(17.164214 -0.0096227579 1.8178186e-16)
(17.210452 -0.0096889818 1.8352688e-16)
(17.256375 -0.00975276 1.8527619e-16)
(17.301989 -0.0098141415 1.8704456e-16)
(17.347295 -0.0098731754 1.88913e-16)
(17.392296 -0.0099299099 1.9079292e-16)
(17.436997 -0.0099843931 1.9265485e-16)
(17.4814 -0.010036672 1.9454297e-16)
(17.525508 -0.010086794 1.9635436e-16)
(17.569323 -0.010134806 1.9822868e-16)
(17.61285 -0.010180753 2.0001177e-16)
(17.656091 -0.010224681 2.0173316e-16)
(17.699049 -0.010266634 2.0359805e-16)
(17.741727 -0.010306657 2.0541585e-16)
(17.784127 -0.010344794 2.0734021e-16)
(17.826253 -0.010381087 2.0925401e-16)
(17.868106 -0.01041558 2.1117917e-16)
(17.90969 -0.010448314 2.129844e-16)
(17.951008 -0.01047933 2.1473558e-16)
(17.992061 -0.01050867 2.1653478e-16)
(18.032854 -0.010536374 2.1833825e-16)
(18.073387 -0.010562481 2.2007329e-16)
(18.113664 -0.01058703 2.2200155e-16)
(18.153686 -0.010610059 2.2388307e-16)
(18.193458 -0.010631607 2.2579049e-16)
(18.23298 -0.01065171 2.2748465e-16)
(18.272255 -0.010670405 2.2921946e-16)
(18.311287 -0.010687728 2.3104548e-16)
(18.350076 -0.010703714 2.3281792e-16)
(18.388625 -0.010718398 2.344936e-16)
(18.426937 -0.010731814 2.3620264e-16)
(18.465013 -0.010743995 2.3797382e-16)
(18.502857 -0.010754975 2.3994389e-16)
(18.540469 -0.010764786 2.4178841e-16)
(18.577852 -0.01077346 2.4347894e-16)
(18.615009 -0.010781026 2.452674e-16)
(18.651941 -0.010787518 2.4713921e-16)
(18.688651 -0.010792963 2.4883583e-16)
(18.72514 -0.010797392 2.5049394e-16)
(18.76141 -0.010800833 2.5223543e-16)
(18.797464 -0.010803314 2.5411022e-16)
(18.833303 -0.010804864 2.5589626e-16)
(18.86893 -0.010805509 2.5769382e-16)
(18.904345 -0.010805275 2.5938148e-16)
(18.939552 -0.010804187 2.6101659e-16)
(18.974552 -0.010802271 2.6279895e-16)
(19.009346 -0.01079955 2.6445747e-16)
(19.043937 -0.010796045 2.6626298e-16)
(19.078326 -0.010791775 2.6807998e-16)
(19.112516 -0.010786753 2.6980894e-16)
(19.146507 -0.010780986 2.7146429e-16)
(19.180301 -0.010774465 2.7317395e-16)
(19.213901 -0.010767156 2.7481726e-16)
(19.247307 -0.010758978 2.7650774e-16)
(19.28052 -0.010749767 2.7833026e-16)
(19.313543 -0.010739205 2.8010061e-16)
(19.346375 -0.010726701 2.8193909e-16)
(19.379017 -0.010711155 2.8362664e-16)
(19.411465 -0.0106906 2.8540367e-16)
(19.443716 -0.010661288 2.8706558e-16)
(19.475755 -0.010617261 2.8875383e-16)
(19.507582 -0.010544304 2.9037028e-16)
(19.539061 -0.010432766 2.922254e-16)
(19.570508 -0.01019793 2.9395543e-16)
(19.599755 -0.0099836648 2.9579244e-16)
(19.632832 -0.0087906482 2.9754802e-16)
(5.1230162 -0.1930656 2.380674e-19)
(5.3802307 -0.22344506 3.8416136e-19)
(5.6355507 -0.21357132 -2.9668157e-18)
(5.8745278 -0.19559682 -4.901576e-18)
(6.1082073 -0.16874294 -1.1852297e-18)
(6.3322841 -0.13870095 1.4484901e-18)
(6.5441968 -0.10961796 5.3472757e-18)
(6.744691 -0.083019588 8.3971539e-18)
(6.9348919 -0.059583427 5.4508353e-18)
(7.1159579 -0.039555109 7.2111e-18)
(7.2891397 -0.022844989 6.6937443e-18)
(7.4556304 -0.0091700625 2.3334844e-18)
(7.6164703 0.0018442318 2.7067961e-18)
(7.7725655 0.010599864 3.058597e-18)
(7.9248845 0.017433357 3.276786e-18)
(8.0738338 0.022602344 3.4749101e-18)
(8.219755 0.026373178 3.7286854e-18)
(8.3629515 0.029011486 3.9998259e-18)
(8.5036651 0.030744305 4.3121465e-18)
(8.6420859 0.031755686 4.5913015e-18)
(8.7783637 0.032194885 4.9186121e-18)
(8.9126174 0.032182603 5.2556695e-18)
(9.0449427 0.03181583 -1.7653748e-18)
(9.1754186 0.031171704 -1.0898392e-18)
(9.3041124 0.030311198 6.9292354e-18)
(9.4310828 0.029285911 7.3382321e-18)
(9.5563805 0.028138895 7.4949416e-18)
(9.6800506 0.026902957 7.6369042e-18)
(9.8021352 0.025603809 7.8577339e-18)
(9.9226732 0.024262092 8.1142008e-18)
(10.041701 0.022894535 8.3366563e-18)
(10.159252 0.021514753 8.6307095e-18)
(10.275358 0.020133841 8.9051075e-18)
(10.390052 0.018760822 9.2030332e-18)
(10.503361 0.01740301 9.5460445e-18)
(10.615315 0.016066302 9.9053042e-18)
(10.72594 0.014755408 1.0302355e-17)
(10.835263 0.013474062 1.0667627e-17)
(10.943308 0.012225188 1.1052645e-17)
(11.050101 0.011011072 1.1426233e-17)
(11.155663 0.0098334759 1.177163e-17)
(11.260019 0.0086939337 1.2146289e-17)
(11.363194 0.0075922612 1.2544176e-17)
(11.465244 0.0065244927 1.2922573e-17)
(11.566188 0.0054878592 1.332647e-17)
(11.666041 0.0044823474 1.3713469e-17)
(11.764818 0.0035087885 1.4113412e-17)
(11.862537 0.0025679472 1.4513149e-17)
(11.959214 0.0016603479 1.4901357e-17)
(12.054864 0.00078624115 1.5269124e-17)
(12.149505 -5.438816e-05 1.5614202e-17)
(12.24315 -0.00086178683 1.6030266e-17)
(12.335815 -0.0016363914 1.6388855e-17)
(12.427515 -0.0023787877 1.6723832e-17)
(12.518262 -0.0030896747 1.711293e-17)
(12.60807 -0.0037698295 3.0441781e-17)
(12.696954 -0.0044200748 2.9721579e-17)
(12.784925 -0.0050412355 1.6560164e-17)
(12.871996 -0.0056341341 1.7545297e-17)
(12.958174 -0.0061996672 1.8435751e-17)
(13.043467 -0.0067389814 1.9319042e-17)
(13.127887 -0.0072533371 2.0172394e-17)
(13.211446 -0.0077438347 2.0920482e-17)
(13.294158 -0.0082114994 2.1505901e-17)
(13.376032 -0.0086573117 2.2063148e-17)
(13.457081 -0.0090822105 2.2444247e-17)
(13.537315 -0.0094870987 2.2764717e-17)
(13.616747 -0.0098728475 2.3132631e-17)
(13.695386 -0.010240299 2.3459978e-17)
(13.773243 -0.01059027 2.3819463e-17)
(13.850328 -0.010923549 2.4202815e-17)
(13.926653 -0.011240901 2.4600624e-17)
(14.002226 -0.011543066 2.5075914e-17)
(14.077058 -0.01183076 2.5522312e-17)
(14.151158 -0.012104674 2.591892e-17)
(14.224537 -0.012365475 2.6342736e-17)
(14.297203 -0.012613807 2.6826271e-17)
(14.369166 -0.012850291 2.7299619e-17)
(14.440435 -0.013075522 2.7793007e-17)
(14.511019 -0.013290074 2.8276217e-17)
(14.580926 -0.013494498 4.1295943e-17)
(14.650165 -0.013689323 4.1844959e-17)
(14.718745 -0.013875054 3.0174293e-17)
(14.786674 -0.014052176 3.0792394e-17)
(14.853961 -0.014221153 3.1062833e-17)
(14.920612 -0.014382427 3.1427447e-17)
(14.986637 -0.014536422 3.1943647e-17)
(15.052043 -0.01468354 3.2440515e-17)
(15.116837 -0.014824167 3.286976e-17)
(15.181028 -0.014958667 3.328677e-17)
(15.244622 -0.015087389 3.3689285e-17)
(15.307628 -0.015210664 3.4178376e-17)
(15.370051 -0.015328806 3.4707938e-17)
(15.4319 -0.015442113 3.5174722e-17)
(15.49318 -0.015550869 3.5697984e-17)
(15.5539 -0.015655342 3.6277579e-17)
(15.614066 -0.015755784 3.6824207e-17)
(15.673683 -0.015852438 3.7392777e-17)
(15.73276 -0.015945528 3.8010622e-17)
(15.791301 -0.016035271 3.8568172e-17)
(15.849314 -0.016121868 3.9122542e-17)
(15.906805 -0.016205511 3.9694232e-17)
(15.96378 -0.016286379 4.0244539e-17)
(16.020244 -0.016364642 4.0746254e-17)
(16.076203 -0.016440459 4.1260808e-17)
(16.131665 -0.01651398 4.179044e-17)
(16.186633 -0.016585346 4.2344184e-17)
(16.241114 -0.016654689 4.2835927e-17)
(16.295113 -0.016722133 4.3342762e-17)
(16.348636 -0.016787794 4.3805876e-17)
(16.401688 -0.016851781 4.4317998e-17)
(16.454275 -0.016914195 4.487901e-17)
(16.5064 -0.01697513 4.5371526e-17)
(16.558071 -0.017034676 4.5901626e-17)
(16.609291 -0.017092915 4.6347646e-17)
(16.660066 -0.017149923 4.6950499e-17)
(16.7104 -0.017205772 4.7574942e-17)
(16.760298 -0.017260528 4.8171517e-17)
(16.809765 -0.017314253 4.8769471e-17)
(16.858806 -0.017367003 4.9436072e-17)
(16.907425 -0.01741883 4.9989685e-17)
(16.955627 -0.017469784 5.0598486e-17)
(17.003416 -0.017519909 5.1177347e-17)
(17.050797 -0.017569246 5.173752e-17)
(17.097773 -0.017617833 5.2325953e-17)
(17.144349 -0.017665703 5.293589e-17)
(17.19053 -0.01771289 5.352938e-17)
(17.236319 -0.017759421 5.4117606e-17)
(17.281721 -0.017805323 5.4705039e-17)
(17.326739 -0.017850619 5.5300584e-17)
(17.371377 -0.017895331 5.5933122e-17)
(17.41564 -0.017939477 5.6524837e-17)
(17.459531 -0.017983076 5.713797e-17)
(17.503053 -0.018026142 5.773256e-17)
(17.546212 -0.018068689 5.834854e-17)
(17.58901 -0.018110729 5.8970368e-17)
(17.63145 -0.018152272 5.9584761e-17)
(17.673538 -0.018193328 6.0227114e-17)
(17.715275 -0.018233904 6.0811213e-17)
(17.756666 -0.018274007 6.1438738e-17)
(17.797714 -0.018313642 6.2056658e-17)
(17.838422 -0.018352815 6.2673816e-17)
(17.878794 -0.018391528 6.3301232e-17)
(17.918833 -0.018429784 6.3923482e-17)
(17.958542 -0.018467585 6.4544981e-17)
(17.997924 -0.018504932 6.5152552e-17)
(18.036984 -0.018541826 6.5783562e-17)
(18.075722 -0.018578267 6.6387492e-17)
(18.114144 -0.018614254 6.7028002e-17)
(18.152252 -0.018649787 6.7665574e-17)
(18.190048 -0.018684863 6.8243285e-17)
(18.227537 -0.018719481 6.885755e-17)
(18.26472 -0.01875364 6.9468936e-17)
(18.301601 -0.018787335 7.0129897e-17)
(18.338182 -0.018820566 7.0748625e-17)
(18.374467 -0.018853328 7.1390673e-17)
(18.410458 -0.018885619 7.2036375e-17)
(18.446158 -0.018917436 7.2703159e-17)
(18.48157 -0.018948775 7.337139e-17)
(18.516695 -0.018979633 7.3999728e-17)
(18.551538 -0.019010006 7.4686111e-17)
(18.586101 -0.019039891 7.5334815e-17)
(18.620385 -0.019069285 7.5978493e-17)
(18.654395 -0.019098184 7.6630183e-17)
(18.688131 -0.019126584 7.7302885e-17)
(18.721598 -0.019154482 7.7940216e-17)
(18.754797 -0.019181874 7.8581236e-17)
(18.78773 -0.019208758 7.9243255e-17)
(18.820401 -0.019235131 7.9882981e-17)
(18.852811 -0.019260989 8.0552338e-17)
(18.884963 -0.019286329 8.1208071e-17)
(18.916859 -0.019311149 8.1863166e-17)
(18.948502 -0.019335445 8.2530571e-17)
(18.979894 -0.019359217 8.3158528e-17)
(19.011036 -0.01938246 8.3798825e-17)
(19.041932 -0.019405173 8.4447137e-17)
(19.072584 -0.019427354 8.509915e-17)
(19.102993 -0.019449001 8.5763463e-17)
(19.133162 -0.019470111 8.6422868e-17)
(19.163093 -0.019490681 8.7073082e-17)
(19.192788 -0.01951071 8.7731298e-17)
(19.222249 -0.019530191 8.8367477e-17)
(19.251478 -0.019549118 8.9015963e-17)
(19.280478 -0.019567479 8.9689592e-17)
(19.30925 -0.019585252 9.0328375e-17)
(19.337796 -0.019602401 9.0970895e-17)
(19.366118 -0.019618858 9.1608596e-17)
(19.394219 -0.019634499 9.2275687e-17)
(19.422099 -0.019649103 9.2908047e-17)
(19.449761 -0.01966226 9.3578318e-17)
(19.477205 -0.019673227 9.4235245e-17)
(19.504434 -0.019680626 9.48746e-17)
(19.531448 -0.019681973 9.5530526e-17)
(19.558245 -0.019672402 9.616044e-17)
(19.584821 -0.019643945 9.6824034e-17)
(19.611182 -0.019575504 9.7478841e-17)
(19.637245 -0.019451921 9.8141976e-17)
(19.663237 -0.019110589 9.8788918e-17)
(19.687615 -0.018800131 9.9426523e-17)
(19.714428 -0.016112714 1.0010364e-16)
(5.2347903 -0.31074564 2.2938851e-20)
(5.621893 -0.29779989 -1.2145338e-19)
(5.9082691 -0.26368287 -1.0340297e-20)
(6.1634303 -0.23308371 -6.8327489e-20)
(6.413424 -0.19646176 1.2607877e-19)
(6.6496488 -0.16031301 9.2327527e-20)
(6.8715152 -0.12795309 8.7099023e-20)
(7.0813973 -0.099901328 1.8680143e-19)
(7.280821 -0.076223745 3.0485896e-19)
(7.4711693 -0.056719231 3.7644228e-19)
(7.6538596 -0.04096316 4.4806476e-19)
(7.8301536 -0.028436333 5.3581024e-19)
(8.0010834 -0.018606489 5.6869355e-19)
(8.1674462 -0.010968974 6.6919569e-19)
(8.3295707 -0.005101807 7.6141574e-19)
(8.4879421 -0.00067791564 8.5449457e-19)
(8.6430164 0.0025888006 9.6647555e-19)
(8.7950912 0.0049295549 1.1138093e-18)
(8.9443623 0.006540571 1.2394889e-18)
(9.0909817 0.0075841291 1.3313822e-18)
(9.2350729 0.0081885399 1.5075271e-18)
(9.376737 0.0084538341 1.6720227e-18)
(9.5160586 0.0084579976 1.7508074e-18)
(9.6531105 0.0082629173 1.8729485e-18)
(9.7879628 0.0079180177 1.9884211e-18)
(9.9206816 0.0074558324 2.1315986e-18)
(10.051319 0.0068993756 2.3307736e-18)
(10.17992 0.0062702866 2.5708667e-18)
(10.30653 0.0055867567 2.6960684e-18)
(10.431192 0.004863401 2.868059e-18)
(10.553947 0.0041119722 3.0160227e-18)
(10.674836 0.0033419356 3.2039662e-18)
(10.793894 0.0025609152 3.3674023e-18)
(10.911159 0.0017750544 3.5523383e-18)
(11.026665 0.00098930237 3.710741e-18)
(11.140444 0.00020764096 3.8813214e-18)
(11.252528 -0.00056673389 4.0605461e-18)
(11.362948 -0.0013312626 4.2282314e-18)
(11.471734 -0.0020838957 4.4076123e-18)
(11.578913 -0.0028229745 4.5968e-18)
(11.684513 -0.0035471246 4.7835797e-18)
(11.788561 -0.0042550893 4.9763491e-18)
(11.891079 -0.0049456218 5.1209116e-18)
(11.992055 -0.0056189086 5.3091432e-18)
(12.091516 -0.0062773898 5.4495091e-18)
(12.189488 -0.0069218872 -1.9177559e-18)
(12.285999 -0.0075522793 -1.2605538e-18)
(12.381072 -0.0081681932 6.461358e-18)
(12.474733 -0.0087692104 6.279325e-18)
(12.567004 -0.0093549667 6.5147644e-18)
(12.657909 -0.0099252084 6.8499985e-18)
(12.74747 -0.010479807 7.1182659e-18)
(12.835709 -0.01101875 7.274356e-18)
(12.922648 -0.011542127 7.4164972e-18)
(13.008306 -0.012050107 7.5557548e-18)
(13.092706 -0.012542921 7.738167e-18)
(13.175866 -0.01302084 7.9707784e-18)
(13.257807 -0.013484172 8.1489605e-18)
(13.338547 -0.013933147 8.3382439e-18)
(13.418106 -0.014367839 8.5615176e-18)
(13.496501 -0.014788432 8.7517494e-18)
(13.57375 -0.015195405 8.9936563e-18)
(13.649871 -0.015589367 9.1684959e-18)
(13.724882 -0.015970912 9.335038e-18)
(13.798798 -0.016340589 9.5082795e-18)
(13.871637 -0.016698894 9.6664615e-18)
(13.943414 -0.017046273 9.8462968e-18)
(14.014146 -0.017383124 1.0007032e-17)
(14.083848 -0.017709812 1.0169056e-17)
(14.152535 -0.018026667 1.0342979e-17)
(14.220222 -0.018333994 1.0532168e-17)
(14.286924 -0.018632074 1.0712921e-17)
(14.352656 -0.018921171 1.0916568e-17)
(14.417431 -0.019201535 1.1109102e-17)
(14.481263 -0.019473398 1.1345142e-17)
(14.544167 -0.019736983 1.1548484e-17)
(14.606154 -0.019992502 1.1762522e-17)
(14.66724 -0.020240155 1.1985702e-17)
(14.727435 -0.020480135 1.2248181e-17)
(14.786754 -0.020712626 1.246059e-17)
(14.845209 -0.020937807 1.270652e-17)
(14.902811 -0.021155846 1.3045167e-17)
(14.959574 -0.021366906 1.3279937e-17)
(15.015508 -0.021571146 1.3505425e-17)
(15.070626 -0.021768715 1.3761686e-17)
(15.124938 -0.021959761 1.3989737e-17)
(15.178457 -0.022144422 1.4217745e-17)
(15.231192 -0.022322836 1.4428321e-17)
(15.283156 -0.022495133 1.469238e-17)
(15.334359 -0.02266144 1.4941674e-17)
(15.38481 -0.022821879 1.5169552e-17)
(15.434522 -0.022976569 1.5381391e-17)
(15.483503 -0.023125625 1.5611925e-17)
(15.531764 -0.023269158 1.5823775e-17)
(15.579315 -0.023407277 1.6080849e-17)
(15.626165 -0.023540087 1.6327514e-17)
(15.672324 -0.02366769 1.6584699e-17)
(15.717801 -0.023790186 1.6844544e-17)
(15.762606 -0.023907671 1.7098934e-17)
(15.806747 -0.024020241 1.7329626e-17)
(15.850234 -0.024127987 1.7544255e-17)
(15.893075 -0.024231 1.7780093e-17)
(15.935279 -0.024329367 1.8090544e-17)
(15.976855 -0.024423176 1.8403645e-17)
(16.017811 -0.02451251 1.8661046e-17)
(16.058156 -0.024597453 1.8955453e-17)
(16.097896 -0.024678084 1.9210153e-17)
(16.137042 -0.024754485 1.9486141e-17)
(16.175599 -0.024826734 1.9751656e-17)
(16.213577 -0.024894906 2.003559e-17)
(16.250983 -0.024959079 2.0303755e-17)
(16.287824 -0.025019326 2.0598504e-17)
(16.324108 -0.02507572 2.0893398e-17)
(16.359842 -0.025128334 2.1182948e-17)
(16.395033 -0.025177238 2.1480421e-17)
(16.429689 -0.025222504 2.1799252e-17)
(16.463817 -0.025264199 2.2110195e-17)
(16.497423 -0.025302393 2.2341822e-17)
(16.530514 -0.025337151 2.2668727e-17)
(16.563098 -0.025368542 2.2934884e-17)
(16.59518 -0.02539663 2.3206434e-17)
(16.626767 -0.025421479 2.3491399e-17)
(16.657866 -0.025443155 2.3771011e-17)
(16.688483 -0.025461719 2.4079917e-17)
(16.718624 -0.025477235 2.4391568e-17)
(16.748296 -0.025489763 2.470075e-17)
(16.777504 -0.025499366 2.4978151e-17)
(16.806254 -0.025506102 2.5284839e-17)
(16.834553 -0.025510032 2.5583709e-17)
(16.862406 -0.025511213 2.5840453e-17)
(16.889819 -0.025509705 2.6142153e-17)
(16.916797 -0.025505564 2.6444047e-17)
(16.943347 -0.025498846 2.6730208e-17)
(16.969473 -0.025489609 2.7027141e-17)
(16.995182 -0.025477906 2.7358461e-17)
(17.020478 -0.025463794 2.7658256e-17)
(17.045367 -0.025447324 2.7945035e-17)
(17.069854 -0.025428551 2.8245123e-17)
(17.093944 -0.025407528 2.8555933e-17)
(17.117642 -0.025384305 2.8837773e-17)
(17.140954 -0.025358934 2.9143609e-17)
(17.163884 -0.025331467 2.9454889e-17)
(17.186437 -0.025301951 2.9745236e-17)
(17.208618 -0.025270438 3.0067367e-17)
(17.230432 -0.025236975 3.0344785e-17)
(17.251883 -0.02520161 3.0648844e-17)
(17.272976 -0.02516439 3.0950388e-17)
(17.293716 -0.025125361 3.1252067e-17)
(17.314107 -0.025084571 3.151432e-17)
(17.334154 -0.025042063 3.1845469e-17)
(17.35386 -0.024997883 3.2139835e-17)
(17.373231 -0.024952074 3.2407879e-17)
(17.39227 -0.024904679 3.2710506e-17)
(17.410982 -0.024855742 3.2994851e-17)
(17.429371 -0.024805304 3.3250271e-17)
(17.447441 -0.024753405 3.3556077e-17)
(17.465196 -0.024700089 3.3840958e-17)
(17.482641 -0.024645393 3.4120745e-17)
(17.499778 -0.024589357 3.4406043e-17)
(17.516613 -0.024532021 3.4715281e-17)
(17.533148 -0.024473422 3.5006237e-17)
(17.549388 -0.024413598 3.5315933e-17)
(17.565337 -0.024352587 3.5609938e-17)
(17.580998 -0.024290423 3.5872404e-17)
(17.596374 -0.024227144 3.6166795e-17)
(17.61147 -0.024162784 3.6450834e-17)
(17.62629 -0.024097377 3.6732433e-17)
(17.640835 -0.024030959 3.7022197e-17)
(17.655111 -0.023963562 3.733066e-17)
(17.669121 -0.02389522 3.759436e-17)
(17.682867 -0.023825964 3.7882109e-17)
(17.696354 -0.023755828 3.8175349e-17)
(17.709584 -0.023684841 3.8450255e-17)
(17.722561 -0.023613035 3.873863e-17)
(17.735288 -0.02354044 3.9053708e-17)
(17.747769 -0.023467086 3.9318694e-17)
(17.760005 -0.023393002 3.9642152e-17)
(17.772002 -0.023318217 3.9947304e-17)
(17.783761 -0.023242757 4.0284494e-17)
(17.795286 -0.023166651 4.0568899e-17)
(17.806579 -0.023089924 4.0882677e-17)
(17.817644 -0.023012599 4.1199347e-17)
(17.828483 -0.022934699 4.150034e-17)
(17.8391 -0.022856241 4.1820134e-17)
(17.849497 -0.022777233 4.2121583e-17)
(17.859678 -0.022697673 4.2407351e-17)
(17.869644 -0.022617533 4.2717232e-17)
(17.879399 -0.022536743 4.3027344e-17)
(17.888945 -0.022455155 4.3329728e-17)
(17.898286 -0.022372481 4.3629691e-17)
(17.907423 -0.022288174 4.3916615e-17)
(17.916362 -0.022201212 4.4217053e-17)
(17.925104 -0.022109761 4.4512413e-17)
(17.933656 -0.022010207 4.4797402e-17)
(17.942023 -0.02189736 4.5085286e-17)
(17.950221 -0.021755304 4.5392e-17)
(17.958257 -0.021588098 4.5666994e-17)
(17.966224 -0.021244023 4.5963895e-17)
(17.973942 -0.02116216 4.6264057e-17)
(17.980889 -0.018380739 4.6571201e-17)
(5.3533156 -0.37060168 4.1288384e-19)
(5.8593634 -0.27513198 -1.4655078e-18)
(6.1330163 -0.21691138 -2.85925e-18)
(6.374874 -0.18043327 -3.2881533e-19)
(6.615859 -0.14433538 1.6500947e-18)
(6.8411727 -0.11232175 1.3471729e-18)
(7.0525408 -0.085237827 -1.0564393e-18)
(7.2534653 -0.062739421 -2.5829974e-18)
(7.4454568 -0.044658278 3.1893233e-20)
(7.6296793 -0.030658926 -6.5521676e-19)
(7.807209 -0.0202149 -5.4962739e-19)
(7.978893 -0.012717985 1.9747349e-18)
(8.1453554 -0.0075619616 1.9311533e-18)
(8.3070359 -0.0041939658 -6.6127731e-19)
(8.4642356 -0.0021382337 -5.5931375e-19)
(8.617177 -0.0010164373 2.1440446e-18)
(8.7660003 -0.00056883782 -1.3133633e-18)
(8.9108423 -0.00062096329 -5.4316585e-19)
(9.051821 -0.0010343237 3.3280317e-18)
(9.1890307 -0.0016981825 -8.7518722e-19)
(9.3225535 -0.0025297193 -3.1528996e-19)
(9.4524668 -0.0034685809 3.4565368e-18)
(9.5788466 -0.0044708282 3.0204558e-18)
(9.7017686 -0.0055035256 2.9578411e-18)
(9.8213054 -0.0065410431 2.9477094e-18)
(9.9375295 -0.0075694663 2.9311652e-18)
(10.050521 -0.0085837156 2.954882e-18)
(10.160362 -0.0095767886 3.0578521e-18)
(10.267131 -0.010542199 3.167175e-18)
(10.370908 -0.01147501 3.2098119e-18)
(10.471769 -0.012371646 3.2749711e-18)
(10.569791 -0.013229647 3.3203442e-18)
(10.665049 -0.014047452 3.3270835e-18)
(10.757616 -0.014824204 3.5090969e-18)
(10.847564 -0.015559588 3.5879064e-18)
(10.934963 -0.016253708 3.6159239e-18)
(11.01988 -0.016906985 3.6667152e-18)
(11.102383 -0.017520083 3.7116936e-18)
(11.182536 -0.018093841 3.7966894e-18)
(11.260401 -0.018629224 3.9348589e-18)
(11.33604 -0.01912725 4.0640926e-18)
(11.409513 -0.019589114 4.0949616e-18)
(11.480875 -0.020014785 4.1424213e-18)
(11.550182 -0.020403627 4.2145805e-18)
(11.61749 -0.020756978 4.3185338e-18)
(11.682851 -0.021077672 6.8718736e-18)
(11.746316 -0.02136842 8.0419484e-18)
(11.807934 -0.021631492 5.8979455e-18)
(11.867754 -0.021868764 4.7485836e-18)
(11.92582 -0.022081807 4.3562011e-18)
(11.982179 -0.022271985 4.3399789e-18)
(12.036873 -0.022440517 4.4917536e-18)
(12.089945 -0.022588521 4.6906614e-18)
(12.141436 -0.022717048 4.9204943e-18)
(12.191385 -0.022827092 5.1059872e-18)
(12.239833 -0.022919605 5.3815318e-18)
(12.286815 -0.022995502 5.6555813e-18)
(12.33237 -0.023055682 5.7996848e-18)
(12.376532 -0.023101043 5.8666708e-18)
(12.419337 -0.023132436 5.9319409e-18)
(12.460817 -0.023150629 5.9975317e-18)
(12.501006 -0.023156368 6.0593506e-18)
(12.539935 -0.023150383 6.113292e-18)
(12.577636 -0.023133371 6.1552359e-18)
(12.614139 -0.023105992 6.1912971e-18)
(12.649473 -0.023068877 6.2091428e-18)
(12.683666 -0.023022626 6.2518472e-18)
(12.716747 -0.022967817 6.311251e-18)
(12.748742 -0.022904997 6.3853409e-18)
(12.779678 -0.022834694 6.5071153e-18)
(12.80958 -0.022757408 6.6210459e-18)
(12.838474 -0.022673619 6.883985e-18)
(12.866383 -0.022583785 7.1269707e-18)
(12.893331 -0.022488341 7.2961613e-18)
(12.919341 -0.022387701 7.4223806e-18)
(12.944436 -0.022282261 7.6651312e-18)
(12.968638 -0.022172397 7.9023494e-18)
(12.991968 -0.022058463 7.9947827e-18)
(13.014446 -0.021940798 8.0938055e-18)
(13.036093 -0.021819723 8.3306804e-18)
(13.05693 -0.021695541 8.6662837e-18)
(13.076974 -0.021568538 8.8545627e-18)
(13.096245 -0.021438988 8.8949685e-18)
(13.114762 -0.021307145 8.9607087e-18)
(13.132542 -0.021173252 9.0036608e-18)
(13.149603 -0.021037537 9.1034958e-18)
(13.165961 -0.020900215 9.1931756e-18)
(13.181633 -0.020761488 9.2873891e-18)
(13.196637 -0.020621547 9.394581e-18)
(13.210986 -0.020480571 9.5021396e-18)
(13.224698 -0.020338728 9.6016116e-18)
(13.237786 -0.020196174 9.7056569e-18)
(13.250267 -0.020053058 9.8587865e-18)
(13.262153 -0.019909518 9.9636012e-18)
(13.27346 -0.019765682 1.0085763e-17)
(13.2842 -0.019621671 1.0247682e-17)
(13.294388 -0.019477599 1.0513439e-17)
(13.304037 -0.019333569 1.0765058e-17)
(13.313158 -0.01918968 1.0877486e-17)
(13.321766 -0.019046021 1.1133631e-17)
(13.329871 -0.018902677 1.1348762e-17)
(13.337487 -0.018759727 1.1567762e-17)
(13.344624 -0.018617242 1.1797094e-17)
(13.351294 -0.018475288 1.2031418e-17)
(13.357508 -0.018333928 1.2249205e-17)
(13.363277 -0.018193218 1.2459013e-17)
(13.368612 -0.01805321 1.2661885e-17)
(13.373523 -0.017913951 1.2857788e-17)
(13.37802 -0.017775484 1.3023929e-17)
(13.382113 -0.01763785 1.3172113e-17)
(13.385812 -0.017501084 1.3334869e-17)
(13.389126 -0.017365218 1.3499193e-17)
(13.392065 -0.017230282 1.3831883e-17)
(13.394638 -0.017096302 1.3982134e-17)
(13.396853 -0.016963302 1.4137193e-17)
(13.39872 -0.016831302 1.428394e-17)
(13.400246 -0.016700321 1.4416852e-17)
(13.401441 -0.016570374 1.4585283e-17)
(13.402311 -0.016441475 1.4762991e-17)
(13.402866 -0.016313637 1.4887231e-17)
(13.403113 -0.016186869 1.5038288e-17)
(13.403059 -0.016061178 1.518645e-17)
(13.402712 -0.015936573 1.5325062e-17)
(13.402079 -0.015813056 1.5475131e-17)
(13.401167 -0.015690633 1.5625608e-17)
(13.399983 -0.015569305 1.5770934e-17)
(13.398535 -0.015449073 1.5928891e-17)
(13.396828 -0.015329938 1.6088384e-17)
(13.394869 -0.015211897 1.6203654e-17)
(13.392665 -0.015094949 1.6318097e-17)
(13.390221 -0.01497909 1.6433946e-17)
(13.387544 -0.014864318 1.6545597e-17)
(13.38464 -0.014750627 1.6642924e-17)
(13.381515 -0.014638011 1.676634e-17)
(13.378174 -0.014526466 1.6896814e-17)
(13.374622 -0.014415985 1.7100911e-17)
(13.370866 -0.01430656 1.7271658e-17)
(13.36691 -0.014198184 1.75435e-17)
(13.36276 -0.014090849 1.7808137e-17)
(13.358422 -0.013984548 1.8050786e-17)
(13.353899 -0.013879271 1.8161155e-17)
(13.349196 -0.013775009 1.8262666e-17)
(13.34432 -0.013671754 1.835072e-17)
(13.339273 -0.013569496 1.8421833e-17)
(13.334062 -0.013468225 1.8552483e-17)
(13.328689 -0.013367932 1.8691434e-17)
(13.323161 -0.013268607 1.8976229e-17)
(13.31748 -0.013170239 1.9206672e-17)
(13.311651 -0.013072819 1.9267602e-17)
(13.305679 -0.012976337 1.9358534e-17)
(13.299567 -0.012880781 1.9441563e-17)
(13.293319 -0.012786143 1.9542043e-17)
(13.286939 -0.01269241 1.9666983e-17)
(13.28043 -0.012599574 1.9791019e-17)
(13.273798 -0.012507624 2.0046281e-17)
(13.267044 -0.01241655 2.0295198e-17)
(13.260172 -0.012326341 2.0418013e-17)
(13.253187 -0.012236987 2.0509639e-17)
(13.246091 -0.012148478 2.057227e-17)
(13.238887 -0.012060804 2.0647806e-17)
(13.231579 -0.011973956 2.0707076e-17)
(13.22417 -0.011887922 2.0819071e-17)
(13.216663 -0.011802694 2.1122326e-17)
(13.209062 -0.011718262 2.1385223e-17)
(13.201368 -0.011634616 2.1660483e-17)
(13.193585 -0.011551748 2.1732755e-17)
(13.185715 -0.011469646 2.1789781e-17)
(13.177762 -0.011388304 2.1873986e-17)
(13.169728 -0.011307711 2.1968934e-17)
(13.161616 -0.011227859 2.2066382e-17)
(13.153428 -0.011148739 2.2194781e-17)
(13.145167 -0.011070343 2.251209e-17)
(13.136835 -0.010992662 2.2789725e-17)
(13.128435 -0.010915689 2.285974e-17)
(13.119969 -0.010839415 2.2928618e-17)
(13.111439 -0.010763832 2.3022603e-17)
(13.102848 -0.010688932 2.3127457e-17)
(13.094197 -0.010614709 2.3338926e-17)
(13.08549 -0.010541153 2.3555612e-17)
(13.076727 -0.010468258 2.3931067e-17)
(13.067911 -0.010396016 2.4254527e-17)
(13.059045 -0.010324419 2.4374244e-17)
(13.050129 -0.010253456 2.4523033e-17)
(13.041166 -0.010183117 2.4668448e-17)
(13.032158 -0.010113389 2.482617e-17)
(13.023106 -0.010044249 2.4978109e-17)
(13.014013 -0.0099756681 2.5132715e-17)
(13.00488 -0.009907593 2.5451202e-17)
(12.995709 -0.0098399358 2.5753366e-17)
(12.986502 -0.009772541 2.6022128e-17)
(12.977262 -0.0097051343 2.6118644e-17)
(12.96799 -0.0096372214 2.6248144e-17)
(12.95869 -0.0095679856 2.6391234e-17)
(12.949368 -0.0094958057 2.6546742e-17)
(12.940029 -0.009419538 2.6667011e-17)
(12.930683 -0.0093318356 2.6797225e-17)
(12.92136 -0.0092579497 2.709298e-17)
(12.911962 -0.0091120793 2.7378393e-17)
(12.903154 -0.0094094633 2.7451024e-17)
(12.890523 -0.0087962543 2.7360889e-17)
(5.3665374 -0.35950079 1.4738894e-18)
(5.8847493 -0.24362919 2.8420499e-18)
(6.0189272 -0.19651315 2.8348079e-18)
(6.1225089 -0.17017629 2.6920786e-18)
(6.2313131 -0.14468911 -8.1037747e-19)
(6.3280496 -0.12154974 -4.4199007e-18)
(6.4183632 -0.1006084 -5.3659159e-19)
(6.5074201 -0.081966956 3.3644914e-18)
(6.5963869 -0.065992367 4.2654522e-19)
(6.6852582 -0.052806457 1.9035683e-19)
(6.7736003 -0.042279829 -1.029421e-18)
(6.8607259 -0.034119314 -5.2309876e-18)
(6.945907 -0.02794795 -5.4560782e-18)
(7.0284962 -0.023376569 -5.4349194e-19)
(7.1079881 -0.020040058 -1.107786e-18)
(7.1840486 -0.017626192 -5.9024088e-18)
(7.256489 -0.015890606 -1.6887822e-19)
(7.3252282 -0.014646526 1.283772e-19)
(7.3902565 -0.013754164 -3.7253653e-18)
(7.4516138 -0.013109263 1.3619309e-18)
(7.509378 -0.012635245 1.0528537e-19)
(7.563655 -0.012277021 -4.6102287e-18)
(7.6145695 -0.011995681 9.1147406e-19)
(7.6622572 -0.011764703 3.3539183e-19)
(7.706856 -0.011566994 -4.9709445e-18)
(7.7485061 -0.011390111 -4.3299767e-18)
(7.7873507 -0.01122497 -2.9012272e-18)
(7.8235296 -0.011066651 3.0067307e-18)
(7.8571769 -0.010912038 2.0952605e-18)
(7.8884212 -0.010759197 -3.4192317e-18)
(7.9173862 -0.010606967 -1.8701295e-18)
(7.9441902 -0.0104547 -2.2654151e-18)
(7.9689462 -0.010302087 -3.6563246e-18)
(7.9917619 -0.010149032 2.893414e-18)
(8.0127401 -0.0099955766 3.1390814e-18)
(8.0319786 -0.0098418381 -2.8895679e-18)
(8.0495704 -0.009687979 -2.6855684e-18)
(8.0656037 -0.0095341815 -2.1482648e-18)
(8.0801626 -0.0093806322 -1.5022234e-18)
(8.0933269 -0.0092275159 5.1323207e-18)
(8.1051725 -0.0090750166 4.9653811e-18)
(8.115771 -0.0089234816 -1.4262796e-18)
(8.1251896 -0.0087734908 -2.1142695e-18)
(8.1334919 -0.0086250375 -1.7740773e-18)
(8.1407401 -0.0084780703 -2.1310419e-19)
(8.1469935 -0.0083330244 6.6361002e-18)
(8.1523079 -0.0081901621 4.237381e-18)
(8.1567358 -0.008049538 -1.2847014e-18)
(8.1603264 -0.0079111077 1.2292963e-18)
(8.1631263 -0.007774793 1.0041693e-19)
(8.1651796 -0.0076405187 -1.4074284e-18)
(8.1665279 -0.0075082308 -5.9803381e-19)
(8.1672106 -0.0073779008 1.5413681e-18)
(8.1672648 -0.0072495225 1.417456e-18)
(8.1667259 -0.0071231073 1.3161528e-18)
(8.1656271 -0.0069986787 8.2392647e-18)
(8.1640001 -0.0068762677 7.7728327e-18)
(8.1618747 -0.0067559156 3.3041556e-19)
(8.1592789 -0.0066376743 2.1474633e-19)
(8.1562394 -0.0065215652 2.6191541e-20)
(8.1527812 -0.0064075654 2.1522673e-19)
(8.1489281 -0.0062956677 9.9595099e-19)
(8.1447026 -0.0061859012 1.5180853e-18)
(8.140126 -0.0060783077 1.6984882e-18)
(8.1352181 -0.0059729289 1.9462469e-18)
(8.1299981 -0.0058698015 2.2180128e-18)
(8.1244836 -0.0057689533 2.2890793e-18)
(8.1186915 -0.0056704025 2.1831325e-18)
(8.1126377 -0.0055741581 2.1794803e-18)
(8.1063372 -0.0054802208 2.3770726e-18)
(8.099804 -0.0053885842 2.4969683e-18)
(8.0930514 -0.0052992354 1.0200269e-17)
(8.0860921 -0.0052121564 1.0056558e-17)
(8.0789378 -0.0051273246 2.4640793e-18)
(8.0715997 -0.0050447138 2.9559102e-18)
(8.0640882 -0.0049642941 1.0955371e-17)
(8.0564134 -0.0048860334 1.041075e-17)
(8.0485844 -0.0048098969 2.172786e-18)
(8.0406102 -0.004735848 2.4111054e-18)
(8.032499 -0.0046638484 1.0517916e-17)
(8.0242587 -0.0045938584 1.7972617e-17)
(8.0158966 -0.0045258372 8.9119211e-18)
(8.0074197 -0.0044597429 6.6626558e-19)
(7.9988345 -0.0043955332 1.0800724e-18)
(7.9901472 -0.0043331647 1.4073511e-18)
(7.9813637 -0.004272594 1.7142715e-18)
(7.9724894 -0.0042137773 2.0176427e-18)
(7.9635295 -0.0041566705 2.299724e-18)
(7.954489 -0.0041012295 2.6198012e-18)
(7.9453724 -0.0040474104 2.8705752e-18)
(7.9361842 -0.0039951691 3.1027968e-18)
(7.9269285 -0.003944462 3.3487238e-18)
(7.9176091 -0.0038952457 3.5251323e-18)
(7.9082297 -0.0038474772 3.761624e-18)
(7.8987939 -0.0038011138 4.0269997e-18)
(7.889305 -0.0037561136 6.9608534e-18)
(7.879766 -0.0037124349 1.3983319e-17)
(7.87018 -0.0036700368 1.0312503e-17)
(7.8605498 -0.0036288789 2.8591223e-18)
(7.8508779 -0.0035889215 1.2095684e-17)
(7.8411671 -0.0035501256 1.1514897e-17)
(7.8314196 -0.0035124531 1.1052685e-17)
(7.8216377 -0.0034758663 1.3487449e-17)
(7.8118237 -0.0034403286 1.1529595e-17)
(7.8019796 -0.003405804 8.1538072e-18)
(7.7921074 -0.0033722574 9.6478597e-18)
(7.782209 -0.0033396544 1.0184359e-17)
(7.7722861 -0.0033079615 1.035426e-17)
(7.7623405 -0.0032771461 9.6867274e-18)
(7.7523739 -0.0032471763 9.0980166e-18)
(7.7423878 -0.0032180211 8.8579158e-18)
(7.7323838 -0.0031896504 8.8801874e-18)
(7.7223632 -0.0031620348 1.7975355e-17)
(7.7123275 -0.0031351457 8.0597359e-18)
(7.702278 -0.0031089556 8.2105166e-18)
(7.6922161 -0.0030834376 8.7183939e-18)
(7.6821429 -0.0030585656 8.8432874e-18)
(7.6720596 -0.0030343144 8.4057986e-18)
(7.6619674 -0.0030106596 8.4168266e-18)
(7.6518675 -0.0029875774 8.3469846e-18)
(7.6417608 -0.002965045 8.2358376e-18)
(7.6316485 -0.0029430403 8.583062e-18)
(7.6215316 -0.0029215419 8.650118e-18)
(7.611411 -0.002900529 8.7965849e-18)
(7.6012877 -0.0028799818 8.5958971e-18)
(7.5911626 -0.002859881 8.4101711e-18)
(7.5810366 -0.0028402081 9.0773454e-18)
(7.5709107 -0.0028209451 8.9613518e-18)
(7.5607855 -0.0028020749 8.6595154e-18)
(7.5506621 -0.0027835809 8.3880299e-18)
(7.5405411 -0.0027654471 8.3001841e-18)
(7.5304233 -0.0027476581 9.2115204e-18)
(7.5203097 -0.0027301992 8.6792081e-18)
(7.5102008 -0.0027130562 7.4114827e-18)
(7.5000974 -0.0026962155 8.0071272e-18)
(7.4900002 -0.002679664 1.1333156e-17)
(7.47991 -0.0026633892 1.0599641e-17)
(7.4698274 -0.002647379 1.7001173e-17)
(7.4597531 -0.0026316219 1.6656025e-17)
(7.4496878 -0.0026161069 1.6211837e-17)
(7.439632 -0.0026008233 7.8177556e-18)
(7.4295865 -0.002585761 7.5741702e-18)
(7.4195518 -0.0025709104 5.7500259e-18)
(7.4095285 -0.0025562622 6.7473389e-18)
(7.3995173 -0.0025418074 7.3613187e-18)
(7.3895186 -0.0025275377 8.0312383e-18)
(7.3795332 -0.002513445 1.8424671e-17)
(7.3695615 -0.0024995215 1.7344654e-17)
(7.359604 -0.0024857598 6.2407259e-18)
(7.3496614 -0.0024721531 6.5855092e-18)
(7.339734 -0.0024586945 7.0526779e-18)
(7.3298226 -0.0024453776 7.5954073e-18)
(7.3199274 -0.0024321966 1.0605954e-17)
(7.3100492 -0.0024191455 9.2901327e-18)
(7.3001882 -0.0024062189 1.6606867e-17)
(7.290345 -0.0023934117 1.7109685e-17)
(7.2805201 -0.0023807188 8.4876525e-18)
(7.2707139 -0.0023681355 8.9358377e-18)
(7.2609268 -0.0023556575 6.8894537e-18)
(7.2511594 -0.0023432806 6.9414994e-18)
(7.2414119 -0.0023310008 7.3718116e-18)
(7.2316849 -0.0023188143 7.9862414e-18)
(7.2219787 -0.0023067177 1.9093754e-17)
(7.2122937 -0.0022947075 1.8476533e-17)
(7.2026303 -0.0022827808 1.7848916e-17)
(7.192989 -0.0022709344 6.6687369e-18)
(7.18337 -0.0022591657 7.2561075e-18)
(7.1737737 -0.0022474721 7.7231952e-18)
(7.1642004 -0.0022358512 8.1829659e-18)
(7.1546506 -0.0022243008 8.6466634e-18)
(7.1451246 -0.0022128187 9.1468261e-18)
(7.1356226 -0.0022014031 2.0211659e-17)
(7.126145 -0.0021900521 1.9193638e-17)
(7.1166921 -0.0021787641 9.1350843e-18)
(7.1072641 -0.0021675375 8.4073747e-18)
(7.0978614 -0.002156371 6.9100634e-18)
(7.0884843 -0.002145263 8.472874e-18)
(7.079133 -0.0021342125 1.0201737e-17)
(7.0698078 -0.0021232182 1.113973e-17)
(7.0605089 -0.0021122789 2.1316977e-17)
(7.0512365 -0.0021013933 1.9630221e-17)
(7.041991 -0.00209056 7.8125991e-18)
(7.0327725 -0.0020797771 8.5490442e-18)
(7.0235813 -0.0020690421 9.3765137e-18)
(7.0144175 -0.0020583508 9.8354101e-18)
(7.0052815 -0.0020476967 1.0125623e-17)
(6.9961734 -0.0020370681 1.0711357e-17)
(6.9870935 -0.0020264447 2.1778841e-17)
(6.9780423 -0.0020157899 2.0386485e-17)
(6.9690202 -0.0020050375 1.9328703e-17)
(6.9600279 -0.0019940694 8.9315466e-18)
(6.9510667 -0.0019826609 9.6882088e-18)
(6.9421387 -0.0019704799 9.8209465e-18)
(6.9332476 -0.0019565757 1.0894735e-17)
(6.9244002 -0.0019413066 1.0754139e-17)
(6.9155977 -0.0019171525 1.0753342e-17)
(6.9069078 -0.0019120711 2.1793614e-17)
(6.8979805 -0.0018538643 2.034589e-17)
(6.8903357 -0.0020955942 8.410523e-18)
(6.8756461 -0.0033951479 -1.6560041e-18)
(4.8220681 -0.1731251 -3.762582e-19)
(4.7964512 -0.11284332 -2.1381065e-19)
(4.2946045 -0.086574168 1.5167575e-18)
(3.8495968 -0.069442965 2.6753627e-18)
(3.4943159 -0.053677602 -4.7726173e-19)
(3.1942086 -0.04021093 -1.0944814e-18)
(2.9513839 -0.028973587 -1.3341826e-18)
(2.7654194 -0.019978579 -2.9848688e-18)
(2.628641 -0.013141806 -2.2938729e-19)
(2.5319966 -0.008169186 -4.3798986e-19)
(2.4668063 -0.0046881398 -1.8495761e-18)
(2.4252652 -0.002334655 1.168744e-19)
(2.4008529 -0.00079319416 1.6475456e-18)
(2.3884268 0.00018499159 -9.3118392e-19)
(2.3841027 0.00078812225 -7.8533106e-19)
(2.3850775 0.0011512888 1.586326e-18)
(2.3893945 0.0013637397 -1.156342e-18)
(2.3957121 0.0014824195 -4.1107521e-19)
(2.4031204 0.0015417689 1.7640151e-18)
(2.4110055 0.0015636442 -2.0009215e-18)
(2.4189647 0.0015621377 -1.36927e-18)
(2.4267438 0.00154602 1.3518522e-18)
(2.4341898 0.0015206111 -1.1772159e-18)
(2.441216 0.0014889542 -2.5469675e-19)
(2.4477758 0.0014526838 1.8302534e-18)
(2.4538489 0.0014136349 -9.350387e-20)
(2.4594391 0.0013727926 -4.2696252e-19)
(2.4645609 0.0013299368 -2.0385396e-18)
(2.4692309 0.0012851733 -1.2486827e-18)
(2.4734678 0.0012387844 1.8024626e-18)
(2.4772911 0.0011910917 5.6931811e-19)
(2.4807211 0.0011424074 -2.7377101e-20)
(2.4837773 0.0010930175 7.033122e-20)
(2.4864788 0.0010431793 -2.4872203e-18)
(2.4888439 0.00099312291 -9.399702e-19)
(2.49089 0.0009430539 1.5221216e-18)
(2.4926335 0.00089315628 3.7621372e-19)
(2.4940902 0.00084359456 6.387122e-19)
(2.4952749 0.00079451655 2.6620599e-19)
(2.4962016 0.00074605239 -2.2186798e-18)
(2.4968838 0.00069832418 -3.2813222e-19)
(2.4973341 0.00065139129 2.0967502e-18)
(2.4975634 0.00060525882 7.4537583e-19)
(2.4975813 0.00056029995 6.1081782e-20)
(2.4973995 0.00051688673 9.3675935e-19)
(2.4970301 0.00047499009 -1.1965e-18)
(2.4964838 0.00043452118 -4.8700188e-19)
(2.49577 0.00039539547 1.834013e-18)
(2.4948975 0.00035753571 6.6550294e-19)
(2.4938744 0.00032088063 6.4321577e-19)
(2.4927087 0.00028538601 5.2188772e-19)
(2.4914078 0.00025102157 7.3696341e-20)
(2.4899788 0.00021776734 -2.109076e-19)
(2.4884286 0.00018561053 1.127272e-18)
(2.4867638 0.00015454282 2.0188451e-18)
(2.4849907 0.0001245582 -1.9863859e-18)
(2.4831152 9.5651421e-05 -1.2109792e-18)
(2.4811432 6.7814603e-05 2.9002775e-18)
(2.47908 4.103162e-05 1.3180551e-18)
(2.4769307 1.5287705e-05 4.5666577e-19)
(2.4747002 -9.4229021e-06 3.8372607e-19)
(2.4723932 -3.3111988e-05 1.0156198e-19)
(2.4700141 -5.5797675e-05 1.0611383e-18)
(2.4675672 -7.7494176e-05 1.2119745e-18)
(2.4650566 -9.8212367e-05 7.8265773e-20)
(2.4624861 -0.00011796257 5.1315883e-19)
(2.4598593 -0.00013675609 2.6105695e-19)
(2.4571796 -0.00015460604 1.783874e-19)
(2.4544503 -0.0001715277 -2.2354042e-20)
(2.4516745 -0.00018753857 -3.2189244e-19)
(2.4488551 -0.00020265801 7.8241225e-19)
(2.4459947 -0.00021690713 -8.1646379e-19)
(2.4430961 -0.00023030835 1.3227453e-18)
(2.4401616 -0.00024288515 4.0810603e-18)
(2.4371937 -0.00025466181 1.5698763e-18)
(2.4341945 -0.00026566316 -1.1007458e-18)
(2.431166 -0.00027591437 2.0390916e-18)
(2.4281103 -0.00028544085 5.2458489e-18)
(2.4250292 -0.00029426804 1.7728272e-18)
(2.4219244 -0.00030242128 -1.7567617e-18)
(2.4187976 -0.00030992585 -1.184032e-18)
(2.4156503 -0.00031680668 3.8210537e-18)
(2.412484 -0.00032308845 5.4717878e-18)
(2.4093001 -0.00032879544 2.8451608e-18)
(2.4060998 -0.00033395155 6.3840639e-19)
(2.4028843 -0.00033858019 8.3161647e-19)
(2.3996549 -0.00034270428 6.5828063e-19)
(2.3964126 -0.00034634625 -4.4127129e-20)
(2.3931584 -0.00034952798 1.1170439e-18)
(2.3898933 -0.00035227077 7.275192e-19)
(2.3866181 -0.0003545954 8.8774218e-19)
(2.3833338 -0.00035652205 1.1559709e-18)
(2.380041 -0.00035807028 9.5355383e-19)
(2.3767407 -0.00035925913 1.2144862e-18)
(2.3734334 -0.00036010702 3.3053261e-19)
(2.3701198 -0.00036063176 2.6446487e-19)
(2.3668006 -0.00036085058 -7.0742702e-19)
(2.3634764 -0.00036078017 2.054415e-18)
(2.3601476 -0.0003604366 4.2453032e-18)
(2.3568149 -0.00035983538 1.4252977e-19)
(2.3534787 -0.00035899145 1.5199259e-18)
(2.3501396 -0.00035791923 2.1412253e-18)
(2.3467978 -0.00035663253 3.1287418e-18)
(2.3434539 -0.0003551447 3.0208823e-18)
(2.3401082 -0.00035346852 2.8785984e-18)
(2.3367612 -0.00035161625 2.5722383e-18)
(2.3334131 -0.00034959967 2.1099287e-18)
(2.3300644 -0.00034743008 2.5619783e-18)
(2.3267152 -0.00034511827 2.5609549e-18)
(2.323366 -0.00034267461 2.4306929e-18)
(2.320017 -0.00034010895 3.0155721e-18)
(2.3166685 -0.00033743077 2.544037e-18)
(2.3133208 -0.0003346491 1.8010825e-19)
(2.3099741 -0.00033177256 4.6210824e-18)
(2.3066286 -0.00032880933 3.4183543e-18)
(2.3032845 -0.00032576727 2.8303365e-18)
(2.2999422 -0.0003226538 2.3566329e-18)
(2.2966018 -0.00031947604 2.1422201e-18)
(2.2932635 -0.0003162407 2.262499e-18)
(2.2899275 -0.00031295419 2.6819997e-18)
(2.286594 -0.00030962258 2.5134731e-18)
(2.2832631 -0.00030625163 1.7391642e-18)
(2.2799352 -0.0003028468 1.8690227e-18)
(2.2766102 -0.00029941326 2.5093052e-18)
(2.2732885 -0.00029595587 2.333214e-18)
(2.2699701 -0.00029247925 1.9015517e-18)
(2.2666552 -0.00028898778 2.2439799e-18)
(2.2633441 -0.00028548555 3.1638277e-18)
(2.2600367 -0.00028197642 2.6296837e-18)
(2.2567333 -0.00027846404 1.5582777e-18)
(2.2534341 -0.00027495183 1.8989544e-18)
(2.2501391 -0.00027144301 2.1216612e-18)
(2.2468485 -0.0002679406 2.1294144e-18)
(2.2435625 -0.0002644474 2.5811575e-18)
(2.2402811 -0.00026096605 2.4329312e-18)
(2.2370045 -0.000257499 2.3369415e-18)
(2.2337329 -0.00025404858 2.534449e-18)
(2.2304663 -0.00025061691 6.1882818e-19)
(2.2272049 -0.00024720596 2.7405923e-18)
(2.2239488 -0.00024381758 3.6450951e-18)
(2.2206982 -0.00024045349 5.7861761e-18)
(2.2174531 -0.00023711523 3.6639066e-18)
(2.2142137 -0.00023380425 2.6342685e-18)
(2.21098 -0.00023052187 2.1962119e-18)
(2.2077523 -0.00022726933 2.0188283e-18)
(2.2045306 -0.00022404771 2.0995518e-18)
(2.201315 -0.00022085803 6.6083487e-19)
(2.1981057 -0.00021770119 2.8831877e-18)
(2.1949027 -0.00021457801 5.2443197e-18)
(2.1917062 -0.00021148921 3.2947623e-18)
(2.1885162 -0.00020843547 2.5839844e-18)
(2.185333 -0.00020541732 2.3124558e-18)
(2.1821565 -0.0002024353 2.4186625e-18)
(2.1789868 -0.00019948982 2.3060585e-18)
(2.1758242 -0.00019658127 6.0742822e-19)
(2.1726686 -0.00019370993 2.9575307e-18)
(2.1695203 -0.00019087607 6.2876912e-18)
(2.1663792 -0.00018807987 3.8363389e-18)
(2.1632454 -0.00018532149 1.9789989e-18)
(2.1601192 -0.00018260104 2.034434e-18)
(2.1570005 -0.00017991856 2.3982071e-18)
(2.1538894 -0.00017727406 2.3256e-18)
(2.1507861 -0.00017466753 5.6688683e-19)
(2.1476906 -0.00017209892 3.0979926e-18)
(2.144603 -0.00016956812 4.0779665e-18)
(2.1415234 -0.000167075 5.8608707e-18)
(2.1384518 -0.00016461943 3.5640613e-18)
(2.1353885 -0.00016220122 2.8332111e-18)
(2.1323333 -0.00015982017 2.5308874e-18)
(2.1292865 -0.00015747607 3.0217638e-18)
(2.126248 -0.00015516865 2.5472123e-18)
(2.123218 -0.00015289765 3.7469398e-19)
(2.1201966 -0.0001506628 3.2246371e-18)
(2.1171837 -0.00014846378 5.7361527e-18)
(2.1141795 -0.00014630029 3.6242791e-18)
(2.111184 -0.00014417197 2.7994593e-18)
(2.1081972 -0.0001420785 2.5942079e-18)
(2.1052194 -0.00014001951 3.2804166e-18)
(2.1022504 -0.00013799459 3.0856362e-18)
(2.0992903 -0.00013600337 8.3747466e-19)
(2.0963393 -0.00013404541 3.3697898e-18)
(2.0933974 -0.00013212022 5.8276621e-18)
(2.0904645 -0.00013022723 3.7756078e-18)
(2.0875408 -0.00012836582 4.0326491e-18)
(2.0846264 -0.00012653505 2.9175719e-18)
(2.0817212 -0.00012473368 1.8624912e-18)
(2.0788254 -0.00012295976 2.7572653e-18)
(2.075939 -0.00012121007 1.3496055e-18)
(2.0730623 -0.00011947921 3.7124212e-18)
(2.0701955 -0.00011775739 4.5510513e-18)
(2.067339 -0.00011602931 6.7341084e-18)
(2.0644936 -0.00011425784 4.267241e-18)
(2.0616608 -0.00011242777 3.2923678e-18)
(2.0588423 -0.00011029615 3.1777397e-18)
(2.056047 -0.00010842167 2.9495961e-18)
(2.053253 -0.00010425614 2.8481961e-18)
(2.0506113 -0.00010615853 1.2427953e-18)
(2.0474451 -0.00010343398 3.6593119e-18)
(2.0463301 -7.5696573e-05 6.0819062e-18)
(2.0371236 -0.00084156216 5.496445e-18)
)
;

boundaryField
{
    exteriorWall
    {
        type            noSlip;
    }
    inlet
    {
        type            fixedValue;
        value           uniform (5 0 0);
    }
    outlet
    {
        type            zeroGradient;
    }
    walls
    {
        type            noSlip;
    }
    frontAndBack
    {
        type            empty;
    }
    frontAndBack_pos
    {
        type            wedge;
    }
    frontAndBack_neg
    {
        type            wedge;
    }
}


// ************************************************************************* //
