/*--------------------------------*- C++ -*----------------------------------*\
  =========                 |
  \\      /  F ield         | OpenFOAM: The Open Source CFD Toolbox
   \\    /   O peration     | Website:  https://openfoam.org
    \\  /    A nd           | Version:  10
     \\/     M anipulation  |
\*---------------------------------------------------------------------------*/
FoamFile
{
    format      ascii;
    class       surfaceScalarField;
    location    "700/FLUID";
    object      phi;
}
// * * * * * * * * * * * * * * * * * * * * * * * * * * * * * * * * * * * * * //

dimensions      [1 0 -1 0 0 0 0];

internalField   nonuniform List<scalar> 
2194
(
6.9267302e-06
-1.7706219e-07
7.171831e-06
-2.4510072e-07
7.4200988e-06
-2.4826786e-07
7.6557531e-06
-2.3565431e-07
7.8676637e-06
-2.1191057e-07
8.0501401e-06
-1.8247639e-07
8.2026449e-06
-1.5250479e-07
8.3269018e-06
-1.2425691e-07
8.4256127e-06
-9.8710873e-08
8.5018671e-06
-7.6254406e-08
8.5587348e-06
-5.686764e-08
8.599043e-06
-4.0308268e-08
8.6252922e-06
-2.6249201e-08
8.6395992e-06
-1.4306936e-08
8.6436973e-06
-4.0981708e-09
8.6390977e-06
4.5995947e-09
8.6272421e-06
1.1855589e-08
8.6094765e-06
1.7765646e-08
8.5869897e-06
2.248683e-08
8.5608158e-06
2.6173825e-08
8.5318481e-06
2.8967713e-08
8.5008515e-06
3.099665e-08
8.468476e-06
3.2375452e-08
8.4352703e-06
3.3205748e-08
8.4016934e-06
3.3576847e-08
8.3681266e-06
3.3566791e-08
8.3348832e-06
3.3243433e-08
8.3022177e-06
3.2665483e-08
8.2703342e-06
3.1883496e-08
8.2393934e-06
3.0940807e-08
8.209519e-06
2.9874381e-08
8.1808034e-06
2.8715603e-08
8.1533124e-06
2.7490986e-08
8.1270897e-06
2.622277e-08
8.1021603e-06
2.4929397e-08
8.0785351e-06
2.3625187e-08
8.0562124e-06
2.2322737e-08
8.0351789e-06
2.1033483e-08
8.0154132e-06
1.9765627e-08
7.9968879e-06
1.85253e-08
7.9795707e-06
1.7317254e-08
7.9634256e-06
1.6145097e-08
7.9484141e-06
1.5011489e-08
7.9344958e-06
1.3918297e-08
7.9216291e-06
1.2866719e-08
7.9097717e-06
1.1857398e-08
7.8988812e-06
1.0890527e-08
7.8889152e-06
9.9659525e-09
7.8798319e-06
9.0832988e-09
7.8715898e-06
8.2420675e-09
7.8641478e-06
7.4420274e-09
7.8574656e-06
6.6821683e-09
7.8515051e-06
5.9605466e-09
7.84623e-06
5.2751155e-09
7.8416059e-06
4.6240698e-09
7.8376001e-06
4.0057555e-09
7.8341815e-06
3.4186163e-09
7.8313203e-06
2.8611795e-09
7.8289883e-06
2.332044e-09
7.8271584e-06
1.8298646e-09
7.8258051e-06
1.3533405e-09
7.8249039e-06
9.0116159e-10
7.8244319e-06
4.7206068e-10
7.824368e-06
6.3872354e-11
7.8246935e-06
-3.2545218e-10
7.8253901e-06
-6.9661756e-10
7.8264402e-06
-1.0501324e-09
7.8278268e-06
-1.3865822e-09
7.8295334e-06
-1.7065687e-09
7.8315441e-06
-2.0107067e-09
7.8338437e-06
-2.2996289e-09
7.8364177e-06
-2.5739788e-09
7.8392521e-06
-2.8344031e-09
7.8423336e-06
-3.0815444e-09
7.8456497e-06
-3.3160356e-09
7.8491881e-06
-3.5384949e-09
7.8529377e-06
-3.7495232e-09
7.8568874e-06
-3.9497008e-09
7.861027e-06
-4.1395861e-09
7.8653467e-06
-4.3197149e-09
7.8698373e-06
-4.490599e-09
7.87449e-06
-4.6527269e-09
7.8792966e-06
-4.8065635e-09
7.8842491e-06
-4.9525507e-09
7.8893402e-06
-5.0911075e-09
7.8945629e-06
-5.2226313e-09
7.8999103e-06
-5.3474981e-09
7.9053764e-06
-5.4660638e-09
7.9109551e-06
-5.5786646e-09
7.9166407e-06
-5.6856181e-09
7.9224279e-06
-5.7872241e-09
7.9283117e-06
-5.8837655e-09
7.9342872e-06
-5.9755092e-09
7.9403499e-06
-6.0627069e-09
7.9464955e-06
-6.1455958e-09
7.9527199e-06
-6.2243996e-09
7.9590192e-06
-6.2993292e-09
7.9653898e-06
-6.3705831e-09
7.9718282e-06
-6.4383486e-09
7.978331e-06
-6.5028022e-09
7.9848951e-06
-6.5641101e-09
7.9915175e-06
-6.6224291e-09
7.9981954e-06
-6.6779068e-09
8.0049261e-06
-6.7306827e-09
8.011707e-06
-6.7808881e-09
8.0185356e-06
-6.8286468e-09
8.0254097e-06
-6.8740756e-09
8.032327e-06
-6.9172849e-09
8.0392854e-06
-6.9583786e-09
8.0462828e-06
-6.997455e-09
8.0533174e-06
-7.0346069e-09
8.0603873e-06
-7.0699218e-09
8.0674908e-06
-7.1034825e-09
8.0746262e-06
-7.1353673e-09
8.0817918e-06
-7.16565e-09
8.0889862e-06
-7.1944008e-09
8.0962079e-06
-7.2216858e-09
8.1034555e-06
-7.2475676e-09
8.1107276e-06
-7.2721055e-09
8.118023e-06
-7.2953558e-09
8.1253403e-06
-7.3173718e-09
8.1326785e-06
-7.3382038e-09
8.1400364e-06
-7.3578999e-09
8.1474129e-06
-7.3765054e-09
8.154807e-06
-7.3940634e-09
8.1622176e-06
-7.410615e-09
8.1696438e-06
-7.426199e-09
8.1770847e-06
-7.4408524e-09
8.1845393e-06
-7.4546104e-09
8.1920068e-06
-7.4675065e-09
8.1994864e-06
-7.4795725e-09
8.2069772e-06
-7.4908388e-09
8.2144785e-06
-7.5013341e-09
8.2219896e-06
-7.5110861e-09
8.2295097e-06
-7.5201211e-09
8.2370382e-06
-7.528464e-09
8.2445744e-06
-7.5361388e-09
8.2521175e-06
-7.5431684e-09
8.2596671e-06
-7.5495746e-09
8.2672225e-06
-7.5553782e-09
8.2747831e-06
-7.5605992e-09
8.2823483e-06
-7.5652568e-09
8.2899177e-06
-7.5693691e-09
8.2974907e-06
-7.5729537e-09
8.3050667e-06
-7.5760274e-09
8.3126453e-06
-7.5786063e-09
8.320226e-06
-7.5807058e-09
8.3278083e-06
-7.5823407e-09
8.3353919e-06
-7.5835252e-09
8.3429761e-06
-7.5842731e-09
8.3505607e-06
-7.5845974e-09
8.3581452e-06
-7.5845108e-09
8.3657293e-06
-7.5840255e-09
8.3733124e-06
-7.5831531e-09
8.3808943e-06
-7.581905e-09
8.3884746e-06
-7.5802919e-09
8.3960529e-06
-7.5783245e-09
8.403629e-06
-7.5760127e-09
8.4112023e-06
-7.5733664e-09
8.4187727e-06
-7.5703949e-09
8.4263398e-06
-7.5671074e-09
8.4339033e-06
-7.5635126e-09
8.441463e-06
-7.5596192e-09
8.4490184e-06
-7.5554351e-09
8.4565694e-06
-7.5509686e-09
8.4641156e-06
-7.5462271e-09
8.4716568e-06
-7.5412183e-09
8.4791928e-06
-7.5359494e-09
8.4867232e-06
-7.5304273e-09
8.4942479e-06
-7.5246588e-09
8.5017665e-06
-7.5186506e-09
8.5092789e-06
-7.5124089e-09
8.5167849e-06
-7.50594e-09
8.5242841e-06
-7.4992499e-09
8.5317765e-06
-7.4923443e-09
8.5392617e-06
-7.4852288e-09
8.5467396e-06
-7.4779088e-09
8.55421e-06
-7.4703895e-09
8.5616727e-06
-7.462676e-09
8.5691274e-06
-7.4547729e-09
8.5765741e-06
-7.4466846e-09
8.5840125e-06
-7.438415e-09
8.5914425e-06
-7.4299676e-09
8.5988639e-06
-7.4213444e-09
8.6062764e-06
-7.4125458e-09
8.61368e-06
-7.4035692e-09
8.6210744e-06
-7.3944058e-09
8.6284594e-06
-7.3850366e-09
8.6358349e-06
-7.375423e-09
8.6432004e-06
-7.3654908e-09
8.6505555e-06
-7.3550988e-09
8.6578994e-06
-7.3439741e-09
8.6652311e-06
-7.3316144e-09
8.672548e-06
-7.3169348e-09
8.6798462e-06
-7.2982255e-09
8.6871159e-06
-7.2696939e-09
8.6943446e-06
-7.2285969e-09
8.7014662e-06
-7.1216259e-09
8.7084945e-06
-7.0282343e-09
-6.1893999e-09
1.161182e-05
-5.8419726e-07
1.200495e-05
-6.3823024e-07
1.2327851e-05
-5.711688e-07
1.2590488e-05
-4.9829176e-07
1.2790349e-05
-4.1177082e-07
1.2933954e-05
-3.2608189e-07
1.3031469e-05
-2.5001931e-07
1.3092494e-05
-1.8528229e-07
1.312555e-05
-1.3176732e-07
1.3137844e-05
-8.854824e-08
1.3135183e-05
-5.4206223e-08
1.3122075e-05
-2.7200536e-08
1.3101878e-05
-6.0516262e-09
1.3077214e-05
1.0356178e-08
1.3050351e-05
2.2765723e-08
1.3023024e-05
3.1926339e-08
1.2996318e-05
3.8560981e-08
1.2970861e-05
4.3222951e-08
1.2947019e-05
4.6329216e-08
1.2924982e-05
4.821048e-08
1.2904823e-05
4.9127119e-08
1.2886536e-05
4.9283686e-08
1.2870069e-05
4.8841868e-08
1.2855345e-05
4.7930374e-08
1.2842269e-05
4.6652414e-08
1.2830744e-05
4.5091361e-08
1.2820673e-05
4.3315004e-08
1.281196e-05
4.1378756e-08
1.2804515e-05
3.9328089e-08
1.2798255e-05
3.7200401e-08
1.2793103e-05
3.5026482e-08
1.2788987e-05
3.2831658e-08
1.2785841e-05
3.0636729e-08
1.2783606e-05
2.845871e-08
1.2782223e-05
2.6311478e-08
1.2781642e-05
2.420634e-08
1.2781812e-05
2.2153293e-08
1.2782686e-05
2.0158794e-08
1.2784228e-05
1.8224514e-08
1.27864e-05
1.6353282e-08
1.2789169e-05
1.4547654e-08
1.2792505e-05
1.2809427e-08
1.2796377e-05
1.1139644e-08
1.2800756e-05
9.5386596e-09
1.2805617e-05
8.0062384e-09
1.2810933e-05
6.5416509e-09
1.2816679e-05
5.1437564e-09
1.2822834e-05
3.8110803e-09
1.2829376e-05
2.5417479e-09
1.2836284e-05
1.3337357e-09
1.2843544e-05
1.8200919e-10
1.2851145e-05
-9.1857894e-10
1.2859075e-05
-1.9695045e-09
1.2867321e-05
-2.9711584e-09
1.287587e-05
-3.9243032e-09
1.2884705e-05
-4.8300053e-09
1.2893813e-05
-5.6895177e-09
1.2903179e-05
-6.5042497e-09
1.2912787e-05
-7.2757401e-09
1.2922622e-05
-8.0056209e-09
1.2932671e-05
-8.6955788e-09
1.294292e-05
-9.3473024e-09
1.2953354e-05
-9.9624616e-09
1.296396e-05
-1.0542252e-08
1.2974723e-05
-1.1088116e-08
1.2985628e-05
-1.1602259e-08
1.2996665e-05
-1.2086684e-08
1.3007822e-05
-1.2543149e-08
1.3019088e-05
-1.2973263e-08
1.3030456e-05
-1.3378514e-08
1.3041917e-05
-1.3760277e-08
1.3053463e-05
-1.4119837e-08
1.3065087e-05
-1.4458397e-08
1.3076782e-05
-1.477709e-08
1.3088543e-05
-1.5076983e-08
1.3100364e-05
-1.5359086e-08
1.3112239e-05
-1.5624353e-08
1.3124162e-05
-1.5873689e-08
1.3136131e-05
-1.6107951e-08
1.3148139e-05
-1.6327949e-08
1.3160183e-05
-1.6534453e-08
1.3172258e-05
-1.6728191e-08
1.3184362e-05
-1.6909852e-08
1.3196489e-05
-1.7080088e-08
1.3208638e-05
-1.7239516e-08
1.3220804e-05
-1.7388719e-08
1.3232984e-05
-1.7528247e-08
1.3245177e-05
-1.7658621e-08
1.3257379e-05
-1.7780332e-08
1.3269587e-05
-1.7893844e-08
1.3281799e-05
-1.7999594e-08
1.3294014e-05
-1.8097996e-08
1.3306227e-05
-1.8189439e-08
1.3318439e-05
-1.8274289e-08
1.3330646e-05
-1.8352893e-08
1.3342848e-05
-1.8425577e-08
1.3355041e-05
-1.8492649e-08
1.3367225e-05
-1.8554399e-08
1.3379397e-05
-1.8611099e-08
1.3391558e-05
-1.8663009e-08
1.3403704e-05
-1.871037e-08
1.3415835e-05
-1.8753411e-08
1.3427949e-05
-1.879235e-08
1.3440046e-05
-1.8827388e-08
1.3452124e-05
-1.8858719e-08
1.3464182e-05
-1.8886524e-08
1.3476219e-05
-1.8910973e-08
1.3488234e-05
-1.8932228e-08
1.3500226e-05
-1.8950442e-08
1.3512194e-05
-1.8965758e-08
1.3524138e-05
-1.8978312e-08
1.3536056e-05
-1.8988232e-08
1.3547948e-05
-1.8995641e-08
1.3559813e-05
-1.9000652e-08
1.3571651e-05
-1.9003375e-08
1.3583461e-05
-1.9003911e-08
1.3595241e-05
-1.9002359e-08
1.3606993e-05
-1.899881e-08
1.3618714e-05
-1.8993351e-08
1.3630404e-05
-1.8986065e-08
1.3642064e-05
-1.897703e-08
1.3653692e-05
-1.8966321e-08
1.3665288e-05
-1.8954008e-08
1.3676852e-05
-1.8940158e-08
1.3688383e-05
-1.8924835e-08
1.369988e-05
-1.8908099e-08
1.3711344e-05
-1.8890008e-08
1.3722774e-05
-1.8870616e-08
1.3734169e-05
-1.8849975e-08
1.374553e-05
-1.8828135e-08
1.3756855e-05
-1.8805143e-08
1.3768146e-05
-1.8781044e-08
1.37794e-05
-1.8755881e-08
1.3790619e-05
-1.8729695e-08
1.3801801e-05
-1.8702525e-08
1.3812947e-05
-1.8674408e-08
1.3824056e-05
-1.8645381e-08
1.3835129e-05
-1.8615477e-08
1.3846164e-05
-1.8584728e-08
1.3857162e-05
-1.8553168e-08
1.3868122e-05
-1.8520824e-08
1.3879044e-05
-1.8487727e-08
1.3889929e-05
-1.8453903e-08
1.3900775e-05
-1.8419379e-08
1.3911583e-05
-1.8384182e-08
1.3922353e-05
-1.8348334e-08
1.3933084e-05
-1.8311859e-08
1.3943777e-05
-1.8274781e-08
1.395443e-05
-1.8237121e-08
1.3965045e-05
-1.81989e-08
1.397562e-05
-1.8160138e-08
1.3986157e-05
-1.8120855e-08
1.3996654e-05
-1.8081069e-08
1.4007112e-05
-1.8040799e-08
1.401753e-05
-1.8000062e-08
1.4027908e-05
-1.7958875e-08
1.4038247e-05
-1.7917254e-08
1.4048546e-05
-1.7875216e-08
1.4058806e-05
-1.7832775e-08
1.4069025e-05
-1.7789947e-08
1.4079205e-05
-1.7746746e-08
1.4089345e-05
-1.7703186e-08
1.4099444e-05
-1.7659281e-08
1.4109504e-05
-1.7615043e-08
1.4119523e-05
-1.7570486e-08
1.4129503e-05
-1.7525622e-08
1.4139442e-05
-1.7480463e-08
1.4149341e-05
-1.743502e-08
1.41592e-05
-1.7389306e-08
1.4169019e-05
-1.7343331e-08
1.4178797e-05
-1.7297106e-08
1.4188535e-05
-1.7250642e-08
1.4198233e-05
-1.7203948e-08
1.4207891e-05
-1.7157035e-08
1.4217509e-05
-1.7109912e-08
1.4227086e-05
-1.7062588e-08
1.4236623e-05
-1.7015072e-08
1.424612e-05
-1.6967373e-08
1.4255577e-05
-1.69195e-08
1.4264994e-05
-1.6871459e-08
1.427437e-05
-1.6823258e-08
1.4283707e-05
-1.6774905e-08
1.4293003e-05
-1.6726404e-08
1.430226e-05
-1.6677759e-08
1.4311476e-05
-1.6628972e-08
1.4320653e-05
-1.6580039e-08
1.4329789e-05
-1.6530946e-08
1.4338886e-05
-1.6481667e-08
1.4347942e-05
-1.6432145e-08
1.4356959e-05
-1.6382274e-08
1.4365936e-05
-1.6331861e-08
1.4374873e-05
-1.6280542e-08
1.4383769e-05
-1.6227697e-08
1.4392624e-05
-1.6171962e-08
1.4401437e-05
-1.6111795e-08
1.4410206e-05
-1.6038618e-08
1.4418936e-05
-1.595889e-08
1.4427567e-05
-1.5752181e-08
1.4436247e-05
-1.5708385e-08
-1.3426629e-08
1.0264591e-05
-1.0137514e-06
1.0445078e-05
-8.1871738e-07
1.0511161e-05
-6.3725129e-07
1.0523065e-05
-5.1019592e-07
1.0502556e-05
-3.912613e-07
1.0468105e-05
-2.9163112e-07
1.0430086e-05
-2.1200071e-07
1.0393938e-05
-1.4913391e-07
1.0362661e-05
-1.0049082e-07
1.0337764e-05
-6.3651295e-08
1.031982e-05
-3.6262086e-08
1.0308837e-05
-1.621725e-08
1.0304469e-05
-1.683657e-09
1.0306137e-05
8.6876884e-09
1.0313073e-05
1.5830052e-08
1.0324454e-05
2.0545382e-08
1.0339545e-05
2.3469734e-08
1.035769e-05
2.5078077e-08
1.0378306e-05
2.5713392e-08
1.0400888e-05
2.5628985e-08
1.0425002e-05
2.501279e-08
1.0450281e-05
2.4004361e-08
1.0476415e-05
2.2708198e-08
1.0503142e-05
2.1203374e-08
1.0530244e-05
1.9550371e-08
1.0557539e-05
1.7795961e-08
1.0584878e-05
1.5976689e-08
1.0612135e-05
1.4121369e-08
1.063921e-05
1.2252867e-08
1.0666021e-05
1.0389419e-08
1.0692502e-05
8.5456164e-09
1.0718601e-05
6.7332091e-09
1.0744275e-05
4.9618211e-09
1.0769494e-05
3.2401531e-09
1.0794229e-05
1.5766016e-09
1.0818445e-05
-9.5303744e-12
1.0842119e-05
-1.5208834e-09
1.0865253e-05
-2.9751972e-09
1.0887847e-05
-4.3695539e-09
1.0909901e-05
-5.7011796e-09
1.0931418e-05
-6.9689861e-09
1.09524e-05
-8.172743e-09
1.0972853e-05
-9.3128859e-09
1.0992782e-05
-1.0390404e-08
1.1012195e-05
-1.1406703e-08
1.10311e-05
-1.2363495e-08
1.1049506e-05
-1.3262706e-08
1.1067424e-05
-1.4106405e-08
1.1084862e-05
-1.489669e-08
1.1101832e-05
-1.5635676e-08
1.1118337e-05
-1.6322851e-08
1.1134377e-05
-1.6958895e-08
1.1149956e-05
-1.7549041e-08
1.1165083e-05
-1.8097944e-08
1.1179768e-05
-1.8608768e-08
1.1194022e-05
-1.9083839e-08
1.1207857e-05
-1.9525031e-08
1.1221287e-05
-1.9933976e-08
1.1234323e-05
-2.0312182e-08
1.1246979e-05
-2.0661103e-08
1.1259265e-05
-2.098216e-08
1.1271195e-05
-2.1276747e-08
1.1282778e-05
-2.1546251e-08
1.1294028e-05
-2.1791884e-08
1.1304955e-05
-2.2014768e-08
1.1315569e-05
-2.2216199e-08
1.132588e-05
-2.2397508e-08
1.1335896e-05
-2.2559962e-08
1.1345628e-05
-2.2704762e-08
1.1355082e-05
-2.2833035e-08
1.1364268e-05
-2.2945826e-08
1.1373192e-05
-2.304411e-08
1.1381863e-05
-2.3128795e-08
1.1390286e-05
-2.320073e-08
1.139847e-05
-2.3260708e-08
1.140642e-05
-2.3309477e-08
1.1414144e-05
-2.3347736e-08
1.1421646e-05
-2.3376145e-08
1.1428934e-05
-2.3395325e-08
1.1436011e-05
-2.3405861e-08
1.1442885e-05
-2.3408303e-08
1.144956e-05
-2.340317e-08
1.1456041e-05
-2.3390952e-08
1.1462333e-05
-2.3372109e-08
1.1468441e-05
-2.3347074e-08
1.1474369e-05
-2.3316255e-08
1.148012e-05
-2.3280036e-08
1.14857e-05
-2.3238776e-08
1.1491113e-05
-2.3192816e-08
1.1496362e-05
-2.3142474e-08
1.150145e-05
-2.3088049e-08
1.1506382e-05
-2.3029821e-08
1.151116e-05
-2.2968055e-08
1.1515789e-05
-2.2902998e-08
1.1520271e-05
-2.2834882e-08
1.152461e-05
-2.2763925e-08
1.1528807e-05
-2.2690331e-08
1.1532867e-05
-2.2614291e-08
1.1536792e-05
-2.2535985e-08
1.1540585e-05
-2.2455581e-08
1.1544247e-05
-2.2373237e-08
1.1547783e-05
-2.22891e-08
1.1551194e-05
-2.2203308e-08
1.1554483e-05
-2.2115992e-08
1.1557651e-05
-2.2027272e-08
1.1560702e-05
-2.1937263e-08
1.1563637e-05
-2.184607e-08
1.1566459e-05
-2.1753795e-08
1.1569169e-05
-2.1660529e-08
1.1571769e-05
-2.1566361e-08
1.1574262e-05
-2.1471372e-08
1.157665e-05
-2.137564e-08
1.1578933e-05
-2.1279236e-08
1.1581115e-05
-2.1182227e-08
1.1583196e-05
-2.1084677e-08
1.1585179e-05
-2.0986645e-08
1.1587065e-05
-2.0888185e-08
1.1588855e-05
-2.078935e-08
1.1590552e-05
-2.0690189e-08
1.1592157e-05
-2.0590747e-08
1.1593671e-05
-2.0491066e-08
1.1595096e-05
-2.0391186e-08
1.1596433e-05
-2.0291146e-08
1.1597684e-05
-2.0190979e-08
1.159885e-05
-2.0090719e-08
1.1599932e-05
-1.9990398e-08
1.1600932e-05
-1.9890043e-08
1.1601851e-05
-1.9789681e-08
1.160269e-05
-1.968934e-08
1.1603451e-05
-1.9589041e-08
1.1604135e-05
-1.9488809e-08
1.1604743e-05
-1.9388662e-08
1.1605275e-05
-1.9288623e-08
1.1605734e-05
-1.9188708e-08
1.1606121e-05
-1.9088936e-08
1.1606436e-05
-1.8989323e-08
1.160668e-05
-1.8889884e-08
1.1606855e-05
-1.8790634e-08
1.1606962e-05
-1.8691586e-08
1.1607002e-05
-1.8592752e-08
1.1606975e-05
-1.8494146e-08
1.1606883e-05
-1.8395779e-08
1.1606727e-05
-1.829766e-08
1.1606507e-05
-1.81998e-08
1.1606225e-05
-1.8102209e-08
1.1605882e-05
-1.8004895e-08
1.1605478e-05
-1.7907867e-08
1.1605014e-05
-1.7811132e-08
1.1604492e-05
-1.7714699e-08
1.1603912e-05
-1.7618574e-08
1.1603274e-05
-1.7522763e-08
1.1602581e-05
-1.7427274e-08
1.1601832e-05
-1.7332112e-08
1.1601028e-05
-1.7237282e-08
1.1600171e-05
-1.714279e-08
1.1599261e-05
-1.7048641e-08
1.1598298e-05
-1.6954839e-08
1.1597284e-05
-1.686139e-08
1.159622e-05
-1.6768297e-08
1.1595105e-05
-1.6675565e-08
1.1593942e-05
-1.6583197e-08
1.159273e-05
-1.6491196e-08
1.159147e-05
-1.6399567e-08
1.1590164e-05
-1.6308313e-08
1.158881e-05
-1.6217437e-08
1.1587412e-05
-1.6126942e-08
1.1585968e-05
-1.603683e-08
1.158448e-05
-1.5947104e-08
1.1582949e-05
-1.5857768e-08
1.1581374e-05
-1.5768823e-08
1.1579757e-05
-1.5680271e-08
1.1578099e-05
-1.5592115e-08
1.1576399e-05
-1.5504357e-08
1.1574659e-05
-1.5416999e-08
1.1572879e-05
-1.5330041e-08
1.157106e-05
-1.5243487e-08
1.1569202e-05
-1.5157337e-08
1.1567307e-05
-1.5071592e-08
1.1565373e-05
-1.4986254e-08
1.1563403e-05
-1.4901322e-08
1.1561397e-05
-1.4816798e-08
1.1559355e-05
-1.4732682e-08
1.1557277e-05
-1.4648972e-08
1.1555165e-05
-1.4565666e-08
1.1553019e-05
-1.4482761e-08
1.1550839e-05
-1.440025e-08
1.1548626e-05
-1.4318117e-08
1.1546381e-05
-1.423634e-08
1.1544104e-05
-1.4154873e-08
1.1541795e-05
-1.4073639e-08
1.1539456e-05
-1.3992504e-08
1.1537086e-05
-1.3911239e-08
1.1534688e-05
-1.3829543e-08
1.1532263e-05
-1.3746834e-08
1.1529815e-05
-1.3664074e-08
1.1527355e-05
-1.3578342e-08
1.1524919e-05
-1.3522845e-08
1.1522576e-05
-1.3408917e-08
1.1520643e-05
-1.3775893e-08
-1.2153696e-08
7.4522902e-06
-1.1595754e-06
7.3381959e-06
-7.0462308e-07
7.2160736e-06
-5.1512898e-07
7.1111125e-06
-4.0523483e-07
7.0302833e-06
-3.104321e-07
6.973677e-06
-2.350249e-07
6.9369252e-06
-1.7524886e-07
6.9159117e-06
-1.2812041e-07
6.9073396e-06
-9.1918701e-08
6.9085656e-06
-6.4877369e-08
6.917495e-06
-4.519148e-08
6.9324755e-06
-3.119769e-08
6.9522515e-06
-2.145971e-08
6.9757319e-06
-1.4792712e-08
7.0018757e-06
-1.0313761e-08
7.0298388e-06
-7.4176786e-09
7.0589547e-06
-5.6461596e-09
7.0886914e-06
-4.6586594e-09
7.1186201e-06
-4.215299e-09
7.148396e-06
-4.1469054e-09
7.1777431e-06
-4.3342972e-09
7.2064415e-06
-4.6940297e-09
7.2343173e-06
-5.1676096e-09
7.2612345e-06
-5.7138089e-09
7.2870882e-06
-6.3033637e-09
7.3117995e-06
-6.9153248e-09
7.3353107e-06
-7.5345595e-09
7.3575822e-06
-8.1500482e-09
7.3785888e-06
-8.7537218e-09
7.3983178e-06
-9.339658e-09
7.416767e-06
-9.9035132e-09
7.4339423e-06
-1.044209e-08
7.4498571e-06
-1.0953005e-08
7.4645315e-06
-1.1434214e-08
7.4779925e-06
-1.1884414e-08
7.4902886e-06
-1.2305659e-08
7.5014637e-06
-1.2695985e-08
7.5115434e-06
-1.3054919e-08
7.5205601e-06
-1.338619e-08
7.5285497e-06
-1.3690826e-08
7.5355501e-06
-1.3969353e-08
7.5415996e-06
-1.42223e-08
7.546737e-06
-1.4450312e-08
7.5510008e-06
-1.4654184e-08
7.554429e-06
-1.4834831e-08
7.5570587e-06
-1.4993252e-08
7.5589265e-06
-1.5130499e-08
7.5600678e-06
-1.5247659e-08
7.5605169e-06
-1.5345825e-08
7.5603075e-06
-1.5426297e-08
7.5594742e-06
-1.548956e-08
7.5580508e-06
-1.5535499e-08
7.5560671e-06
-1.5565333e-08
7.5535501e-06
-1.5580944e-08
7.5505253e-06
-1.5583906e-08
7.5470168e-06
-1.5575418e-08
7.5430482e-06
-1.5556419e-08
7.5386419e-06
-1.5527685e-08
7.5338196e-06
-1.5489892e-08
7.5286022e-06
-1.5443665e-08
7.5230096e-06
-1.5389599e-08
7.5170612e-06
-1.5328267e-08
7.5107752e-06
-1.5260244e-08
7.5041693e-06
-1.5186044e-08
7.4972607e-06
-1.5106108e-08
7.4900654e-06
-1.502092e-08
7.4825988e-06
-1.493097e-08
7.4748756e-06
-1.4836726e-08
7.4669095e-06
-1.4738636e-08
7.4587136e-06
-1.4637118e-08
7.4503003e-06
-1.4532562e-08
7.4416815e-06
-1.4425329e-08
7.4328685e-06
-1.431575e-08
7.4238719e-06
-1.4204132e-08
7.4147019e-06
-1.4090758e-08
7.4053683e-06
-1.397589e-08
7.3958804e-06
-1.3859772e-08
7.3862468e-06
-1.3742627e-08
7.3764762e-06
-1.3624665e-08
7.3665764e-06
-1.3506078e-08
7.3565551e-06
-1.3387045e-08
7.3464197e-06
-1.326773e-08
7.336177e-06
-1.3148285e-08
7.3258338e-06
-1.3028853e-08
7.3153963e-06
-1.290956e-08
7.3048705e-06
-1.2790527e-08
7.2942624e-06
-1.2671861e-08
7.2835772e-06
-1.2553663e-08
7.2728204e-06
-1.2436023e-08
7.261997e-06
-1.2319024e-08
7.2511117e-06
-1.220274e-08
7.2401691e-06
-1.208724e-08
7.2291736e-06
-1.1972584e-08
7.2181295e-06
-1.1858828e-08
7.2070406e-06
-1.1746019e-08
7.1959109e-06
-1.1634202e-08
7.184744e-06
-1.1523415e-08
7.1735434e-06
-1.1413691e-08
7.1623124e-06
-1.1305059e-08
7.1510544e-06
-1.1197546e-08
7.1397723e-06
-1.1091171e-08
7.1284692e-06
-1.0985953e-08
7.1171478e-06
-1.0881907e-08
7.1058108e-06
-1.0779043e-08
7.0944609e-06
-1.0677372e-08
7.0831006e-06
-1.0576898e-08
7.0717321e-06
-1.0477627e-08
7.0603579e-06
-1.0379559e-08
7.0489801e-06
-1.0282695e-08
7.0376007e-06
-1.0187033e-08
7.0262219e-06
-1.0092569e-08
7.0148456e-06
-9.9992983e-09
7.0034736e-06
-9.9072139e-09
6.9921076e-06
-9.8163084e-09
6.9807495e-06
-9.7265731e-09
6.9694009e-06
-9.6379981e-09
6.9580633e-06
-9.5505728e-09
6.9467382e-06
-9.4642858e-09
6.9354271e-06
-9.3791249e-09
6.9241315e-06
-9.2950773e-09
6.9128525e-06
-9.2121297e-09
6.9015916e-06
-9.1302684e-09
6.89035e-06
-9.0494791e-09
6.8791287e-06
-8.9697474e-09
6.8679291e-06
-8.8910583e-09
6.8567521e-06
-8.813397e-09
6.8455988e-06
-8.7367481e-09
6.8344702e-06
-8.6610962e-09
6.8233673e-06
-8.586426e-09
6.812291e-06
-8.5127218e-09
6.8012421e-06
-8.4399682e-09
6.7902216e-06
-8.3681495e-09
6.7792302e-06
-8.2972504e-09
6.7682688e-06
-8.2272552e-09
6.757338e-06
-8.1581486e-09
6.7464386e-06
-8.0899154e-09
6.7355712e-06
-8.0225404e-09
6.7247366e-06
-7.9560086e-09
6.7139353e-06
-7.890305e-09
6.703168e-06
-7.825415e-09
6.6924352e-06
-7.761324e-09
6.6817374e-06
-7.6980177e-09
6.6710752e-06
-7.635482e-09
6.6604491e-06
-7.573703e-09
6.6498596e-06
-7.512667e-09
6.6393071e-06
-7.4523606e-09
6.628792e-06
-7.3927705e-09
6.6183147e-06
-7.3338838e-09
6.6078757e-06
-7.2756876e-09
6.5974753e-06
-7.2181694e-09
6.5871138e-06
-7.1613169e-09
6.5767917e-06
-7.1051181e-09
6.5665091e-06
-7.0495612e-09
6.5562665e-06
-6.9946347e-09
6.546064e-06
-6.9403271e-09
6.535902e-06
-6.8866274e-09
6.5257807e-06
-6.8335249e-09
6.5157003e-06
-6.781009e-09
6.5056611e-06
-6.7290693e-09
6.4956632e-06
-6.6776958e-09
6.4857069e-06
-6.6268785e-09
6.4757923e-06
-6.576608e-09
6.4659196e-06
-6.5268748e-09
6.456089e-06
-6.4776697e-09
6.4463005e-06
-6.4289839e-09
6.4365544e-06
-6.3808086e-09
6.4268507e-06
-6.3331353e-09
6.4171896e-06
-6.2859559e-09
6.407571e-06
-6.2392621e-09
6.3979953e-06
-6.1930462e-09
6.3884623e-06
-6.1473003e-09
6.3789722e-06
-6.1020171e-09
6.369525e-06
-6.057189e-09
6.3601208e-06
-6.012809e-09
6.3507597e-06
-5.96887e-09
6.3414415e-06
-5.925365e-09
6.3321665e-06
-5.8822872e-09
6.3229345e-06
-5.83963e-09
6.3137457e-06
-5.7973867e-09
6.3045999e-06
-5.7555508e-09
6.2954972e-06
-5.7141156e-09
6.2864376e-06
-5.6730747e-09
6.277421e-06
-5.6324211e-09
6.2684475e-06
-5.5921476e-09
6.259517e-06
-5.5522461e-09
6.2506294e-06
-5.5127067e-09
6.2417848e-06
-5.4735167e-09
6.2329832e-06
-5.4346576e-09
6.2242244e-06
-5.3961012e-09
6.2155085e-06
-5.3578017e-09
6.2068357e-06
-5.3196853e-09
6.1982061e-06
-5.2816241e-09
6.18962e-06
-5.2434886e-09
6.1810781e-06
-5.2048463e-09
6.1725812e-06
-5.1671851e-09
6.164129e-06
-5.1262138e-09
6.1557266e-06
-5.120382e-09
6.1473972e-06
-5.0795224e-09
6.1391413e-06
-5.5200328e-09
-6.4005313e-09
4.7661572e-06
-8.7733466e-07
4.5007611e-06
-4.3922701e-07
4.3110959e-06
-3.2546375e-07
4.1599583e-06
-2.5409714e-07
4.0441699e-06
-1.9464375e-07
3.9566744e-06
-1.4752935e-07
3.8910207e-06
-1.0959517e-07
3.8424664e-06
-7.9566124e-08
3.8071311e-06
-5.6583353e-08
3.781793e-06
-3.9539342e-08
3.7638623e-06
-2.72607e-08
3.7513119e-06
-1.8647315e-08
3.7426144e-06
-1.2762243e-08
3.7366376e-06
-8.8159062e-09
3.7325114e-06
-6.1875571e-09
3.729561e-06
-4.467249e-09
3.7272816e-06
-3.3667713e-09
3.7253037e-06
-2.6807578e-09
3.7233576e-06
-2.269207e-09
3.7212481e-06
-2.0374311e-09
3.7188356e-06
-1.9217546e-09
3.7160215e-06
-1.8799386e-09
3.7127381e-06
-1.8842259e-09
3.7089408e-06
-1.9164775e-09
3.7046023e-06
-1.9648995e-09
3.6997088e-06
-2.0218582e-09
3.6942567e-06
-2.0824343e-09
3.6882501e-06
-2.1434759e-09
3.6816994e-06
-2.2029819e-09
3.6746195e-06
-2.2597008e-09
3.6670288e-06
-2.3128689e-09
3.6589487e-06
-2.3620239e-09
3.6504026e-06
-2.4068926e-09
3.6414156e-06
-2.4472229e-09
3.632014e-06
-2.4827673e-09
3.6222247e-06
-2.5163198e-09
3.6120754e-06
-2.5467338e-09
3.601592e-06
-2.5714982e-09
3.5907981e-06
-2.5923482e-09
3.5797174e-06
-2.6101052e-09
3.5683732e-06
-2.6250776e-09
3.5567883e-06
-2.6374208e-09
3.5449852e-06
-2.6472448e-09
3.5329857e-06
-2.6546576e-09
3.5208106e-06
-2.659778e-09
3.5084801e-06
-2.662734e-09
3.4960133e-06
-2.6636584e-09
3.4834283e-06
-2.6626911e-09
3.4707424e-06
-2.6599584e-09
3.4579719e-06
-2.6557441e-09
3.4451325e-06
-2.6501753e-09
3.4322399e-06
-2.6429103e-09
3.4193085e-06
-2.6338916e-09
3.406351e-06
-2.6234474e-09
3.393379e-06
-2.611884e-09
3.3804029e-06
-2.5994044e-09
3.3674327e-06
-2.5861338e-09
3.3544771e-06
-2.5721482e-09
3.3415447e-06
-2.5574976e-09
3.3286433e-06
-2.5422219e-09
3.31578e-06
-2.5263599e-09
3.3029617e-06
-2.5099505e-09
3.2901945e-06
-2.4930492e-09
3.2774842e-06
-2.4757018e-09
3.264836e-06
-2.4579264e-09
3.2522548e-06
-2.4397589e-09
3.2397451e-06
-2.4212429e-09
3.2273108e-06
-2.4024195e-09
3.2149555e-06
-2.3833303e-09
3.2026824e-06
-2.3640168e-09
3.1904944e-06
-2.3445174e-09
3.1783939e-06
-2.3248674e-09
3.1663832e-06
-2.3050987e-09
3.1544644e-06
-2.2852404e-09
3.1426389e-06
-2.2653188e-09
3.1309084e-06
-2.2453583e-09
3.119274e-06
-2.2253812e-09
3.1077368e-06
-2.2054083e-09
3.0962976e-06
-2.1854587e-09
3.084957e-06
-2.1655501e-09
3.0737157e-06
-2.1456989e-09
3.0625739e-06
-2.1259205e-09
3.0515318e-06
-2.1062287e-09
3.0405896e-06
-2.0866367e-09
3.0297472e-06
-2.0671565e-09
3.0190045e-06
-2.0477988e-09
3.0083612e-06
-2.0285739e-09
2.997817e-06
-2.0094908e-09
2.9873716e-06
-1.9905578e-09
2.9770243e-06
-1.9717826e-09
2.9667747e-06
-1.9531718e-09
2.9566222e-06
-1.9347315e-09
2.9465661e-06
-1.9164672e-09
2.9366057e-06
-1.8983836e-09
2.9267401e-06
-1.8804848e-09
2.9169687e-06
-1.8627744e-09
2.9072905e-06
-1.8452556e-09
2.8977048e-06
-1.827931e-09
2.8882105e-06
-1.8108026e-09
2.8788069e-06
-1.7938722e-09
2.8694928e-06
-1.777141e-09
2.8602675e-06
-1.7606101e-09
2.8511299e-06
-1.7442799e-09
2.842079e-06
-1.7281508e-09
2.8331138e-06
-1.7122226e-09
2.8242334e-06
-1.6964951e-09
2.8154368e-06
-1.6809677e-09
2.8067228e-06
-1.6656396e-09
2.7980906e-06
-1.6505096e-09
2.7895392e-06
-1.6355768e-09
2.7810675e-06
-1.6208395e-09
2.7726745e-06
-1.6062964e-09
2.7643592e-06
-1.5919456e-09
2.7561207e-06
-1.5777853e-09
2.7479579e-06
-1.5638135e-09
2.7398699e-06
-1.5500283e-09
2.7318558e-06
-1.5364273e-09
2.7239145e-06
-1.5230083e-09
2.7160452e-06
-1.509769e-09
2.7082468e-06
-1.496707e-09
2.7005185e-06
-1.4838197e-09
2.6928593e-06
-1.4711049e-09
2.6852684e-06
-1.4585597e-09
2.6777448e-06
-1.4461817e-09
2.6702878e-06
-1.4339682e-09
2.6628963e-06
-1.4219167e-09
2.6555696e-06
-1.4100244e-09
2.6483067e-06
-1.3982888e-09
2.641107e-06
-1.3867072e-09
2.6339696e-06
-1.375277e-09
2.6268936e-06
-1.3639956e-09
2.6198783e-06
-1.3528603e-09
2.6129229e-06
-1.3418685e-09
2.6060267e-06
-1.3310177e-09
2.5991889e-06
-1.3203053e-09
2.5924087e-06
-1.3097288e-09
2.5856854e-06
-1.2992856e-09
2.5790184e-06
-1.2889732e-09
2.5724069e-06
-1.2787892e-09
2.5658502e-06
-1.2687312e-09
2.5593477e-06
-1.2587967e-09
2.5528986e-06
-1.2489833e-09
2.5465024e-06
-1.2392889e-09
2.5401585e-06
-1.229711e-09
2.533866e-06
-1.2202475e-09
2.5276246e-06
-1.2108962e-09
2.5214335e-06
-1.2016549e-09
2.5152921e-06
-1.1925215e-09
2.5091999e-06
-1.183494e-09
2.5031563e-06
-1.1745702e-09
2.4971607e-06
-1.1657484e-09
2.4912126e-06
-1.1570264e-09
2.4853115e-06
-1.1484023e-09
2.4794567e-06
-1.1398744e-09
2.4736478e-06
-1.1314408e-09
2.4678843e-06
-1.1230997e-09
2.4621656e-06
-1.1148495e-09
2.4564913e-06
-1.1066883e-09
2.4508609e-06
-1.0986146e-09
2.4452738e-06
-1.0906269e-09
2.4397296e-06
-1.0827235e-09
2.4342279e-06
-1.0749028e-09
2.4287682e-06
-1.0671636e-09
2.42335e-06
-1.0595042e-09
2.417973e-06
-1.0519234e-09
2.4126366e-06
-1.0444197e-09
2.4073405e-06
-1.0369918e-09
2.4020841e-06
-1.0296385e-09
2.3968672e-06
-1.0223585e-09
2.3916893e-06
-1.0151505e-09
2.3865501e-06
-1.0080135e-09
2.381449e-06
-1.0009461e-09
2.3763857e-06
-9.9394734e-10
2.3713599e-06
-9.8701598e-10
2.3663712e-06
-9.8015094e-10
2.3614192e-06
-9.7335114e-10
2.3565035e-06
-9.666155e-10
2.3516239e-06
-9.599429e-10
2.3467798e-06
-9.5333233e-10
2.341971e-06
-9.4678268e-10
2.3371972e-06
-9.4029285e-10
2.332458e-06
-9.3386177e-10
2.3277531e-06
-9.2748815e-10
2.3230821e-06
-9.2117067e-10
2.3184447e-06
-9.1490761e-10
2.3138407e-06
-9.0869684e-10
2.3092697e-06
-9.0253512e-10
2.3047315e-06
-8.9641771e-10
2.3002257e-06
-8.9033662e-10
2.2957522e-06
-8.8427831e-10
2.2913108e-06
-8.782223e-10
2.2869013e-06
-8.7212076e-10
2.2825238e-06
-8.6597903e-10
2.2781784e-06
-8.5945226e-10
2.2738651e-06
-8.5395857e-10
2.2695835e-06
-8.4456495e-10
2.2653192e-06
-8.5610557e-10
2.2610822e-06
-8.4246571e-10
2.2565264e-06
-9.6424889e-10
-2.2162584e-09
2.4824917e-06
2.0432647e-06
1.7178009e-06
1.4637038e-06
1.26906e-06
1.1215307e-06
1.0119355e-06
9.3236938e-07
8.7578603e-07
8.3624668e-07
8.0898598e-07
7.9033867e-07
7.7757643e-07
7.6876052e-07
7.6257296e-07
7.5810571e-07
7.5473894e-07
7.5205818e-07
7.4978898e-07
7.4775154e-07
7.4582979e-07
7.4394985e-07
7.4206562e-07
7.4014915e-07
7.3818425e-07
7.3616239e-07
7.3407995e-07
7.3193648e-07
7.297335e-07
7.274738e-07
7.2516093e-07
7.227989e-07
7.2039201e-07
7.1794479e-07
7.1546202e-07
7.129457e-07
7.1039897e-07
7.0782747e-07
7.0523512e-07
7.0262502e-07
6.9999994e-07
6.9736252e-07
6.9471528e-07
6.9206062e-07
6.8940084e-07
6.8673811e-07
6.8407445e-07
6.8141176e-07
6.787518e-07
6.7609606e-07
6.7344588e-07
6.7080297e-07
6.6816908e-07
6.6554563e-07
6.6293375e-07
6.6033434e-07
6.5774821e-07
6.5517606e-07
6.5261856e-07
6.5007634e-07
6.4754998e-07
6.4504003e-07
6.4254698e-07
6.4007128e-07
6.3761335e-07
6.3517359e-07
6.3275235e-07
6.3034993e-07
6.279666e-07
6.2560258e-07
6.2325807e-07
6.209332e-07
6.186281e-07
6.1634286e-07
6.1407754e-07
6.1183218e-07
6.096068e-07
6.0740139e-07
6.0521593e-07
6.0305038e-07
6.0090468e-07
5.9877876e-07
5.9667253e-07
5.945859e-07
5.9251874e-07
5.9047094e-07
5.8844237e-07
5.8643288e-07
5.8444232e-07
5.8247054e-07
5.8051736e-07
5.7858263e-07
5.7666617e-07
5.7476778e-07
5.728873e-07
5.7102452e-07
5.6917927e-07
5.6735134e-07
5.6554053e-07
5.6374666e-07
5.6196952e-07
5.6020891e-07
5.5846463e-07
5.5673648e-07
5.5502426e-07
5.5332776e-07
5.516468e-07
5.4998116e-07
5.4833065e-07
5.4669507e-07
5.4507423e-07
5.4346794e-07
5.4187599e-07
5.4029821e-07
5.3873439e-07
5.3718436e-07
5.3564794e-07
5.3412493e-07
5.3261516e-07
5.3111845e-07
5.2963463e-07
5.2816353e-07
5.2670497e-07
5.2525879e-07
5.2382482e-07
5.224029e-07
5.2099288e-07
5.1959459e-07
5.1820788e-07
5.1683261e-07
5.1546861e-07
5.1411575e-07
5.1277388e-07
5.1144286e-07
5.1012256e-07
5.0881283e-07
5.0751354e-07
5.0622457e-07
5.0494578e-07
5.0367705e-07
5.0241825e-07
5.0116927e-07
4.9992998e-07
4.9870027e-07
4.9748002e-07
4.9626912e-07
4.9506747e-07
4.9387495e-07
4.9269145e-07
4.9151688e-07
4.9035113e-07
4.8919411e-07
4.880457e-07
4.8690583e-07
4.8577439e-07
4.8465129e-07
4.8353644e-07
4.8242975e-07
4.8133114e-07
4.8024051e-07
4.7915779e-07
4.7808289e-07
4.7701572e-07
4.7595622e-07
4.749043e-07
4.7385988e-07
4.7282288e-07
4.7179325e-07
4.7077089e-07
4.6975574e-07
4.6874772e-07
4.6774678e-07
4.6675283e-07
4.6576582e-07
4.6478566e-07
4.6381231e-07
4.628457e-07
4.6188575e-07
4.6093242e-07
4.5998564e-07
4.5904535e-07
4.5811148e-07
4.57184e-07
4.5626283e-07
4.5534792e-07
4.5443922e-07
4.5353669e-07
4.5264027e-07
4.5174994e-07
4.5086566e-07
4.4998744e-07
4.4911532e-07
4.4824935e-07
4.473899e-07
4.4653595e-07
4.4569139e-07
4.4483529e-07
4.4399284e-07
4.430286e-07
)
;

boundaryField
{
    exteriorWall
    {
        type            calculated;
        value           uniform 0;
    }
    inlet
    {
        type            calculated;
        value           nonuniform List<scalar> 6(-6.749668e-06 -1.1204685e-05 -9.8350371e-06 -7.3064662e-06 -5.0483979e-06 -3.3598263e-06);
    }
    outlet
    {
        type            calculated;
        value           nonuniform List<scalar> 6(8.7146839e-06 1.4443484e-05 1.151937e-05 6.1333881e-06 2.2523421e-06 4.4081236e-07);
    }
    walls
    {
        type            calculated;
        value           nonuniform List<scalar> 0();
    }
    frontAndBack
    {
        type            empty;
        value           nonuniform List<scalar> 0();
    }
    frontAndBack_pos
    {
        type            wedge;
        value           nonuniform List<scalar> 
1200
(
-1.6753467e-15
4.1288184e-16
-3.47691e-15
7.8080228e-15
-1.3039895e-14
3.0184492e-15
-2.9878045e-15
6.6031966e-16
-4.5646394e-15
8.0328621e-15
-1.2047356e-14
2.5783314e-15
-3.3343779e-15
6.8251344e-16
-4.0848671e-15
5.8415611e-15
-8.2586677e-15
1.630098e-15
-3.3207481e-15
6.4010142e-16
-3.5023784e-15
4.4296888e-15
-6.4024727e-15
1.1770664e-15
-3.1409167e-15
5.6554457e-16
-2.8805512e-15
3.3141354e-15
-5.087378e-15
8.5355541e-16
-2.8601942e-15
4.7440632e-16
-2.2740979e-15
2.3962211e-15
-4.0289355e-15
6.0174044e-16
-2.5436503e-15
3.8189327e-16
-1.7421192e-15
1.6774632e-15
-3.1695235e-15
4.0944553e-16
-2.228413e-15
2.9581803e-16
-1.2973424e-15
1.1266111e-15
-2.4650595e-15
2.6620776e-16
-1.9298322e-15
2.194406e-16
-9.3510871e-16
7.1393542e-16
-1.8955711e-15
1.6402814e-16
-1.6539958e-15
1.5390322e-16
-6.4616466e-16
4.1396255e-16
-1.4466264e-15
9.4360367e-17
-1.4021118e-15
9.9030187e-17
-4.1927735e-16
2.0285906e-16
-1.1016524e-15
4.8799927e-17
-1.1728879e-15
5.3874722e-17
-2.4304751e-16
5.9266673e-17
-8.427094e-16
2.0214727e-17
-9.6441388e-16
1.7139913e-17
-1.0687328e-16
-3.5015126e-17
-6.523309e-16
3.1436742e-18
-7.7371364e-16
-1.2447621e-17
-2.2613416e-18
-9.4206093e-17
-5.1439188e-16
-6.4729037e-18
-5.962301e-16
-3.593262e-17
7.6314945e-17
-1.2869837e-16
-4.1516155e-16
-1.154459e-17
-4.2891641e-16
-5.421101e-17
1.3361016e-16
-1.4601987e-16
-3.4435964e-16
-1.3887066e-17
-2.7343409e-16
-6.8100285e-17
1.7427352e-16
-1.5163874e-16
-2.943906e-16
-1.4640646e-17
-1.3313829e-16
-7.8342482e-17
2.0224964e-16
-1.4936668e-16
-2.5945821e-16
-1.4531352e-17
-9.6199758e-18
-8.5595375e-17
2.2054114e-16
-1.4176667e-16
-2.3521479e-16
-1.3990269e-17
9.7013884e-17
-9.0425312e-17
2.3140863e-16
-1.3057368e-16
-2.184717e-16
-1.3259287e-17
1.873752e-16
-9.3302403e-17
2.3657524e-16
-1.169832e-16
-2.0692538e-16
-1.2467857e-17
2.62491e-16
-9.4611688e-17
2.3735836e-16
-1.018247e-16
-1.9893739e-16
-1.167995e-17
3.236387e-16
-9.4667654e-17
2.3476906e-16
-8.56799e-17
-1.9335685e-16
-1.0923042e-17
3.7221588e-16
-9.3726854e-17
2.2958852e-16
-6.896429e-17
-1.8938226e-16
-1.0205521e-17
4.0964772e-16
-9.1998949e-17
2.2242505e-16
-5.1980832e-17
-1.8645899e-16
-9.5266256e-18
4.3732553e-16
-8.9655742e-17
2.1375628e-16
-3.4955062e-17
-1.8420528e-16
-8.8818488e-18
4.5656663e-16
-8.6838258e-17
2.0396033e-16
-1.8058075e-17
-1.8235963e-16
-8.2657369e-18
4.6859015e-16
-8.3662647e-17
1.9333882e-16
-1.4216163e-18
-1.8074389e-16
-7.6732169e-18
4.7450442e-16
-8.022468e-17
1.8213399e-16
1.4851892e-17
-1.7923755e-16
-7.1001025e-18
4.7530275e-16
-7.6603391e-17
1.7054141e-16
3.0682531e-17
-1.7775995e-16
-6.5432146e-18
4.7186497e-16
-7.2863956e-17
1.5871967e-16
4.6007988e-17
-1.7625792e-16
-6.000305e-18
4.649629e-16
-6.906e-17
1.4679783e-16
6.0779593e-17
-1.7469709e-16
-5.4699453e-18
4.5526826e-16
-6.5235457e-17
1.3488158e-16
7.4958587e-17
-1.7305582e-16
-4.9514354e-18
4.4336214e-16
-6.1425844e-17
1.2305965e-16
8.8509267e-17
-1.7132003e-16
-4.4448609e-18
4.2974479e-16
-5.7659123e-17
1.1140949e-16
1.0139514e-16
-1.6948689e-16
-3.9523277e-18
4.1484598e-16
-5.3953046e-17
1.0003086e-16
1.1353414e-16
-1.6762441e-16
-3.4681048e-18
3.9903551e-16
-5.0324051e-17
8.8959609e-17
1.2486432e-16
-1.6578275e-16
-3.0019747e-18
3.8261898e-16
-4.679161e-17
7.8181858e-17
1.3549319e-16
-1.6392019e-16
-2.5671411e-18
3.6583301e-16
-4.3369447e-17
6.769628e-17
1.4549025e-16
-1.6201784e-16
-2.1561789e-18
3.4886966e-16
-4.0065007e-17
5.7523304e-17
1.5487183e-16
-1.6008216e-16
-1.7624257e-18
3.3189239e-16
-3.6882532e-17
4.7682317e-17
1.6364378e-16
-1.5812086e-16
-1.3837093e-18
3.1503794e-16
-3.3824409e-17
3.8187177e-17
1.7181435e-16
-1.5614036e-16
-1.01981e-18
2.9841763e-16
-3.0891673e-17
2.9046662e-17
1.793958e-16
-1.5414577e-16
-6.7101862e-19
2.8212014e-16
-2.8084282e-17
2.0265096e-17
1.8640426e-16
-1.521414e-16
-3.3757207e-19
2.6621452e-16
-2.540131e-17
1.1843055e-17
1.9285906e-16
-1.5013104e-16
-1.9517748e-20
2.5075325e-16
-2.284109e-17
3.7780559e-18
1.9878177e-16
-1.481181e-16
2.8328871e-19
2.357752e-16
-2.0401336e-17
-3.9347964e-18
2.0419527e-16
-1.4610568e-16
5.7113802e-19
2.2130852e-16
-1.8079255e-17
-1.13024e-17
2.0912318e-16
-1.4409676e-16
8.4443853e-19
2.0737451e-16
-1.5871548e-17
-1.8333478e-17
2.1358885e-16
-1.4209434e-16
1.1035517e-18
1.939908e-16
-1.3774574e-17
-2.5037779e-17
2.1761536e-16
-1.4010432e-16
1.3493305e-18
1.8119281e-16
-1.1781618e-17
-3.1427321e-17
2.2120759e-16
-1.3813309e-16
1.581872e-18
1.690306e-16
-9.8820333e-18
-3.7514512e-17
2.2436257e-16
-1.3618267e-16
1.7990807e-18
1.5752191e-16
-8.0691839e-18
-4.3319809e-17
2.2710319e-16
-1.3425627e-16
1.9997136e-18
1.4664089e-16
-6.3403823e-18
-4.8858768e-17
2.2947127e-16
-1.3235838e-16
2.1847334e-18
1.3634068e-16
-4.6943852e-18
-5.4140826e-17
2.3150783e-16
-1.3049024e-16
2.3559799e-18
1.2657141e-16
-3.1299138e-18
-5.91728e-17
2.3324668e-16
-1.2864969e-16
2.5153316e-18
1.172874e-16
-1.6454593e-18
-6.396088e-17
2.3471491e-16
-1.2683322e-16
2.6644152e-18
1.0844898e-16
-2.390032e-19
-6.8511483e-17
2.3593458e-16
-1.2503732e-16
2.8045048e-18
1.0002237e-16
1.0919282e-18
-7.2831614e-17
2.3692419e-16
-1.2325913e-16
2.9365571e-18
9.1978799e-17
2.3499327e-18
-7.6928907e-17
2.3769985e-16
-1.2149675e-16
3.0612844e-18
8.429326e-17
3.5378305e-18
-8.0811513e-17
2.3827603e-16
-1.1974917e-16
3.1792166e-18
7.6942658e-17
4.6585577e-18
-8.4487825e-17
2.3866605e-16
-1.180161e-16
3.290747e-18
6.990531e-17
5.7150677e-18
-8.796634e-17
2.3888255e-16
-1.1629797e-16
3.3962337e-18
6.3143224e-17
6.7104513e-18
-9.12535e-17
2.3893755e-16
-1.1459519e-16
3.4959743e-18
5.6606189e-17
7.6476059e-18
-9.4355211e-17
2.3884227e-16
-1.1290746e-16
3.5901741e-18
5.0273289e-17
8.5295656e-18
-9.7280555e-17
2.3860733e-16
-1.1123493e-16
3.6790816e-18
4.4143637e-17
9.3592509e-18
-1.0004039e-16
2.3824248e-16
-1.0957863e-16
3.7629113e-18
3.8219934e-17
1.0139462e-17
-1.0264519e-16
2.3775659e-16
-1.0794016e-16
3.8417798e-18
3.2503915e-17
1.087287e-17
-1.0510462e-16
2.3715799e-16
-1.0632136e-16
3.915747e-18
2.6995755e-17
1.156201e-17
-1.0742748e-16
2.3645462e-16
-1.0472407e-16
3.9848514e-18
2.1693885e-17
1.2209281e-17
-1.0962178e-16
2.35654e-16
-1.0314992e-16
4.0491303e-18
1.6595116e-17
1.2816963e-17
-1.1169486e-16
2.3476332e-16
-1.0160029e-16
4.1086343e-18
1.1694949e-17
1.3387222e-17
-1.1365341e-16
2.3378935e-16
-1.000763e-16
4.1634356e-18
6.9879131e-18
1.3922121e-17
-1.1550362e-16
2.3273853e-16
-9.8578818e-17
4.2136165e-18
2.4678522e-18
1.4423624e-17
-1.1725122e-16
2.3161695e-16
-9.7108475e-17
4.2592774e-18
-1.8718188e-18
1.4893598e-17
-1.1890155e-16
2.3043036e-16
-9.5665745e-17
4.3005324e-18
-6.0379272e-18
1.5333823e-17
-1.2045959e-16
2.2918422e-16
-9.4250966e-17
4.3375112e-18
-1.0037385e-17
1.5745992e-17
-1.2193003e-16
2.2788367e-16
-9.2864334e-17
4.3703463e-18
-1.3877082e-17
1.6131715e-17
-1.2331725e-16
2.2653354e-16
-9.1505928e-17
4.399172e-18
-1.7563797e-17
1.6492522e-17
-1.2462539e-16
2.2513842e-16
-9.0175752e-17
4.424134e-18
-2.1104144e-17
1.6829924e-17
-1.2585835e-16
2.2370262e-16
-8.8873746e-17
4.4453786e-18
-2.4504525e-17
1.7145181e-17
-1.270198e-16
2.2223017e-16
-8.759979e-17
4.4630536e-18
-2.7771104e-17
1.7439607e-17
-1.2811322e-16
2.2072489e-16
-8.6353681e-17
4.477299e-18
-3.0909796e-17
1.7714556e-17
-1.2914186e-16
2.1919034e-16
-8.5135178e-17
4.4882598e-18
-3.392625e-17
1.7971141e-17
-1.3010883e-16
2.1762987e-16
-8.3944013e-17
4.4960819e-18
-3.6825857e-17
1.8210472e-17
-1.3101704e-16
2.1604663e-16
-8.2779874e-17
4.5009053e-18
-3.9613738e-17
1.84336e-17
-1.3186925e-16
2.1444354e-16
-8.1642417e-17
4.5028675e-18
-4.2294757e-17
1.8641516e-17
-1.3266805e-16
2.1282336e-16
-8.0531271e-17
4.5021044e-18
-4.487353e-17
1.8835159e-17
-1.334159e-16
2.1118865e-16
-7.9446042e-17
4.4987492e-18
-4.7354428e-17
1.9015408e-17
-1.3411512e-16
2.095418e-16
-7.8386313e-17
4.4929293e-18
-4.9741594e-17
1.91831e-17
-1.3476789e-16
2.0788506e-16
-7.7351649e-17
4.4847705e-18
-5.2038944e-17
1.9339021e-17
-1.3537629e-16
2.0622049e-16
-7.6341602e-17
4.474396e-18
-5.4250182e-17
1.948391e-17
-1.3594227e-16
2.0455004e-16
-7.5355707e-17
4.4619231e-18
-5.6378817e-17
1.9618468e-17
-1.3646767e-16
2.0287551e-16
-7.4393491e-17
4.4474679e-18
-5.8428164e-17
1.9743346e-17
-1.3695424e-16
2.0119856e-16
-7.345447e-17
4.4311404e-18
-6.0401362e-17
1.9859167e-17
-1.3740362e-16
1.9952076e-16
-7.2538153e-17
4.4130494e-18
-6.2301379e-17
1.9966512e-17
-1.3781737e-16
1.9784352e-16
-7.1644036e-17
4.3932975e-18
-6.4131024e-17
2.0065924e-17
-1.3819696e-16
1.9616819e-16
-7.0771634e-17
4.3719877e-18
-6.5892961e-17
2.015792e-17
-1.3854379e-16
1.9449599e-16
-6.9920444e-17
4.3492174e-18
-6.758971e-17
2.0242981e-17
-1.3885918e-16
1.9282805e-16
-6.9089937e-17
4.3250741e-18
-6.9223661e-17
2.0321562e-17
-1.3914437e-16
1.9116543e-16
-6.8279634e-17
4.299654e-18
-7.0797081e-17
2.0394089e-17
-1.3940056e-16
1.8950907e-16
-6.7489022e-17
4.2730415e-18
-7.2312122e-17
2.0460961e-17
-1.3962886e-16
1.8785987e-16
-6.6717599e-17
4.2453195e-18
-7.3770828e-17
2.0522552e-17
-1.3983034e-16
1.8621863e-16
-6.5964867e-17
4.2165679e-18
-7.5175142e-17
2.0579215e-17
-1.4000602e-16
1.8458608e-16
-6.5230329e-17
4.1868634e-18
-7.6526912e-17
2.0631281e-17
-1.4015685e-16
1.8296292e-16
-6.4513496e-17
4.1562797e-18
-7.7827899e-17
2.0679059e-17
-1.4028375e-16
1.8134974e-16
-6.3813882e-17
4.1248875e-18
-7.907978e-17
2.072284e-17
-1.4038759e-16
1.7974712e-16
-6.3131007e-17
4.0927532e-18
-8.0284154e-17
2.0762892e-17
-1.404692e-16
1.7815554e-16
-6.2464398e-17
4.0599418e-18
-8.144255e-17
2.0799473e-17
-1.4052937e-16
1.7657547e-16
-6.1813589e-17
4.0265155e-18
-8.2556425e-17
2.0832821e-17
-1.4056884e-16
1.7500732e-16
-6.1178123e-17
3.9925325e-18
-8.3627179e-17
2.0863157e-17
-1.4058835e-16
1.7345145e-16
-6.0557545e-17
3.9580496e-18
-8.4656147e-17
2.0890693e-17
-1.4058858e-16
1.7190818e-16
-5.9951406e-17
3.9231186e-18
-8.5644606e-17
2.0915621e-17
-1.4057017e-16
1.7037781e-16
-5.9359293e-17
3.8877962e-18
-8.6593789e-17
2.0938126e-17
-1.4053378e-16
1.6886057e-16
-5.8780757e-17
3.8521224e-18
-8.7504875e-17
2.0958376e-17
-1.4047998e-16
1.673567e-16
-5.8215389e-17
3.8161481e-18
-8.8378994e-17
2.0976532e-17
-1.4040937e-16
1.6586638e-16
-5.7662778e-17
3.7799179e-18
-8.9217238e-17
2.0992741e-17
-1.4032249e-16
1.6438977e-16
-5.7122525e-17
3.7434722e-18
-9.0020656e-17
2.1007143e-17
-1.4021988e-16
1.62927e-16
-5.6594239e-17
3.7068511e-18
-9.0790257e-17
2.1019866e-17
-1.4010205e-16
1.6147818e-16
-5.6077541e-17
3.6700919e-18
-9.1527015e-17
2.1031033e-17
-1.3996949e-16
1.600434e-16
-5.5572058e-17
3.6332297e-18
-9.2231872e-17
2.1040754e-17
-1.3982267e-16
1.5862272e-16
-5.5077427e-17
3.5962986e-18
-9.2905732e-17
2.1049134e-17
-1.3966205e-16
1.5721619e-16
-5.4593297e-17
3.5593297e-18
-9.3549476e-17
2.1056271e-17
-1.3948807e-16
1.5582383e-16
-5.4119322e-17
3.5223538e-18
-9.4163952e-17
2.1062256e-17
-1.3930115e-16
1.5444565e-16
-5.3655169e-17
3.4853979e-18
-9.4749977e-17
2.1067173e-17
-1.3910171e-16
1.5308166e-16
-5.3200513e-17
3.4484898e-18
-9.5308351e-17
2.1071099e-17
-1.3889013e-16
1.5173183e-16
-5.2755038e-17
3.411654e-18
-9.5839841e-17
2.1074105e-17
-1.386668e-16
1.5039612e-16
-5.2318437e-17
3.3749137e-18
-9.6345198e-17
2.1076261e-17
-1.384321e-16
1.490745e-16
-5.1890411e-17
3.3382922e-18
-9.6825143e-17
2.1077629e-17
-1.3818637e-16
1.4776691e-16
-5.1470675e-17
3.3018098e-18
-9.7280381e-17
2.1078265e-17
-1.3792997e-16
1.4647328e-16
-5.1058946e-17
3.265484e-18
-9.7711596e-17
2.1078224e-17
-1.3766324e-16
1.4519353e-16
-5.0654951e-17
3.2293338e-18
-9.8119449e-17
2.1077553e-17
-1.373865e-16
1.439276e-16
-5.0258431e-17
3.193378e-18
-9.850459e-17
2.1076298e-17
-1.3710006e-16
1.4267537e-16
-4.9869131e-17
3.1576308e-18
-9.8867643e-17
2.1074503e-17
-1.3680424e-16
1.4143676e-16
-4.9486801e-17
3.1221067e-18
-9.920922e-17
2.1072203e-17
-1.3649933e-16
1.4021167e-16
-4.9111205e-17
3.0868194e-18
-9.9529916e-17
2.1069437e-17
-1.3618563e-16
1.3899997e-16
-4.8742113e-17
3.051781e-18
-9.9830307e-17
2.1066231e-17
-1.3586342e-16
1.3780157e-16
-4.8379293e-17
3.0170026e-18
-1.0011096e-16
2.1062621e-17
-1.3553297e-16
1.3661633e-16
-4.8022546e-17
2.9824979e-18
-1.0037242e-16
2.1058631e-17
-1.3519456e-16
1.3544414e-16
-4.7671657e-17
2.9482734e-18
-1.0061522e-16
2.1054286e-17
-1.3484843e-16
1.3428486e-16
-4.7326431e-17
2.9143399e-18
-1.0083989e-16
2.1049609e-17
-1.3449486e-16
1.3313837e-16
-4.6986659e-17
2.880702e-18
-1.0104694e-16
2.1044621e-17
-1.3413408e-16
1.3200454e-16
-4.6652164e-17
2.8473703e-18
-1.0123685e-16
2.1039339e-17
-1.3376633e-16
1.3088323e-16
-4.6322764e-17
2.8143508e-18
-1.0141012e-16
2.103378e-17
-1.3339186e-16
1.2977431e-16
-4.5998286e-17
2.7816496e-18
-1.0156722e-16
2.102796e-17
-1.3301088e-16
1.2867763e-16
-4.5678565e-17
2.7492722e-18
-1.017086e-16
2.102189e-17
-1.3262364e-16
1.2759306e-16
-4.5363431e-17
2.717222e-18
-1.0183471e-16
2.1015586e-17
-1.3223033e-16
1.2652045e-16
-4.5052746e-17
2.6855061e-18
-1.01946e-16
2.1009054e-17
-1.3183118e-16
1.2545967e-16
-4.4746359e-17
2.6541265e-18
-1.0204289e-16
2.1002307e-17
-1.314264e-16
1.2441058e-16
-4.444411e-17
2.6230832e-18
-1.021258e-16
2.0995352e-17
-1.3101619e-16
1.2337302e-16
-4.4145869e-17
2.5923823e-18
-1.0219514e-16
2.0988197e-17
-1.3060074e-16
1.2234687e-16
-4.3851508e-17
2.5620254e-18
-1.022513e-16
2.0980846e-17
-1.3018026e-16
1.2133197e-16
-4.3560898e-17
2.5320145e-18
-1.0229468e-16
2.0973308e-17
-1.2975493e-16
1.2032819e-16
-4.3273912e-17
2.5023496e-18
-1.0232565e-16
2.0965584e-17
-1.2932493e-16
1.1933539e-16
-4.2990428e-17
2.4730316e-18
-1.0234458e-16
2.095768e-17
-1.2889045e-16
1.1835343e-16
-4.2710351e-17
2.4440647e-18
-1.0235184e-16
2.09496e-17
-1.2845167e-16
1.1738216e-16
-4.2433571e-17
2.4154461e-18
-1.0234778e-16
2.0941343e-17
-1.2800875e-16
1.1642144e-16
-4.2159968e-17
2.3871737e-18
-1.0233275e-16
2.0932914e-17
-1.2756187e-16
1.1547115e-16
-4.1889451e-17
2.35925e-18
-1.0230707e-16
2.0924313e-17
-1.2711119e-16
1.1453114e-16
-4.1621925e-17
2.3316739e-18
-1.0227109e-16
2.0915541e-17
-1.2665687e-16
1.1360129e-16
-4.1357299e-17
2.3044447e-18
-1.0222512e-16
2.0906599e-17
-1.2619907e-16
1.1268144e-16
-4.1095486e-17
2.2775607e-18
-1.0216947e-16
2.0897486e-17
-1.2573796e-16
1.1177148e-16
-4.0836395e-17
2.2510198e-18
-1.0210445e-16
2.0888204e-17
-1.2527366e-16
1.1087128e-16
-4.0579964e-17
2.2248234e-18
-1.0203037e-16
2.087875e-17
-1.2480635e-16
1.099807e-16
-4.0326106e-17
2.198967e-18
-1.0194751e-16
2.0869123e-17
-1.2433615e-16
1.0909961e-16
-4.0074757e-17
2.17345e-18
-1.0185616e-16
2.0859326e-17
-1.2386322e-16
1.082279e-16
-3.982583e-17
2.1482673e-18
-1.017566e-16
2.0849353e-17
-1.2338768e-16
1.0736543e-16
-3.9579266e-17
2.1234196e-18
-1.016491e-16
2.0839204e-17
-1.2290968e-16
1.0651209e-16
-3.9335003e-17
2.0989041e-18
-1.0153392e-16
2.0828878e-17
-1.2242935e-16
1.0566775e-16
-3.9092979e-17
2.074718e-18
-1.0141132e-16
2.0818371e-17
-1.2194682e-16
1.0483229e-16
-3.8853137e-17
2.0508583e-18
-1.0128156e-16
2.0807685e-17
-1.214622e-16
1.040056e-16
-3.8615412e-17
2.0273213e-18
-1.0114488e-16
2.0796814e-17
-1.2097563e-16
1.0318755e-16
-3.8379768e-17
2.0041073e-18
-1.0100152e-16
2.0785757e-17
-1.2048723e-16
1.0237804e-16
-3.814615e-17
1.9812111e-18
-1.0085172e-16
2.0774511e-17
-1.1999711e-16
1.0157696e-16
-3.7914492e-17
1.9586271e-18
-1.006957e-16
2.0763076e-17
-1.1950538e-16
1.0078417e-16
-3.7684754e-17
1.9363551e-18
-1.0053368e-16
2.0751446e-17
-1.1901216e-16
9.999959e-17
-3.7456895e-17
1.9143911e-18
-1.0036589e-16
2.073962e-17
-1.1851756e-16
9.9223092e-17
-3.7230868e-17
1.8927314e-18
-1.0019253e-16
2.0727595e-17
-1.1802167e-16
9.8454571e-17
-3.7006623e-17
1.8713727e-18
-1.000138e-16
2.0715368e-17
-1.1752461e-16
9.7693918e-17
-3.6784115e-17
1.8503104e-18
-9.9829895e-17
2.0702935e-17
-1.1702646e-16
9.6941024e-17
-3.6563317e-17
1.8295435e-18
-9.9641001e-17
2.069029e-17
-1.1652732e-16
9.6195778e-17
-3.6344183e-17
1.8090663e-18
-9.9447292e-17
2.0677432e-17
-1.1602728e-16
9.5458069e-17
-3.6126654e-17
1.788872e-18
-9.9248916e-17
2.066435e-17
-1.1552641e-16
9.4727778e-17
-3.591069e-17
1.7689596e-18
-9.9046001e-17
2.0651035e-17
-1.1502476e-16
9.4004778e-17
-3.5696233e-17
1.7493218e-18
-9.8838613e-17
2.0637469e-17
-1.1452239e-16
9.3288923e-17
-3.5483212e-17
1.7299528e-18
-9.862674e-17
2.0623624e-17
-1.1401927e-16
9.258003e-17
-3.5271524e-17
1.7108443e-18
-9.84102e-17
2.0609453e-17
-1.1351533e-16
9.1877855e-17
-3.506101e-17
1.6919815e-18
-9.8188515e-17
2.0594868e-17
-1.1301036e-16
9.118204e-17
-3.4851444e-17
1.6733476e-18
-9.796065e-17
2.0579718e-17
-1.125039e-16
9.0492029e-17
-3.4642407e-17
1.6549048e-18
-9.7724527e-17
2.0563724e-17
-1.1199512e-16
8.9806942e-17
-3.443323e-17
1.636612e-18
-9.7476e-17
2.0546369e-17
-1.1148244e-16
8.9125368e-17
-3.422265e-17
1.6183326e-18
-9.7207181e-17
2.0526718e-17
-1.1096329e-16
8.8445606e-17
-3.4009497e-17
1.6001627e-18
-9.6901486e-17
2.05028e-17
-1.1043256e-16
8.7764831e-17
-3.378837e-17
1.5811629e-18
-9.6530568e-17
2.0471435e-17
-1.0988651e-16
8.7091929e-17
-3.3575314e-17
1.5648671e-18
-9.6015794e-17
2.0421638e-17
-1.0929913e-16
8.6420033e-17
-3.3311949e-17
1.5425865e-18
-9.5288696e-17
2.034633e-17
-1.0873223e-16
8.5993978e-17
-3.3392951e-17
1.55001e-18
-9.3792397e-17
2.0131998e-17
-1.0775483e-16
8.5486285e-17
-3.3157014e-17
1.6264952e-18
-9.2131491e-17
1.9906945e-17
-1.0779275e-16
8.8368899e-17
-3.7179847e-17
1.3609655e-18
-8.3984633e-17
1.7900958e-17
-9.8309278e-17
8.5914369e-17
-5.4742579e-17
6.7102769e-18
)
;
    }
    frontAndBack_neg
    {
        type            wedge;
        value           nonuniform List<scalar> 
1200
(
-1.6753468e-15
4.1288191e-16
-3.47691e-15
7.8080228e-15
-1.3039895e-14
3.0184492e-15
-2.9878048e-15
6.6031974e-16
-4.5646394e-15
8.0328621e-15
-1.2047356e-14
2.5783314e-15
-3.334378e-15
6.8251355e-16
-4.0848671e-15
5.8415611e-15
-8.2586677e-15
1.630098e-15
-3.320748e-15
6.4010159e-16
-3.5023784e-15
4.4296888e-15
-6.4024727e-15
1.1770663e-15
-3.1409167e-15
5.6554468e-16
-2.8805512e-15
3.3141354e-15
-5.087378e-15
8.5355541e-16
-2.8601942e-15
4.7440638e-16
-2.2740979e-15
2.3962211e-15
-4.0289355e-15
6.0174044e-16
-2.5436502e-15
3.8189326e-16
-1.7421192e-15
1.6774632e-15
-3.1695235e-15
4.0944553e-16
-2.228413e-15
2.9581798e-16
-1.2973424e-15
1.1266111e-15
-2.4650595e-15
2.6620777e-16
-1.9298322e-15
2.194406e-16
-9.3510871e-16
7.1393542e-16
-1.8955711e-15
1.6402814e-16
-1.6539958e-15
1.539032e-16
-6.4616467e-16
4.1396254e-16
-1.4466264e-15
9.4360367e-17
-1.4021119e-15
9.9030176e-17
-4.1927736e-16
2.0285906e-16
-1.1016524e-15
4.879993e-17
-1.1728879e-15
5.3874773e-17
-2.4304753e-16
5.9266657e-17
-8.4270938e-16
2.0214725e-17
-9.6441395e-16
1.7139961e-17
-1.068733e-16
-3.5015141e-17
-6.5233089e-16
3.1436696e-18
-7.7371372e-16
-1.2447575e-17
-2.2613557e-18
-9.4206096e-17
-5.1439188e-16
-6.4729017e-18
-5.962302e-16
-3.5932575e-17
7.631493e-17
-1.2869837e-16
-4.1516155e-16
-1.1544588e-17
-4.2891652e-16
-5.421097e-17
1.3361014e-16
-1.4601989e-16
-3.4435963e-16
-1.388707e-17
-2.7343422e-16
-6.8100247e-17
1.742735e-16
-1.5163875e-16
-2.943906e-16
-1.4640644e-17
-1.3313843e-16
-7.8342447e-17
2.0224962e-16
-1.4936668e-16
-2.5945821e-16
-1.453135e-17
-9.6201311e-18
-8.5595345e-17
2.2054113e-16
-1.4176669e-16
-2.3521478e-16
-1.3990271e-17
9.7013716e-17
-9.0425289e-17
2.3140861e-16
-1.3057368e-16
-2.184717e-16
-1.3259286e-17
1.8737501e-16
-9.3302386e-17
2.3657522e-16
-1.1698321e-16
-2.0692538e-16
-1.2467856e-17
2.624908e-16
-9.4611677e-17
2.3735834e-16
-1.0182471e-16
-1.9893737e-16
-1.1679952e-17
3.2363849e-16
-9.4667573e-17
2.3476903e-16
-8.5679918e-17
-1.9335685e-16
-1.0923041e-17
3.7221565e-16
-9.3726779e-17
2.2958849e-16
-6.8964308e-17
-1.8938227e-16
-1.0205521e-17
4.0964748e-16
-9.1998941e-17
2.2242502e-16
-5.198085e-17
-1.8645899e-16
-9.5266282e-18
4.3732527e-16
-8.9655739e-17
2.1375626e-16
-3.4955081e-17
-1.8420527e-16
-8.88185e-18
4.5656635e-16
-8.6838263e-17
2.039603e-16
-1.8058093e-17
-1.8235962e-16
-8.2657372e-18
4.6858985e-16
-8.3662655e-17
1.9333879e-16
-1.4216348e-18
-1.807439e-16
-7.6732141e-18
4.7450411e-16
-8.0224693e-17
1.8213396e-16
1.4851874e-17
-1.7923756e-16
-7.100102e-18
4.7530244e-16
-7.6603405e-17
1.7054138e-16
3.0682512e-17
-1.7775995e-16
-6.543218e-18
4.7186465e-16
-7.2863972e-17
1.5871964e-16
4.6007969e-17
-1.7625792e-16
-6.0003065e-18
4.6496257e-16
-6.9060019e-17
1.467978e-16
6.0779574e-17
-1.7469708e-16
-5.4699459e-18
4.5526791e-16
-6.523548e-17
1.3488155e-16
7.4958568e-17
-1.7305582e-16
-4.9514365e-18
4.4336178e-16
-6.1425866e-17
1.2305962e-16
8.8509247e-17
-1.7132004e-16
-4.4448586e-18
4.2974441e-16
-5.7659149e-17
1.1140946e-16
1.0139512e-16
-1.694869e-16
-3.9523279e-18
4.1484558e-16
-5.3953075e-17
1.0003083e-16
1.1353412e-16
-1.6762441e-16
-3.4681087e-18
3.9903509e-16
-5.0324081e-17
8.8959574e-17
1.248643e-16
-1.6578275e-16
-3.0019763e-18
3.8261856e-16
-4.6791641e-17
7.8181822e-17
1.3549317e-16
-1.6392018e-16
-2.5671414e-18
3.6583256e-16
-4.336948e-17
6.7696243e-17
1.4549023e-16
-1.6201784e-16
-2.1561778e-18
3.488692e-16
-4.0065041e-17
5.7523266e-17
1.5487181e-16
-1.6008217e-16
-1.7624223e-18
3.3189192e-16
-3.6882572e-17
4.7682279e-17
1.6364376e-16
-1.5812087e-16
-1.3837087e-18
3.1503746e-16
-3.3824452e-17
3.8187138e-17
1.7181433e-16
-1.5614036e-16
-1.0198129e-18
2.9841714e-16
-3.0891716e-17
2.9046622e-17
1.7939578e-16
-1.5414577e-16
-6.7101985e-19
2.8211962e-16
-2.8084327e-17
2.0265055e-17
1.8640424e-16
-1.521414e-16
-3.3757327e-19
2.6621399e-16
-2.5401359e-17
1.1843013e-17
1.9285904e-16
-1.5013104e-16
-1.9518294e-20
2.507527e-16
-2.2841142e-17
3.7780467e-18
1.9878173e-16
-1.4811811e-16
2.8329103e-19
2.3577464e-16
-2.0401389e-17
-3.9348037e-18
2.0419524e-16
-1.4610569e-16
5.7113776e-19
2.2130795e-16
-1.807931e-17
-1.1302442e-17
2.0912317e-16
-1.4409676e-16
8.444345e-19
2.0737392e-16
-1.5871606e-17
-1.8333525e-17
2.1358883e-16
-1.4209435e-16
1.1035486e-18
1.939902e-16
-1.3774634e-17
-2.5037828e-17
2.1761534e-16
-1.4010432e-16
1.3493292e-18
1.8119219e-16
-1.178168e-17
-3.142737e-17
2.2120757e-16
-1.3813309e-16
1.5818722e-18
1.6902996e-16
-9.882098e-18
-3.7514561e-17
2.2436255e-16
-1.3618267e-16
1.7990811e-18
1.5752126e-16
-8.0692523e-18
-4.3319858e-17
2.2710317e-16
-1.3425627e-16
1.9997134e-18
1.4664023e-16
-6.3404527e-18
-4.8858817e-17
2.2947124e-16
-1.3235839e-16
2.1847318e-18
1.3633999e-16
-4.6944581e-18
-5.4140876e-17
2.3150781e-16
-1.3049025e-16
2.3559782e-18
1.2657071e-16
-3.130088e-18
-5.9172851e-17
2.3324666e-16
-1.2864971e-16
2.5153337e-18
1.1728668e-16
-1.6456358e-18
-6.3960932e-17
2.3471489e-16
-1.2683324e-16
2.6644149e-18
1.0844824e-16
-2.3908069e-19
-6.8511536e-17
2.3593455e-16
-1.2503732e-16
2.8045009e-18
1.0002162e-16
1.0918517e-18
-7.2831668e-17
2.3692416e-16
-1.2325913e-16
2.9365545e-18
9.197803e-17
2.3498495e-18
-7.6928962e-17
2.3769982e-16
-1.2149676e-16
3.0612827e-18
8.4292475e-17
3.5377413e-18
-8.0811569e-17
2.3827601e-16
-1.1974918e-16
3.1792154e-18
7.6941853e-17
4.6584645e-18
-8.4487882e-17
2.3866602e-16
-1.180161e-16
3.2907449e-18
6.9904489e-17
5.7149713e-18
-8.7966398e-17
2.3888253e-16
-1.1629798e-16
3.3962329e-18
6.3142388e-17
6.7103523e-18
-9.1253559e-17
2.3893753e-16
-1.1459519e-16
3.4959746e-18
5.6605338e-17
7.6475048e-18
-9.435527e-17
2.3884224e-16
-1.1290747e-16
3.5901736e-18
5.0272423e-17
8.5294625e-18
-9.7280614e-17
2.386073e-16
-1.1123494e-16
3.6790798e-18
4.4142753e-17
9.3591445e-18
-1.0004045e-16
2.3824245e-16
-1.0957863e-16
3.7629099e-18
3.8219031e-17
1.0139352e-17
-1.0264525e-16
2.3775657e-16
-1.0794016e-16
3.8417803e-18
3.2502996e-17
1.0872758e-17
-1.0510468e-16
2.3715797e-16
-1.0632137e-16
3.9157473e-18
2.6994818e-17
1.1561894e-17
-1.0742754e-16
2.3645459e-16
-1.0472408e-16
3.9848498e-18
2.1692929e-17
1.2209162e-17
-1.0962185e-16
2.3565398e-16
-1.0314993e-16
4.0491287e-18
1.6594141e-17
1.281684e-17
-1.1169492e-16
2.3476329e-16
-1.0160032e-16
4.1086353e-18
1.1693956e-17
1.3387095e-17
-1.1365347e-16
2.3378932e-16
-1.0007633e-16
4.1634336e-18
6.9869009e-18
1.3921992e-17
-1.1550368e-16
2.327385e-16
-9.8578824e-17
4.2136121e-18
2.4668227e-18
1.4423491e-17
-1.1725129e-16
2.3161692e-16
-9.7108481e-17
4.2592731e-18
-1.8728671e-18
1.4893463e-17
-1.1890162e-16
2.3043034e-16
-9.5665766e-17
4.3005321e-18
-6.038993e-18
1.5333685e-17
-1.2045966e-16
2.2918419e-16
-9.4250986e-17
4.3375103e-18
-1.003847e-17
1.5745852e-17
-1.219301e-16
2.2788364e-16
-9.286434e-17
4.3703416e-18
-1.3878185e-17
1.6131572e-17
-1.2331732e-16
2.2653351e-16
-9.1505934e-17
4.39917e-18
-1.7564919e-17
1.6492376e-17
-1.2462546e-16
2.2513839e-16
-9.0175774e-17
4.424135e-18
-2.1105282e-17
1.6829659e-17
-1.2585842e-16
2.2370259e-16
-8.8873781e-17
4.4453802e-18
-2.4505678e-17
1.7144919e-17
-1.2701988e-16
2.2223014e-16
-8.7599808e-17
4.4630493e-18
-2.7772274e-17
1.743946e-17
-1.2811329e-16
2.2072486e-16
-8.6353685e-17
4.4772935e-18
-3.0910984e-17
1.7714404e-17
-1.2914194e-16
2.1919031e-16
-8.5135183e-17
4.4882568e-18
-3.3927457e-17
1.7970985e-17
-1.3010891e-16
2.1762984e-16
-8.3944018e-17
4.4960796e-18
-3.6827079e-17
1.8210314e-17
-1.3101712e-16
2.1604659e-16
-8.2779879e-17
4.500903e-18
-3.9614976e-17
1.8433439e-17
-1.3186932e-16
2.1444351e-16
-8.1642423e-17
4.5028662e-18
-4.2296012e-17
1.8641352e-17
-1.3266813e-16
2.1282333e-16
-8.0531278e-17
4.5021041e-18
-4.4874802e-17
1.8834989e-17
-1.3341598e-16
2.1118862e-16
-7.9446049e-17
4.4987476e-18
-4.7355719e-17
1.9015236e-17
-1.341152e-16
2.0954177e-16
-7.838632e-17
4.4929278e-18
-4.97429e-17
1.9182925e-17
-1.3476797e-16
2.0788503e-16
-7.7351657e-17
4.4847698e-18
-5.2040263e-17
1.9338843e-17
-1.3537637e-16
2.0622046e-16
-7.634161e-17
4.4743946e-18
-5.4251518e-17
1.9483729e-17
-1.3594235e-16
2.0455001e-16
-7.5355716e-17
4.4619221e-18
-5.6380169e-17
1.9618283e-17
-1.3646776e-16
2.0287548e-16
-7.43935e-17
4.447466e-18
-5.8429531e-17
1.974316e-17
-1.3695432e-16
2.0119853e-16
-7.3454479e-17
4.431139e-18
-6.0402744e-17
1.9858977e-17
-1.374037e-16
1.9952072e-16
-7.2538162e-17
4.4130478e-18
-6.2302775e-17
1.9966318e-17
-1.3781745e-16
1.9784349e-16
-7.164406e-17
4.3932977e-18
-6.4132437e-17
2.0065727e-17
-1.3819705e-16
1.9616815e-16
-7.0771657e-17
4.3719873e-18
-6.5894389e-17
2.0157719e-17
-1.3854388e-16
1.9449595e-16
-6.9920452e-17
4.3492124e-18
-6.7591154e-17
2.0242778e-17
-1.3885927e-16
1.9282802e-16
-6.9089961e-17
4.3250728e-18
-6.9225122e-17
2.0321356e-17
-1.3914446e-16
1.9116539e-16
-6.8279657e-17
4.2996521e-18
-7.0798557e-17
2.0393879e-17
-1.3940065e-16
1.8950903e-16
-6.7489044e-17
4.2730388e-18
-7.2313615e-17
2.0460747e-17
-1.3962895e-16
1.8785983e-16
-6.671762e-17
4.2453163e-18
-7.3772338e-17
2.0522335e-17
-1.3983043e-16
1.8621859e-16
-6.5964887e-17
4.2165646e-18
-7.5176669e-17
2.0578996e-17
-1.4000611e-16
1.8458605e-16
-6.5230349e-17
4.1868602e-18
-7.6528456e-17
2.0631059e-17
-1.4015694e-16
1.8296288e-16
-6.4513515e-17
4.1562765e-18
-7.782946e-17
2.0678835e-17
-1.4028385e-16
1.813497e-16
-6.3813901e-17
4.1248835e-18
-7.9081357e-17
2.0722611e-17
-1.4038769e-16
1.7974708e-16
-6.3131026e-17
4.0927498e-18
-8.0285748e-17
2.0762662e-17
-1.404693e-16
1.781555e-16
-6.2464418e-17
4.0599388e-18
-8.144416e-17
2.0799239e-17
-1.4052946e-16
1.7657543e-16
-6.181361e-17
4.0265125e-18
-8.2558053e-17
2.0832584e-17
-1.4056894e-16
1.7500728e-16
-6.1178141e-17
3.9925298e-18
-8.3628822e-17
2.0862918e-17
-1.4058845e-16
1.7345141e-16
-6.0557563e-17
3.9580466e-18
-8.4657805e-17
2.089045e-17
-1.4058868e-16
1.7190814e-16
-5.9951439e-17
3.9231177e-18
-8.5646282e-17
2.0915376e-17
-1.4057028e-16
1.7037776e-16
-5.9359311e-17
3.8877895e-18
-8.6595481e-17
2.0937876e-17
-1.4053388e-16
1.6886053e-16
-5.8780774e-17
3.8521182e-18
-8.7506582e-17
2.0958124e-17
-1.4048009e-16
1.6735666e-16
-5.8215404e-17
3.816146e-18
-8.8380719e-17
2.0976275e-17
-1.4040948e-16
1.6586634e-16
-5.7662792e-17
3.7799155e-18
-8.921898e-17
2.0992481e-17
-1.403226e-16
1.6438972e-16
-5.7122539e-17
3.7434704e-18
-9.0022414e-17
2.1006879e-17
-1.4021999e-16
1.6292695e-16
-5.6594254e-17
3.7068488e-18
-9.0792031e-17
2.10196e-17
-1.4010216e-16
1.6147813e-16
-5.6077556e-17
3.6700893e-18
-9.1528806e-17
2.1030763e-17
-1.399696e-16
1.6004335e-16
-5.5572073e-17
3.633227e-18
-9.2233681e-17
2.1040482e-17
-1.3982278e-16
1.5862267e-16
-5.5077443e-17
3.5962956e-18
-9.2907559e-17
2.1048859e-17
-1.3966217e-16
1.5721614e-16
-5.4593313e-17
3.5593268e-18
-9.355132e-17
2.1055993e-17
-1.3948819e-16
1.5582378e-16
-5.4119338e-17
3.5223504e-18
-9.4165811e-17
2.1061974e-17
-1.3930127e-16
1.5444561e-16
-5.3655186e-17
3.4853952e-18
-9.4751856e-17
2.1066887e-17
-1.3910182e-16
1.5308161e-16
-5.3200529e-17
3.4484871e-18
-9.5310246e-17
2.1070809e-17
-1.3889025e-16
1.5173178e-16
-5.2755054e-17
3.4116513e-18
-9.5841754e-17
2.1073813e-17
-1.3866692e-16
1.5039607e-16
-5.2318453e-17
3.3749119e-18
-9.6347125e-17
2.1075967e-17
-1.3843222e-16
1.4907445e-16
-5.1890429e-17
3.3382895e-18
-9.6827087e-17
2.1077331e-17
-1.3818649e-16
1.4776686e-16
-5.1470691e-17
3.3018056e-18
-9.7282342e-17
2.1077965e-17
-1.379301e-16
1.4647323e-16
-5.1058961e-17
3.2654808e-18
-9.7713572e-17
2.1077919e-17
-1.3766336e-16
1.4519349e-16
-5.0654969e-17
3.2293325e-18
-9.8121444e-17
2.1077246e-17
-1.3738662e-16
1.4392755e-16
-5.0258448e-17
3.193376e-18
-9.85066e-17
2.1075988e-17
-1.3710018e-16
1.4267532e-16
-4.9869145e-17
3.1576283e-18
-9.886967e-17
2.1074189e-17
-1.3680436e-16
1.4143671e-16
-4.9486816e-17
3.122104e-18
-9.9211262e-17
2.1071885e-17
-1.3649946e-16
1.4021162e-16
-4.9111221e-17
3.0868164e-18
-9.9531972e-17
2.1069114e-17
-1.3618576e-16
1.3899992e-16
-4.8742129e-17
3.0517783e-18
-9.9832379e-17
2.1065906e-17
-1.3586355e-16
1.3780152e-16
-4.8379325e-17
3.017002e-18
-1.0011305e-16
2.1062292e-17
-1.355331e-16
1.3661628e-16
-4.8022577e-17
2.9824947e-18
-1.0037453e-16
2.1058299e-17
-1.3519469e-16
1.3544408e-16
-4.7671687e-17
2.9482692e-18
-1.0061735e-16
2.1053951e-17
-1.3484857e-16
1.3428481e-16
-4.7326444e-17
2.9143332e-18
-1.0084204e-16
2.1049271e-17
-1.3449499e-16
1.3313832e-16
-4.6986673e-17
2.8806977e-18
-1.010491e-16
2.1044278e-17
-1.3413421e-16
1.3200449e-16
-4.6652178e-17
2.847367e-18
-1.0123903e-16
2.1038993e-17
-1.3376647e-16
1.3088318e-16
-4.6322778e-17
2.8143481e-18
-1.0141232e-16
2.103343e-17
-1.3339199e-16
1.2977425e-16
-4.5998302e-17
2.7816475e-18
-1.0156943e-16
2.1027607e-17
-1.3301102e-16
1.2867757e-16
-4.5678581e-17
2.7492697e-18
-1.0171082e-16
2.1021534e-17
-1.3262377e-16
1.27593e-16
-4.5363462e-17
2.7172212e-18
-1.0183696e-16
2.1015225e-17
-1.3223047e-16
1.265204e-16
-4.5052775e-17
2.6855029e-18
-1.0194826e-16
2.1008691e-17
-1.3183133e-16
1.2545962e-16
-4.4746371e-17
2.6541203e-18
-1.0204517e-16
2.1001941e-17
-1.3142655e-16
1.2441052e-16
-4.4444123e-17
2.6230793e-18
-1.021281e-16
2.0994982e-17
-1.3101633e-16
1.2337297e-16
-4.4145887e-17
2.5923794e-18
-1.0219745e-16
2.0987822e-17
-1.3060089e-16
1.2234681e-16
-4.3851525e-17
2.5620227e-18
-1.0225363e-16
2.0980469e-17
-1.3018041e-16
1.2133192e-16
-4.356091e-17
2.5320112e-18
-1.0229702e-16
2.0972927e-17
-1.2975507e-16
1.2032814e-16
-4.3273926e-17
2.5023471e-18
-1.0232801e-16
2.0965199e-17
-1.2932508e-16
1.1933534e-16
-4.2990459e-17
2.4730317e-18
-1.0234696e-16
2.0957293e-17
-1.288906e-16
1.1835337e-16
-4.2710381e-17
2.4440616e-18
-1.0235423e-16
2.0949207e-17
-1.2845182e-16
1.173821e-16
-4.2433583e-17
2.4154404e-18
-1.0235019e-16
2.0940948e-17
-1.280089e-16
1.1642139e-16
-4.2159981e-17
2.38717e-18
-1.0233517e-16
2.0932515e-17
-1.2756202e-16
1.1547109e-16
-4.1889465e-17
2.359247e-18
-1.0230951e-16
2.092391e-17
-1.2711134e-16
1.1453109e-16
-4.1621939e-17
2.3316712e-18
-1.0227354e-16
2.0915135e-17
-1.2665702e-16
1.1360123e-16
-4.1357315e-17
2.3044418e-18
-1.0222759e-16
2.090619e-17
-1.2619923e-16
1.1268138e-16
-4.1095504e-17
2.2775577e-18
-1.0217196e-16
2.0897073e-17
-1.2573811e-16
1.1177143e-16
-4.0836429e-17
2.2510186e-18
-1.0210696e-16
2.0887787e-17
-1.2527382e-16
1.1087122e-16
-4.0579995e-17
2.22482e-18
-1.0203289e-16
2.087833e-17
-1.2480651e-16
1.0998064e-16
-4.0326136e-17
2.1989628e-18
-1.0195005e-16
2.0868701e-17
-1.2433631e-16
1.0909955e-16
-4.0074769e-17
2.1734437e-18
-1.0185871e-16
2.0858899e-17
-1.2386338e-16
1.0822784e-16
-3.9825842e-17
2.1482633e-18
-1.0175917e-16
2.0848921e-17
-1.2338785e-16
1.0736537e-16
-3.957928e-17
2.1234165e-18
-1.0165168e-16
2.0838769e-17
-1.2290985e-16
1.0651203e-16
-3.9335019e-17
2.0989012e-18
-1.0153652e-16
2.0828439e-17
-1.2242952e-16
1.0566768e-16
-3.9092996e-17
2.074715e-18
-1.0141394e-16
2.0817929e-17
-1.2194698e-16
1.0483223e-16
-3.8853154e-17
2.0508555e-18
-1.0128419e-16
2.0807238e-17
-1.2146237e-16
1.0400553e-16
-3.8615445e-17
2.0273205e-18
-1.0114753e-16
2.0796363e-17
-1.209758e-16
1.0318749e-16
-3.8379797e-17
2.0041041e-18
-1.0100419e-16
2.0785302e-17
-1.204874e-16
1.0237798e-16
-3.8146162e-17
1.9812053e-18
-1.008544e-16
2.0774054e-17
-1.1999728e-16
1.0157689e-16
-3.7914506e-17
1.9586233e-18
-1.006984e-16
2.0762614e-17
-1.1950555e-16
1.0078411e-16
-3.7684774e-17
1.9363518e-18
-1.005364e-16
2.0750981e-17
-1.1901233e-16
9.9999526e-17
-3.7456913e-17
1.914388e-18
-1.0036862e-16
2.0739152e-17
-1.1851773e-16
9.9223028e-17
-3.7230882e-17
1.8927286e-18
-1.0019527e-16
2.0727123e-17
-1.1802185e-16
9.8454507e-17
-3.700664e-17
1.8713699e-18
-1.0001656e-16
2.0714891e-17
-1.1752478e-16
9.7693853e-17
-3.6784149e-17
1.8503091e-18
-9.9832671e-17
2.0702454e-17
-1.1702664e-16
9.6940958e-17
-3.6563349e-17
1.8295397e-18
-9.9643792e-17
2.0689808e-17
-1.165275e-16
9.6195712e-17
-3.63442e-17
1.8090598e-18
-9.9450098e-17
2.0676945e-17
-1.1602746e-16
9.5458002e-17
-3.6126672e-17
1.7888676e-18
-9.925174e-17
2.0663858e-17
-1.1552659e-16
9.4727711e-17
-3.5910708e-17
1.7689551e-18
-9.9048839e-17
2.065054e-17
-1.1502494e-16
9.4004711e-17
-3.5696251e-17
1.7493184e-18
-9.8841469e-17
2.063697e-17
-1.1452257e-16
9.3288855e-17
-3.5483228e-17
1.7299506e-18
-9.8629611e-17
2.0623122e-17
-1.1401945e-16
9.2579962e-17
-3.527154e-17
1.7108415e-18
-9.8413086e-17
2.0608945e-17
-1.1351552e-16
9.1877787e-17
-3.5061045e-17
1.6919802e-18
-9.8191416e-17
2.0594358e-17
-1.1301054e-16
9.1181971e-17
-3.4851478e-17
1.6733437e-18
-9.7963568e-17
2.0579204e-17
-1.1250409e-16
9.0491959e-17
-3.4642439e-17
1.6549e-18
-9.7727461e-17
2.0563206e-17
-1.119953e-16
8.9806872e-17
-3.4433245e-17
1.6366053e-18
-9.747895e-17
2.0545848e-17
-1.1148262e-16
8.9125298e-17
-3.4222666e-17
1.6183283e-18
-9.7210146e-17
2.0526193e-17
-1.1096348e-16
8.8445536e-17
-3.4009514e-17
1.6001593e-18
-9.6904465e-17
2.0502272e-17
-1.1043275e-16
8.776476e-17
-3.3788387e-17
1.5811597e-18
-9.6533563e-17
2.0470902e-17
-1.098867e-16
8.7091858e-17
-3.3575335e-17
1.5648635e-18
-9.6018803e-17
2.0421102e-17
-1.0929932e-16
8.6419962e-17
-3.3311969e-17
1.5425831e-18
-9.529172e-17
2.0345791e-17
-1.0873242e-16
8.5993906e-17
-3.3392985e-17
1.5500088e-18
-9.3795437e-17
2.0131455e-17
-1.0775502e-16
8.5486212e-17
-3.3157047e-17
1.6264914e-18
-9.2134548e-17
1.9906398e-17
-1.0779295e-16
8.8368826e-17
-3.7179867e-17
1.3609589e-18
-8.3987706e-17
1.7900408e-17
-9.8309474e-17
8.5914296e-17
-5.4742585e-17
6.7102707e-18
)
;
    }
}


// ************************************************************************* //
