/*--------------------------------*- C++ -*----------------------------------*\
  =========                 |
  \\      /  F ield         | OpenFOAM: The Open Source CFD Toolbox
   \\    /   O peration     | Website:  https://openfoam.org
    \\  /    A nd           | Version:  10
     \\/     M anipulation  |
\*---------------------------------------------------------------------------*/
FoamFile
{
    format      ascii;
    class       volVectorField;
    location    "700/FLUID";
    object      U;
}
// * * * * * * * * * * * * * * * * * * * * * * * * * * * * * * * * * * * * * //

dimensions      [0 1 -1 0 0 0 0];

internalField   nonuniform List<vector> 
1200
(
(5.0569003 -0.094465775 4.2395331e-18)
(5.2214662 -0.1302052 1.0060335e-17)
(5.435934 -0.13619708 4.7292675e-18)
(5.6487082 -0.13419826 -1.9312771e-18)
(5.8557577 -0.12621082 -1.8221307e-18)
(6.0546839 -0.11488106 -1.4278256e-18)
(6.2423397 -0.10269477 -1.0547578e-18)
(6.4184571 -0.090692324 -6.2342235e-19)
(6.5841121 -0.079298622 -3.8140761e-19)
(6.7406602 -0.068684831 -2.9075573e-20)
(6.8895308 -0.058857368 5.1987104e-19)
(7.0320787 -0.049749597 1.1386277e-18)
(7.1695002 -0.041291591 1.533136e-18)
(7.3028032 -0.03334602 2.1026813e-18)
(7.4328082 -0.02569294 2.7163137e-18)
(7.5603697 -0.018249977 3.2879768e-18)
(7.6861139 -0.011173124 3.8294332e-18)
(7.8102994 -0.0046415682 4.4681405e-18)
(7.9330846 0.0012677728 5.1187324e-18)
(8.0546096 0.0065281586 5.7508006e-18)
(8.1749859 0.011138853 6.5218437e-18)
(8.2942975 0.015118333 7.2962533e-18)
(8.4126072 0.018498387 8.0341479e-18)
(8.5299626 0.021319119 8.7641629e-18)
(8.6463993 0.023625347 9.5737864e-18)
(8.7619438 0.025463988 1.0448918e-17)
(8.8766157 0.026882132 1.1286655e-17)
(8.9904294 0.027925665 1.2278652e-17)
(9.1033953 0.028638339 1.3084225e-17)
(9.2155209 0.029061172 1.379026e-17)
(9.326811 0.029232125 1.4500004e-17)
(9.437269 0.029185962 1.5408454e-17)
(9.5468966 0.028954277 1.6411614e-17)
(9.6556949 0.028565636 1.735856e-17)
(9.7636638 0.028045761 1.8475938e-17)
(9.8708039 0.027417841 1.9551606e-17)
(9.9771169 0.026702875 2.0767895e-17)
(10.082604 0.025918649 2.1849822e-17)
(10.187263 0.025079226 2.3056776e-17)
(10.291096 0.024197119 2.4066068e-17)
(10.394101 0.02328365 2.499926e-17)
(10.496278 0.022348772 2.6288241e-17)
(10.597629 0.021401081 2.7408319e-17)
(10.698154 0.020447917 2.8621871e-17)
(10.797855 0.019495486 2.9913507e-17)
(10.896733 0.018548995 3.1174314e-17)
(10.994791 0.017612805 3.2138856e-17)
(11.092029 0.016690597 3.3445542e-17)
(11.188452 0.015785652 3.4696988e-17)
(11.284061 0.014901048 3.611175e-17)
(11.378859 0.014041969 3.731429e-17)
(11.472852 0.013214454 3.872695e-17)
(11.566044 0.012420608 4.0138328e-17)
(11.658439 0.011659156 4.1414796e-17)
(11.750043 0.010927635 4.2925011e-17)
(11.840859 0.010223484 4.4402065e-17)
(11.930892 0.0095444202 4.6065036e-17)
(12.020149 0.0088885315 4.7420958e-17)
(12.108633 0.0082542588 4.8915339e-17)
(12.19635 0.0076403221 5.0344397e-17)
(12.283307 0.0070456389 5.1818158e-17)
(12.369509 0.0064691454 5.3462483e-17)
(12.454964 0.0059098295 5.4966374e-17)
(12.539678 0.0053645127 5.6432043e-17)
(12.623678 0.0048294481 5.7872757e-17)
(12.706971 0.0043042591 5.9266755e-17)
(12.789562 0.0037897169 6.0956772e-17)
(12.871457 0.0032865787 6.264163e-17)
(12.95266 0.0027954711 6.4240626e-17)
(13.033177 0.0023168585 6.590907e-17)
(13.113015 0.0018510276 6.7682218e-17)
(13.192178 0.001398104 6.9424348e-17)
(13.270673 0.00095808055 7.1141331e-17)
(13.348507 0.00053084567 7.2957309e-17)
(13.425683 0.00011620833 7.4645854e-17)
(13.50221 -0.00028608099 7.644404e-17)
(13.578092 -0.0006763133 7.8152099e-17)
(13.653337 -0.0010548076 8.0034509e-17)
(13.727949 -0.0014219002 8.1717697e-17)
(13.801935 -0.0017779371 8.3577225e-17)
(13.875302 -0.0021232671 8.520791e-17)
(13.948055 -0.0024582379 8.6764174e-17)
(14.020201 -0.0027831921 8.8460244e-17)
(14.091745 -0.0030984648 9.0251731e-17)
(14.162694 -0.0034043819 9.2150534e-17)
(14.233054 -0.0037012589 9.3713881e-17)
(14.302832 -0.0039893999 9.5382746e-17)
(14.372033 -0.0042690972 9.7125761e-17)
(14.440663 -0.0045406313 9.8899966e-17)
(14.508728 -0.0048042706 1.0072084e-16)
(14.576235 -0.0050602715 1.0232799e-16)
(14.64319 -0.005308879 1.0386553e-16)
(14.709597 -0.0055503267 1.0555861e-16)
(14.775465 -0.0057848374 1.0729447e-16)
(14.840797 -0.0060126235 1.0883289e-16)
(14.905601 -0.0062338872 1.1046459e-16)
(14.969882 -0.0064488213 1.1198441e-16)
(15.033645 -0.0066576097 1.1380992e-16)
(15.096897 -0.0068604275 1.1540761e-16)
(15.159643 -0.0070574418 1.1708664e-16)
(15.221888 -0.0072488122 1.1887765e-16)
(15.283639 -0.0074346909 1.2056471e-16)
(15.3449 -0.0076152234 1.2236356e-16)
(15.405678 -0.007790549 1.2411247e-16)
(15.465977 -0.0079608009 1.2595752e-16)
(15.525803 -0.0081261068 1.2774496e-16)
(15.585162 -0.0082865892 1.295363e-16)
(15.644057 -0.0084423657 1.3132387e-16)
(15.702495 -0.0085935492 1.3313831e-16)
(15.760481 -0.0087402487 1.3494132e-16)
(15.81802 -0.0088825688 1.3678642e-16)
(15.875116 -0.0090206106 1.3839101e-16)
(15.931775 -0.0091544716 1.4006849e-16)
(15.988001 -0.0092842462 1.4194064e-16)
(16.043799 -0.0094100256 1.4376327e-16)
(16.099175 -0.0095318982 1.4542238e-16)
(16.154132 -0.0096499497 1.4721489e-16)
(16.208675 -0.0097642633 1.4908727e-16)
(16.262809 -0.0098749198 1.5081929e-16)
(16.316539 -0.0099819979 1.5264633e-16)
(16.369868 -0.010085574 1.5451512e-16)
(16.422802 -0.010185723 1.564634e-16)
(16.475344 -0.010282518 1.5833975e-16)
(16.527498 -0.010376029 1.6018214e-16)
(16.57927 -0.010466326 1.6199069e-16)
(16.630663 -0.010553477 1.6398412e-16)
(16.681682 -0.010637547 1.6584558e-16)
(16.732329 -0.010718603 1.6765822e-16)
(16.78261 -0.010796707 1.6945225e-16)
(16.832528 -0.010871923 1.7131037e-16)
(16.882088 -0.01094431 1.7315736e-16)
(16.931292 -0.011013929 1.7488079e-16)
(16.980146 -0.011080839 1.7672822e-16)
(17.028651 -0.011145097 1.7859454e-16)
(17.076813 -0.01120676 1.8033763e-16)
(17.124635 -0.011265883 1.8205495e-16)
(17.17212 -0.011322523 1.8376152e-16)
(17.219273 -0.011376731 1.8542755e-16)
(17.266096 -0.011428561 1.8752998e-16)
(17.312592 -0.011478064 1.8958378e-16)
(17.358766 -0.011525293 1.9141807e-16)
(17.404621 -0.011570297 1.9337523e-16)
(17.45016 -0.011613125 1.9523224e-16)
(17.495386 -0.011653826 1.9696713e-16)
(17.540302 -0.011692448 1.9878031e-16)
(17.584912 -0.011729037 2.004791e-16)
(17.629219 -0.011763641 2.0244842e-16)
(17.673226 -0.011796304 2.0416289e-16)
(17.716935 -0.011827071 2.0611786e-16)
(17.760351 -0.011855986 2.0808403e-16)
(17.803475 -0.011883092 2.1006874e-16)
(17.846311 -0.011908432 2.11829e-16)
(17.888862 -0.011932048 2.1356404e-16)
(17.93113 -0.01195398 2.1529598e-16)
(17.973119 -0.011974271 2.1717902e-16)
(18.014831 -0.011992958 2.1905139e-16)
(18.056269 -0.012010081 2.2097908e-16)
(18.097435 -0.01202568 2.2293999e-16)
(18.138333 -0.012039791 2.2474383e-16)
(18.178964 -0.012052452 2.2638372e-16)
(18.219332 -0.012063699 2.2806458e-16)
(18.259439 -0.012073568 2.2988848e-16)
(18.299288 -0.012082095 2.3163633e-16)
(18.33888 -0.012089314 2.334249e-16)
(18.378219 -0.01209526 2.3518131e-16)
(18.417308 -0.012099965 2.3696381e-16)
(18.456147 -0.012103462 2.3890311e-16)
(18.49474 -0.012105785 2.4078107e-16)
(18.53309 -0.012106964 2.4248186e-16)
(18.571197 -0.01210703 2.4423777e-16)
(18.609066 -0.012106015 2.4617896e-16)
(18.646697 -0.012103947 2.4810246e-16)
(18.684093 -0.012100857 2.4984937e-16)
(18.721257 -0.012096772 2.5168005e-16)
(18.758191 -0.012091722 2.5350774e-16)
(18.794896 -0.012085733 2.5537569e-16)
(18.831374 -0.012078833 2.5737022e-16)
(18.867629 -0.012071048 2.5900182e-16)
(18.903661 -0.012062403 2.6073146e-16)
(18.939474 -0.012052924 2.6248707e-16)
(18.975068 -0.012042634 2.6419685e-16)
(19.010447 -0.012031557 2.6601864e-16)
(19.045611 -0.012019713 2.6778027e-16)
(19.080563 -0.012007122 2.696107e-16)
(19.115305 -0.011993798 2.7139538e-16)
(19.149839 -0.011979749 2.7314871e-16)
(19.184165 -0.011964971 2.7488507e-16)
(19.218288 -0.011949436 2.7660451e-16)
(19.252207 -0.011933074 2.7844961e-16)
(19.285924 -0.011915737 2.8016375e-16)
(19.319441 -0.011897128 2.820176e-16)
(19.352759 -0.011876652 2.8372654e-16)
(19.385876 -0.01185319 2.8550402e-16)
(19.418794 -0.011824324 2.8706613e-16)
(19.4515 -0.011786137 2.8879641e-16)
(19.484005 -0.011726556 2.9053891e-16)
(19.516163 -0.011638755 2.9223743e-16)
(19.548296 -0.011428139 2.9395797e-16)
(19.577811 -0.011240828 2.9588384e-16)
(19.611207 -0.0099054853 2.9759732e-16)
(5.1026517 -0.19268393 2.1172733e-19)
(5.3348196 -0.2369565 3.1459408e-19)
(5.5803211 -0.23509254 -2.1842794e-18)
(5.8085389 -0.2208934 -4.8802264e-18)
(6.0287336 -0.19544639 -1.9825059e-18)
(6.2383469 -0.16493144 1.2928872e-18)
(6.4352551 -0.13401606 5.5948678e-18)
(6.6204314 -0.10474469 9.0182829e-18)
(6.795374 -0.078166301 5.4513567e-18)
(6.9615728 -0.054765869 6.4161032e-18)
(7.1205019 -0.034599264 6.061902e-18)
(7.2734754 -0.017462614 2.0179839e-18)
(7.4216686 -0.0030164224 2.1692516e-18)
(7.5664797 0.0090636341 2.2712075e-18)
(7.7087175 0.019033799 2.4150191e-18)
(7.8485602 0.027131287 2.6759783e-18)
(7.9861599 0.033584357 2.9326191e-18)
(8.1217736 0.038615452 3.230565e-18)
(8.2556078 0.042437749 3.5674546e-18)
(8.3878069 0.045240853 3.952803e-18)
(8.5184751 0.047186851 4.3676004e-18)
(8.6476889 0.048413288 4.7927269e-18)
(8.7755045 0.049036613 -4.2613393e-19)
(8.9019639 0.049155369 -1.3534785e-19)
(9.0270992 0.048853154 5.6025054e-18)
(9.1509359 0.048201165 6.0961025e-18)
(9.2734947 0.047260277 6.5852285e-18)
(9.3947937 0.046082728 7.0937449e-18)
(9.5148488 0.044713463 7.48714e-18)
(9.6336749 0.043191234 7.8371683e-18)
(9.751286 0.041549476 8.2878971e-18)
(9.867696 0.039817031 8.6518555e-18)
(9.9829182 0.038018713 8.933687e-18)
(10.096966 0.036175612 9.2295111e-18)
(10.209853 0.034305225 9.5344949e-18)
(10.321593 0.032418669 9.7427091e-18)
(10.432201 0.030529226 1.0003343e-17)
(10.541691 0.028652464 1.0321208e-17)
(10.650074 0.026798396 1.0566297e-17)
(10.757363 0.024974053 1.0895057e-17)
(10.863572 0.023184944 1.1293006e-17)
(10.968715 0.021435521 1.1656611e-17)
(11.072803 0.019729379 1.1990675e-17)
(11.175851 0.018069377 1.2401027e-17)
(11.277869 0.016457721 1.2733693e-17)
(11.378872 0.014896032 1.3089682e-17)
(11.47887 0.013385411 1.3425704e-17)
(11.577877 0.011926505 1.3778996e-17)
(11.675904 0.010519461 1.4145924e-17)
(11.772965 0.0091640948 1.4485664e-17)
(11.869074 0.0078570928 1.4909767e-17)
(11.964281 0.0065926565 1.5323511e-17)
(12.058596 0.0053688682 1.5755905e-17)
(12.152027 0.0041862266 1.6114946e-17)
(12.244579 0.0030456352 1.6503037e-17)
(12.33626 0.00194774 2.7723385e-17)
(12.42708 0.00089280681 2.8137404e-17)
(12.517045 -0.00011927362 1.7368426e-17)
(12.606165 -0.0010889374 1.7375026e-17)
(12.694447 -0.0020168863 1.8250953e-17)
(12.781899 -0.002904025 1.9050195e-17)
(12.868528 -0.0037514159 1.9653661e-17)
(12.954343 -0.0045601936 2.0126306e-17)
(13.039349 -0.0053317285 2.0538528e-17)
(13.123544 -0.0060673021 2.0948112e-17)
(13.206933 -0.006768301 2.1340679e-17)
(13.289527 -0.0074361181 2.178449e-17)
(13.371332 -0.0080721357 2.2264029e-17)
(13.452358 -0.0086776937 2.2775659e-17)
(13.532613 -0.009254083 2.3298032e-17)
(13.612103 -0.0098025503 2.3828765e-17)
(13.690839 -0.010324302 2.4364299e-17)
(13.768827 -0.010820508 2.4941143e-17)
(13.846077 -0.011292301 2.5437968e-17)
(13.922594 -0.011740779 2.5950239e-17)
(13.998389 -0.012167004 2.63534e-17)
(14.073468 -0.012572008 2.6814413e-17)
(14.14784 -0.012956785 2.730498e-17)
(14.221511 -0.013322297 2.7789882e-17)
(14.29449 -0.013669471 2.8283183e-17)
(14.366785 -0.013999202 4.3210178e-17)
(14.438403 -0.014312349 4.3071191e-17)
(14.509351 -0.014609738 2.8772352e-17)
(14.579637 -0.014892162 2.9568196e-17)
(14.649267 -0.01516038 3.0124906e-17)
(14.718251 -0.01541512 3.0613062e-17)
(14.786593 -0.015657078 3.1116567e-17)
(14.854303 -0.015886918 3.1649322e-17)
(14.921386 -0.016105274 3.2197325e-17)
(14.987849 -0.016312752 3.2816184e-17)
(15.0537 -0.016509928 3.3290277e-17)
(15.118945 -0.016697351 3.3758872e-17)
(15.183591 -0.016875543 3.4270544e-17)
(15.247644 -0.017045 3.4799769e-17)
(15.311112 -0.017206196 3.5321118e-17)
(15.374 -0.017359577 3.5876119e-17)
(15.436315 -0.01750557 3.6411703e-17)
(15.498063 -0.017644577 3.6937136e-17)
(15.559251 -0.017776981 3.7493838e-17)
(15.619884 -0.017903144 3.8028894e-17)
(15.679969 -0.018023411 3.863876e-17)
(15.739512 -0.018138106 3.9171904e-17)
(15.798519 -0.018247537 3.9747664e-17)
(15.856995 -0.018351995 4.0260649e-17)
(15.914947 -0.018451756 4.0832227e-17)
(15.972379 -0.01854708 4.1284046e-17)
(16.029298 -0.018638212 4.1810453e-17)
(16.08571 -0.018725386 4.2363361e-17)
(16.141619 -0.018808821 4.2853845e-17)
(16.197032 -0.018888724 4.338224e-17)
(16.251953 -0.018965289 4.391206e-17)
(16.306388 -0.019038703 4.4425127e-17)
(16.360342 -0.019109138 4.5032739e-17)
(16.41382 -0.019176758 4.5614429e-17)
(16.466827 -0.019241717 4.624506e-17)
(16.519368 -0.019304162 4.6809027e-17)
(16.571449 -0.019364228 4.7408319e-17)
(16.623074 -0.019422044 4.7968255e-17)
(16.674248 -0.019477732 4.8527338e-17)
(16.724975 -0.019531404 4.9069779e-17)
(16.775261 -0.019583169 4.9661009e-17)
(16.825109 -0.019633127 5.0201794e-17)
(16.874525 -0.019681372 5.0744035e-17)
(16.923513 -0.019727992 5.1355195e-17)
(16.972078 -0.01977307 5.1938491e-17)
(17.020223 -0.019816685 5.2514204e-17)
(17.067954 -0.019858909 5.3111518e-17)
(17.115274 -0.019899811 5.3631772e-17)
(17.162188 -0.019939454 5.4169217e-17)
(17.208699 -0.019977898 5.476409e-17)
(17.254812 -0.020015199 5.5340243e-17)
(17.300532 -0.020051409 5.5937935e-17)
(17.345861 -0.020086577 5.6499088e-17)
(17.390804 -0.020120748 5.7081783e-17)
(17.435365 -0.020153965 5.769934e-17)
(17.479548 -0.020186267 5.8329417e-17)
(17.523356 -0.020217691 5.8918595e-17)
(17.566793 -0.02024827 5.9489208e-17)
(17.609864 -0.020278037 6.0134595e-17)
(17.65257 -0.020307021 6.0756931e-17)
(17.694917 -0.020335249 6.1378452e-17)
(17.736908 -0.020362747 6.2030189e-17)
(17.778545 -0.020389538 6.2641223e-17)
(17.819834 -0.020415643 6.3238206e-17)
(17.860777 -0.020441083 6.3860967e-17)
(17.901377 -0.020465876 6.4478529e-17)
(17.941638 -0.020490039 6.511298e-17)
(17.981563 -0.020513588 6.5711354e-17)
(18.021155 -0.020536536 6.6335449e-17)
(18.060418 -0.020558898 6.6971999e-17)
(18.099355 -0.020580685 6.7594573e-17)
(18.137969 -0.020601908 6.8251586e-17)
(18.176263 -0.020622577 6.8863865e-17)
(18.21424 -0.020642702 6.9492992e-17)
(18.251904 -0.020662291 7.0130161e-17)
(18.289256 -0.020681352 7.0744666e-17)
(18.326301 -0.020699891 7.1411048e-17)
(18.36304 -0.020717915 7.2050389e-17)
(18.399478 -0.02073543 7.2675881e-17)
(18.435616 -0.02075244 7.328756e-17)
(18.471458 -0.02076895 7.3933516e-17)
(18.507006 -0.020784964 7.452637e-17)
(18.542263 -0.020800487 7.5157852e-17)
(18.577233 -0.020815521 7.5775575e-17)
(18.611916 -0.02083007 7.642749e-17)
(18.646317 -0.020844136 7.7074353e-17)
(18.680438 -0.020857721 7.772488e-17)
(18.714282 -0.020870828 7.8387764e-17)
(18.74785 -0.020883459 7.9032575e-17)
(18.781146 -0.020895614 7.9672381e-17)
(18.814172 -0.020907296 8.0372267e-17)
(18.84693 -0.020918506 8.1093101e-17)
(18.879423 -0.020929244 8.1791523e-17)
(18.911654 -0.020939512 8.2454599e-17)
(18.943625 -0.02094931 8.313432e-17)
(18.975338 -0.020958639 8.3796073e-17)
(19.006795 -0.020967499 8.445286e-17)
(19.038 -0.020975891 8.5121966e-17)
(19.068953 -0.020983814 8.5786115e-17)
(19.099658 -0.020991267 8.6423761e-17)
(19.130117 -0.020998251 8.7065126e-17)
(19.160331 -0.021004762 8.7714514e-17)
(19.190304 -0.021010799 8.8371915e-17)
(19.220037 -0.021016356 8.9037318e-17)
(19.249532 -0.021021423 8.9702117e-17)
(19.278792 -0.021025984 9.0370614e-17)
(19.307818 -0.021030009 9.0974129e-17)
(19.336613 -0.021033443 9.1628613e-17)
(19.365179 -0.021036189 9.2278244e-17)
(19.393518 -0.021038067 9.2923036e-17)
(19.421631 -0.02103875 9.3588696e-17)
(19.44952 -0.021037625 9.4232404e-17)
(19.477188 -0.02103359 9.4871315e-17)
(19.504634 -0.021024225 9.5526825e-17)
(19.531858 -0.021005903 9.615621e-17)
(19.558871 -0.020964058 9.6827883e-17)
(19.585588 -0.020894513 9.7507603e-17)
(19.612238 -0.020632226 9.8136524e-17)
(19.636964 -0.020436296 9.879792e-17)
(19.663984 -0.017589101 9.9464455e-17)
(5.2082746 -0.33205698 4.5418458e-20)
(5.5668334 -0.33170322 -6.5920486e-20)
(5.8494183 -0.29995947 -1.2153758e-20)
(6.0979857 -0.26611805 -1.2300631e-19)
(6.3376542 -0.22370517 -1.1288745e-19)
(6.562415 -0.18088153 -9.1288111e-20)
(6.7720186 -0.14192057 -1.6141483e-19)
(6.9690524 -0.10785564 9.3091945e-20)
(7.1555105 -0.078949584 2.0523395e-19)
(7.3332086 -0.055008537 3.12744e-19)
(7.5038739 -0.03551919 3.6465739e-19)
(7.6689565 -0.019834601 4.700592e-19)
(7.8295858 -0.0072613936 5.6284176e-19)
(7.9863504 0.0027295123 6.2754386e-19)
(8.1397051 0.010449277 7.4026262e-19)
(8.2901189 0.016255659 8.9129912e-19)
(8.4379293 0.020538286 1.0349781e-18)
(8.5833743 0.023623793 1.1838614e-18)
(8.7266171 0.025761502 1.2965292e-18)
(8.8677681 0.027146321 1.44834e-18)
(9.0069059 0.027931487 1.5963885e-18)
(9.14409 0.02823735 1.7729597e-18)
(9.2793679 0.028158894 1.8988542e-18)
(9.4127797 0.027771637 2.0885945e-18)
(9.5443612 0.027136138 2.2942055e-18)
(9.6741456 0.026301411 2.3814786e-18)
(9.8021644 0.025307492 2.5523481e-18)
(9.9284485 0.024187372 2.7426449e-18)
(10.053028 0.02296845 2.8792224e-18)
(10.175931 0.021673627 3.0875954e-18)
(10.297188 0.020322159 3.2654313e-18)
(10.416827 0.018930339 3.4139232e-18)
(10.534875 0.01751208 3.5718592e-18)
(10.651358 0.016079679 3.7263758e-18)
(10.7663 0.01464443 3.9133807e-18)
(10.879727 0.013222832 4.0274622e-18)
(10.991658 0.011818577 4.1608043e-18)
(11.10211 0.01042813 4.3170805e-18)
(11.211099 0.0090548718 4.4595141e-18)
(11.318639 0.0077035482 4.6515186e-18)
(11.42475 0.0063781744 4.8198635e-18)
(11.529447 0.0050819994 5.0062419e-18)
(11.63275 0.0038175722 5.1862571e-18)
(11.734674 0.0025868076 5.3747479e-18)
(11.835236 0.0013910757 5.5486984e-18)
(11.934453 0.00023128771 -8.1855072e-20)
(12.03234 -0.00089203628 -4.1747759e-19)
(12.128913 -0.001978706 5.6660816e-18)
(12.224188 -0.0030288582 6.693758e-18)
(12.318178 -0.0040428116 7.0151929e-18)
(12.410896 -0.0050213903 7.0511514e-18)
(12.502317 -0.0059657809 7.0395309e-18)
(12.592453 -0.0068781092 7.1014125e-18)
(12.681323 -0.0077594598 7.2290234e-18)
(12.768947 -0.0086102021 7.3771597e-18)
(12.855341 -0.0094305038 7.5669771e-18)
(12.940523 -0.01022054 7.8146322e-18)
(13.024511 -0.010980591 8.0252672e-18)
(13.107321 -0.01171108 8.2389883e-18)
(13.18897 -0.012412571 8.4688474e-18)
(13.269475 -0.013085742 8.6875761e-18)
(13.34885 -0.01373134 8.9360181e-18)
(13.427113 -0.014350163 9.1122219e-18)
(13.504279 -0.01494257 9.2652775e-18)
(13.580363 -0.015509026 9.4237259e-18)
(13.65538 -0.016050735 9.5956788e-18)
(13.729345 -0.016569061 9.7878647e-18)
(13.802272 -0.017065278 9.9948262e-18)
(13.874176 -0.017540553 1.0178726e-17)
(13.945071 -0.017995955 1.0378407e-17)
(14.014971 -0.018432455 1.0577351e-17)
(14.083888 -0.01885094 1.0808196e-17)
(14.151837 -0.019252226 1.1010666e-17)
(14.218831 -0.019637068 1.1196639e-17)
(14.284882 -0.020006171 1.1430198e-17)
(14.350003 -0.020360195 1.1629799e-17)
(14.414208 -0.020699763 1.1825333e-17)
(14.477507 -0.021025462 1.2019237e-17)
(14.539913 -0.021337849 1.2276602e-17)
(14.601439 -0.021637453 1.2477377e-17)
(14.662095 -0.021924777 1.2716931e-17)
(14.721894 -0.022200299 1.3004784e-17)
(14.780847 -0.022464473 1.3175809e-17)
(14.838964 -0.022717733 1.3417874e-17)
(14.896257 -0.022960491 1.3667901e-17)
(14.952737 -0.023193138 1.3873855e-17)
(15.008415 -0.023416049 1.407448e-17)
(15.063301 -0.023629578 1.4301772e-17)
(15.117405 -0.023834063 1.4489095e-17)
(15.170737 -0.024029825 1.4745682e-17)
(15.223308 -0.02421717 1.4967644e-17)
(15.275128 -0.02439639 1.5208238e-17)
(15.326206 -0.024567761 1.5416922e-17)
(15.376552 -0.024731547 1.5630953e-17)
(15.426175 -0.024887998 1.5855484e-17)
(15.475085 -0.025037353 1.6104256e-17)
(15.523291 -0.025179839 1.6376775e-17)
(15.570802 -0.025315673 1.6601525e-17)
(15.617627 -0.025445062 1.6831478e-17)
(15.663775 -0.025568203 1.7067057e-17)
(15.709254 -0.025685283 1.7291929e-17)
(15.754073 -0.025796483 1.752202e-17)
(15.79824 -0.025901973 1.7728453e-17)
(15.841765 -0.026001918 1.7982626e-17)
(15.884654 -0.026096474 1.8263441e-17)
(15.926916 -0.026185793 1.8517576e-17)
(15.968559 -0.026270017 1.8822162e-17)
(16.009591 -0.026349286 1.9118842e-17)
(16.05002 -0.026423733 1.9405093e-17)
(16.089853 -0.026493483 1.9709682e-17)
(16.129098 -0.026558662 2.0014428e-17)
(16.167763 -0.026619385 2.0335083e-17)
(16.205853 -0.026675768 2.0605683e-17)
(16.243378 -0.026727919 2.085512e-17)
(16.280344 -0.026775946 2.114417e-17)
(16.316758 -0.02681995 2.1385859e-17)
(16.352627 -0.02686003 2.1667251e-17)
(16.387958 -0.026896282 2.1956739e-17)
(16.422757 -0.026928799 2.2251418e-17)
(16.457032 -0.026957672 2.2551554e-17)
(16.490789 -0.026982986 2.2862339e-17)
(16.524034 -0.027004828 2.3160107e-17)
(16.556774 -0.027023279 2.3463092e-17)
(16.589015 -0.027038421 2.3745161e-17)
(16.620764 -0.02705033 2.4040531e-17)
(16.652026 -0.027059084 2.4312353e-17)
(16.682808 -0.027064756 2.4618432e-17)
(16.713116 -0.027067418 2.4914156e-17)
(16.742955 -0.027067142 2.5210005e-17)
(16.772332 -0.027063996 2.5492866e-17)
(16.801252 -0.027058047 2.5799453e-17)
(16.829722 -0.027049363 2.6064065e-17)
(16.857745 -0.027038006 2.6323546e-17)
(16.885329 -0.02702404 2.6622766e-17)
(16.912479 -0.027007527 2.6919374e-17)
(16.9392 -0.026988527 2.7197741e-17)
(16.965497 -0.026967099 2.7492124e-17)
(16.991376 -0.026943302 2.7783968e-17)
(17.016842 -0.026917193 2.8044345e-17)
(17.041901 -0.026888827 2.8331181e-17)
(17.066556 -0.02685826 2.8631406e-17)
(17.090814 -0.026825544 2.8947604e-17)
(17.114679 -0.026790733 2.9248203e-17)
(17.138156 -0.026753879 2.9591041e-17)
(17.16125 -0.026715032 2.9897203e-17)
(17.183965 -0.026674243 3.0185134e-17)
(17.206307 -0.02663156 3.0504821e-17)
(17.228281 -0.026587032 3.0795657e-17)
(17.24989 -0.026540706 3.1060357e-17)
(17.271139 -0.02649263 3.1375315e-17)
(17.292033 -0.026442847 3.1672044e-17)
(17.312577 -0.026391404 3.1976796e-17)
(17.332773 -0.026338345 3.2260684e-17)
(17.352628 -0.026283714 3.2571155e-17)
(17.372145 -0.026227552 3.2847514e-17)
(17.391329 -0.026169902 3.313458e-17)
(17.410183 -0.026110805 3.344824e-17)
(17.428712 -0.026050302 3.3719908e-17)
(17.446919 -0.025988433 3.4015533e-17)
(17.46481 -0.025925236 3.4313943e-17)
(17.482387 -0.025860752 3.4578292e-17)
(17.499655 -0.025795016 3.4866605e-17)
(17.516618 -0.025728068 3.5176204e-17)
(17.533279 -0.025659943 3.5430603e-17)
(17.549642 -0.025590677 3.5722125e-17)
(17.565711 -0.025520307 3.6005959e-17)
(17.58149 -0.025448866 3.6282084e-17)
(17.596983 -0.025376389 3.6555795e-17)
(17.612192 -0.02530291 3.6842879e-17)
(17.627121 -0.025228461 3.7124913e-17)
(17.641775 -0.025153076 3.7433583e-17)
(17.656156 -0.025076785 3.7705481e-17)
(17.670268 -0.02499962 3.7996068e-17)
(17.684114 -0.024921612 3.8292172e-17)
(17.697698 -0.02484279 3.8593782e-17)
(17.711023 -0.024763185 3.8848057e-17)
(17.724093 -0.024682824 3.9147453e-17)
(17.736909 -0.024601736 3.9441798e-17)
(17.749476 -0.024519948 3.9717868e-17)
(17.761798 -0.024437487 4.0033815e-17)
(17.773876 -0.024354379 4.0331473e-17)
(17.785714 -0.024270647 4.0587042e-17)
(17.797315 -0.024186316 4.0914262e-17)
(17.808682 -0.024101405 4.1220557e-17)
(17.819818 -0.024015933 4.149002e-17)
(17.830727 -0.02392991 4.1786183e-17)
(17.84141 -0.023843338 4.2074636e-17)
(17.851871 -0.0237562 4.2363315e-17)
(17.862113 -0.023668446 4.2670766e-17)
(17.872138 -0.023579972 4.2983751e-17)
(17.88195 -0.023490577 4.3267833e-17)
(17.891551 -0.023399882 4.3581298e-17)
(17.900945 -0.023307285 4.3868496e-17)
(17.910136 -0.023211512 4.4193053e-17)
(17.919128 -0.023111985 4.4483372e-17)
(17.927936 -0.023001132 4.4808383e-17)
(17.936555 -0.022900733 4.5106945e-17)
(17.945067 -0.022671806 4.5384656e-17)
(17.953126 -0.022803055 4.5683739e-17)
(17.960118 -0.019910836 4.5998562e-17)
(5.3334326 -0.42010815 5.7902603e-19)
(5.8196946 -0.3173446 -1.1941924e-18)
(6.0952634 -0.24858976 -2.6179798e-18)
(6.334371 -0.20140017 -3.8497281e-19)
(6.5680158 -0.15534615 1.4481486e-18)
(6.7842913 -0.11532101 1.2596868e-18)
(6.9856634 -0.08234448 -3.4966666e-19)
(7.1760855 -0.055842321 -2.6067437e-18)
(7.3576132 -0.035289259 -8.0821434e-19)
(7.5318336 -0.019947111 -7.0286305e-19)
(7.7000826 -0.0089085514 -4.6710548e-19)
(7.8633497 -0.0012548172 2.1845845e-18)
(8.0222843 0.0038667242 2.1672627e-18)
(8.1770467 0.0071341991 -5.1108738e-19)
(8.327975 0.0090513833 -3.5062372e-19)
(8.4753435 0.010007718 2.4037788e-18)
(8.6193084 0.010292483 -3.7085821e-19)
(8.7599638 0.010108821 -2.5832813e-19)
(8.8973742 0.0095947058 2.6095742e-18)
(9.0315863 0.0088466983 -2.1946598e-19)
(9.1626394 0.0079332044 -1.640481e-19)
(9.2905698 0.0069029349 2.861343e-18)
(9.4154146 0.0057911748 3.0501728e-18)
(9.5372121 0.0046240859 3.1825253e-18)
(9.6560026 0.0034215446 3.1778371e-18)
(9.7718286 0.0021990203 3.2158759e-18)
(9.8847348 0.00096881487 3.2108334e-18)
(9.9947673 -0.00025911838 3.2987034e-18)
(10.101974 -0.0014766274 3.42784e-18)
(10.206404 -0.002676983 3.4970255e-18)
(10.308107 -0.0038545988 3.5568489e-18)
(10.407133 -0.0050047842 3.594643e-18)
(10.503534 -0.006123488 3.6509554e-18)
(10.597362 -0.0072066819 3.7668701e-18)
(10.688671 -0.0082501996 3.8324395e-18)
(10.777512 -0.0092447726 3.8421195e-18)
(10.863956 -0.010187001 3.857651e-18)
(10.948062 -0.011086604 3.836347e-18)
(11.02989 -0.011945726 3.9079518e-18)
(11.109497 -0.012763801 4.0297747e-18)
(11.186939 -0.013540267 4.154872e-18)
(11.262269 -0.014274891 4.1747238e-18)
(11.335541 -0.014967818 4.2141478e-18)
(11.406806 -0.015619559 4.2339553e-18)
(11.476116 -0.016230918 4.3204052e-18)
(11.543519 -0.016802914 9.7905156e-18)
(11.609063 -0.017336721 8.9197881e-18)
(11.672796 -0.017833612 3.0450265e-18)
(11.734762 -0.018294863 3.7190314e-18)
(11.795006 -0.018721802 4.35909e-18)
(11.85357 -0.019113581 4.8342578e-18)
(11.910496 -0.019469305 5.1336563e-18)
(11.965826 -0.01979131 5.3023685e-18)
(12.019598 -0.020083017 5.3874275e-18)
(12.071851 -0.020347414 5.3927929e-18)
(12.122621 -0.020586878 5.5317637e-18)
(12.171943 -0.020803287 5.6331094e-18)
(12.219854 -0.020998164 5.6606946e-18)
(12.266385 -0.02117279 5.6896418e-18)
(12.311569 -0.021328288 5.7600884e-18)
(12.355439 -0.021465683 5.7957739e-18)
(12.398024 -0.021585929 5.8549117e-18)
(12.439356 -0.021689961 5.9194404e-18)
(12.479463 -0.021778673 5.9893659e-18)
(12.518373 -0.021852904 6.0939064e-18)
(12.556115 -0.021913465 6.1575364e-18)
(12.592715 -0.021961091 6.2699477e-18)
(12.628199 -0.021996457 6.3949121e-18)
(12.662594 -0.022020214 6.5263999e-18)
(12.695924 -0.022032994 6.6603837e-18)
(12.728213 -0.022035403 6.7928203e-18)
(12.759486 -0.022028027 7.0190231e-18)
(12.789764 -0.022011426 7.2398166e-18)
(12.81907 -0.02198614 7.3474681e-18)
(12.847427 -0.021952684 7.4128156e-18)
(12.874856 -0.021911555 7.6475756e-18)
(12.901376 -0.021863226 7.8504264e-18)
(12.92701 -0.021808151 7.9640796e-18)
(12.951776 -0.021746762 8.0720365e-18)
(12.975694 -0.021679474 8.3011965e-18)
(12.998782 -0.02160668 8.6274222e-18)
(13.02106 -0.021528755 8.8006998e-18)
(13.042545 -0.021446056 8.8615378e-18)
(13.063254 -0.021358924 8.9082637e-18)
(13.083206 -0.02126768 8.9593603e-18)
(13.102416 -0.021172632 9.0086496e-18)
(13.120901 -0.021074069 9.113972e-18)
(13.138677 -0.020972267 9.207276e-18)
(13.15576 -0.020867486 9.2967956e-18)
(13.172165 -0.020759973 9.4094843e-18)
(13.187908 -0.020649961 9.4997251e-18)
(13.203002 -0.020537672 9.6017515e-18)
(13.217462 -0.020423314 9.7104012e-18)
(13.231302 -0.020307082 9.8006579e-18)
(13.244536 -0.020189164 9.9246841e-18)
(13.257178 -0.020069734 1.0050185e-17)
(13.269239 -0.019948956 1.0307115e-17)
(13.280734 -0.019826987 1.0519733e-17)
(13.291675 -0.019703972 1.0626873e-17)
(13.302073 -0.019580048 1.0876496e-17)
(13.311942 -0.019455346 1.1091067e-17)
(13.321293 -0.019329987 1.1298936e-17)
(13.330137 -0.019204084 1.1506414e-17)
(13.338487 -0.019077745 1.1692315e-17)
(13.346351 -0.018951069 1.1894722e-17)
(13.353743 -0.018824151 1.2133893e-17)
(13.360672 -0.018697078 1.2329133e-17)
(13.367149 -0.018569933 1.253991e-17)
(13.373183 -0.018442792 1.2762023e-17)
(13.378785 -0.018315728 1.2955973e-17)
(13.383965 -0.018188806 1.310985e-17)
(13.388732 -0.018062089 1.3306023e-17)
(13.393096 -0.017935635 1.3575828e-17)
(13.397065 -0.017809499 1.3729234e-17)
(13.400649 -0.017683729 1.3855104e-17)
(13.403856 -0.017558372 1.3993223e-17)
(13.406696 -0.017433472 1.4127436e-17)
(13.409176 -0.017309067 1.4280449e-17)
(13.411305 -0.017185194 1.4420912e-17)
(13.41309 -0.017061888 1.4585675e-17)
(13.414541 -0.016939179 1.4732441e-17)
(13.415665 -0.016817095 1.4866567e-17)
(13.416468 -0.016695662 1.5004351e-17)
(13.41696 -0.016574905 1.5154547e-17)
(13.417147 -0.016454845 1.529642e-17)
(13.417036 -0.016335502 1.5420064e-17)
(13.416634 -0.016216892 1.5527586e-17)
(13.415949 -0.016099033 1.5681567e-17)
(13.414986 -0.015981939 1.5863504e-17)
(13.413753 -0.015865621 1.6007359e-17)
(13.412257 -0.015750092 1.6135039e-17)
(13.410502 -0.015635362 1.6276333e-17)
(13.408497 -0.015521438 1.6402495e-17)
(13.406246 -0.015408329 1.6527875e-17)
(13.403756 -0.015296041 1.6679139e-17)
(13.401032 -0.015184578 1.6816334e-17)
(13.398081 -0.015073946 1.6947194e-17)
(13.394908 -0.014964148 1.7242515e-17)
(13.391518 -0.014855185 1.7518544e-17)
(13.387917 -0.014747061 1.7772946e-17)
(13.38411 -0.014639775 1.7879986e-17)
(13.380103 -0.014533328 1.7986146e-17)
(13.3759 -0.014427721 1.8092545e-17)
(13.371506 -0.014322951 1.8211577e-17)
(13.366927 -0.014219017 1.8347812e-17)
(13.362166 -0.014115918 1.8457241e-17)
(13.35723 -0.014013652 1.873785e-17)
(13.352122 -0.013912214 1.8977267e-17)
(13.346846 -0.013811603 1.9031087e-17)
(13.341408 -0.013711815 1.9086106e-17)
(13.335811 -0.013612845 1.9209524e-17)
(13.33006 -0.013514689 1.9294426e-17)
(13.324159 -0.013417344 1.9360055e-17)
(13.318112 -0.013320804 1.9447511e-17)
(13.311922 -0.013225065 1.9723033e-17)
(13.305595 -0.013130121 1.997517e-17)
(13.299133 -0.013035967 2.0057856e-17)
(13.29254 -0.012942598 2.0130312e-17)
(13.285821 -0.012850008 2.0250125e-17)
(13.278977 -0.012758191 2.0355166e-17)
(13.272014 -0.012667143 2.0483518e-17)
(13.264935 -0.012576856 2.0648017e-17)
(13.257742 -0.012487326 2.0954333e-17)
(13.25044 -0.012398546 2.1209168e-17)
(13.243031 -0.012310509 2.1405312e-17)
(13.235518 -0.012223212 2.1431867e-17)
(13.227905 -0.012136646 2.1491023e-17)
(13.220194 -0.012050806 2.1603944e-17)
(13.21239 -0.011965686 2.1714717e-17)
(13.204493 -0.01188128 2.1835045e-17)
(13.196508 -0.011797582 2.1945024e-17)
(13.188438 -0.011714585 2.2191447e-17)
(13.180284 -0.011632284 2.2411378e-17)
(13.172049 -0.011550672 2.2471577e-17)
(13.163737 -0.011469744 2.2557758e-17)
(13.155349 -0.011389492 2.2691296e-17)
(13.146888 -0.011309911 2.2813234e-17)
(13.138357 -0.011230995 2.2917599e-17)
(13.129758 -0.011152737 2.3028042e-17)
(13.121093 -0.01107513 2.3362e-17)
(13.112365 -0.010998168 2.3705068e-17)
(13.103576 -0.010921845 2.3874997e-17)
(13.094727 -0.010846152 2.4024962e-17)
(13.085822 -0.010771081 2.4187133e-17)
(13.076862 -0.010696623 2.4353182e-17)
(13.06785 -0.010622766 2.4466819e-17)
(13.058787 -0.010549492 2.4604599e-17)
(13.049675 -0.010476776 2.4941997e-17)
(13.040516 -0.010404576 2.5282555e-17)
(13.031313 -0.010332827 2.5556421e-17)
(13.022068 -0.010261421 2.5666831e-17)
(13.012782 -0.010190178 2.5789448e-17)
(13.003458 -0.010118903 2.5914643e-17)
(12.994099 -0.010047226 2.6046058e-17)
(12.984708 -0.0099767552 2.6220082e-17)
(12.975286 -0.0099057339 2.636162e-17)
(12.965841 -0.0098748014 2.6657604e-17)
(12.956238 -0.0098139906 2.6910488e-17)
(12.947064 -0.010319611 2.7016645e-17)
(12.933569 -0.0097197164 2.6959755e-17)
(5.3540405 -0.41582018 1.2129864e-18)
(5.869447 -0.27500696 2.4936837e-18)
(6.0009833 -0.21453248 2.5611767e-18)
(6.0968759 -0.18038474 2.4216204e-18)
(6.194234 -0.14924816 -1.7663065e-18)
(6.2783512 -0.12226244 -4.5484012e-18)
(6.3560261 -0.098712667 -5.0845095e-20)
(6.4328349 -0.078344615 3.0470985e-18)
(6.5102247 -0.061320582 -1.7166697e-18)
(6.5883458 -0.047588324 -1.2926433e-18)
(6.6668222 -0.03685661 -1.3096337e-18)
(6.7449939 -0.028697822 -5.8327973e-18)
(6.822102 -0.022641574 -4.6116568e-18)
(6.8974576 -0.018212616 8.4950366e-19)
(6.9706035 -0.014997799 1.8953376e-19)
(7.0412481 -0.012696017 -4.8371494e-18)
(7.1091864 -0.011073642 3.8116109e-19)
(7.174294 -0.0099458054 -2.0753604e-19)
(7.2365139 -0.0091723826 -4.8586564e-18)
(7.2958372 -0.008649139 7.6782317e-19)
(7.3522902 -0.0082998899 -1.3224402e-20)
(7.4059239 -0.0080699637 -5.3172832e-18)
(7.4568066 -0.0079206087 7.2000139e-19)
(7.5050169 -0.0078245909 9.05248e-19)
(7.5506404 -0.0077629039 -4.3348713e-18)
(7.5937662 -0.0077223598 -3.9999542e-18)
(7.6344852 -0.0076938567 -3.9078709e-18)
(7.6728884 -0.0076711504 1.9063672e-18)
(7.7090662 -0.0076499925 1.8870525e-18)
(7.7431077 -0.0076275269 -3.51883e-18)
(7.7751001 -0.0076018671 -2.8699694e-18)
(7.8051288 -0.0075717888 -2.1288442e-18)
(7.833277 -0.0075365227 -1.5163297e-18)
(7.8596257 -0.0074955456 4.4082267e-18)
(7.8842554 -0.0074489118 3.7616263e-18)
(7.9072376 -0.0074009589 -2.5923468e-18)
(7.928639 -0.0073531995 -2.4642359e-18)
(7.9485327 -0.0073023601 -2.2390303e-18)
(7.9669904 -0.0072485516 -1.9425859e-18)
(7.9840781 -0.0071921629 4.4241069e-18)
(7.9998583 -0.007133562 4.2615834e-18)
(8.0143908 -0.0070730457 -1.957572e-18)
(8.0277331 -0.0070108549 -1.6415612e-18)
(8.0399402 -0.0069471989 -1.3182485e-18)
(8.051065 -0.0068822658 -9.2313673e-19)
(8.0611581 -0.0068162259 5.8398088e-18)
(8.070268 -0.0067492374 5.7892745e-18)
(8.0784409 -0.0066814549 -6.7537875e-19)
(8.0857213 -0.0066130408 -3.852975e-19)
(8.0921512 -0.0065443485 -1.8158882e-19)
(8.0977701 -0.006475723 1.7696881e-20)
(8.1026167 -0.0064072213 -1.1723163e-18)
(8.1067288 -0.0063390591 -3.1224646e-19)
(8.1101429 -0.0062714677 1.7656094e-18)
(8.1128933 -0.0062044559 1.5663309e-18)
(8.1150121 -0.0061378937 8.0319394e-18)
(8.1165301 -0.0060716132 7.4977368e-18)
(8.117476 -0.0060054614 4.6239787e-19)
(8.1178774 -0.0059393253 7.461875e-19)
(8.1177605 -0.0058731388 1.011519e-18)
(8.1171502 -0.0058068792 1.2129934e-18)
(8.1160703 -0.0057405568 1.427169e-18)
(8.1145434 -0.0056742208 1.5376767e-18)
(8.112591 -0.0056079008 1.6048826e-18)
(8.1102336 -0.0055415876 1.7074371e-18)
(8.1074908 -0.0054753156 1.120444e-18)
(8.1043812 -0.0054091671 -1.0072596e-18)
(8.1009227 -0.0053432484 6.0783346e-19)
(8.097132 -0.0052776758 3.9169797e-18)
(8.0930254 -0.005212562 4.0584098e-18)
(8.088618 -0.0051480091 3.7869418e-18)
(8.0839246 -0.005084105 1.08175e-17)
(8.0789589 -0.0050209248 1.0057671e-17)
(8.0737341 -0.0049585311 2.1028672e-18)
(8.0682628 -0.004896976 2.2592365e-18)
(8.0625567 -0.0048363028 9.9168614e-18)
(8.0566273 -0.0047765469 9.4836263e-18)
(8.0504853 -0.0047177373 1.7187694e-18)
(8.044141 -0.0046598976 2.1626378e-18)
(8.037604 -0.0046030464 1.0210044e-17)
(8.0308837 -0.0045471985 1.7515128e-17)
(8.0239888 -0.0044923647 8.8150327e-18)
(8.0169277 -0.0044385527 8.3591166e-19)
(8.0097084 -0.0043857674 1.2514447e-18)
(8.0023384 -0.004334011 1.5993711e-18)
(7.994825 -0.0042832834 1.9371658e-18)
(7.987175 -0.0042335823 2.1656408e-18)
(7.979395 -0.0041849035 2.3451993e-18)
(7.9714911 -0.004137241 2.5942155e-18)
(7.9634693 -0.0040905872 2.8310784e-18)
(7.9553352 -0.0040449331 3.0491293e-18)
(7.9470941 -0.0040002685 3.2318113e-18)
(7.9387512 -0.0039565816 3.3719237e-18)
(7.9303113 -0.0039138599 3.5469073e-18)
(7.9217791 -0.0038720897 3.7058126e-18)
(7.913159 -0.0038312566 3.9298042e-18)
(7.9044553 -0.0037913453 1.2453009e-17)
(7.8956718 -0.0037523399 1.1873133e-17)
(7.8868126 -0.0037142239 3.2907514e-18)
(7.8778811 -0.0036769804 1.2306757e-17)
(7.8688811 -0.0036405917 1.180651e-17)
(7.8598157 -0.0036050401 1.1234909e-17)
(7.8506882 -0.0035703076 1.069519e-17)
(7.8415017 -0.0035363756 1.032678e-17)
(7.8322591 -0.0035032257 1.0043537e-17)
(7.8229632 -0.0034708392 9.9142347e-18)
(7.8136166 -0.0034391974 9.7986127e-18)
(7.8042221 -0.0034082815 9.6951553e-18)
(7.7947819 -0.0033780728 1.0825471e-17)
(7.7852985 -0.0033485524 1.0480098e-17)
(7.7757742 -0.0033197019 9.0365455e-18)
(7.7662112 -0.0032915027 9.2060322e-18)
(7.7566115 -0.0032639364 1.7721842e-17)
(7.7469773 -0.0032369849 9.0291373e-18)
(7.7373103 -0.0032106302 8.7639912e-18)
(7.7276126 -0.0031848545 7.3995035e-18)
(7.7178859 -0.0031596404 7.4804839e-18)
(7.7081319 -0.0031349707 7.2681672e-18)
(7.6983524 -0.0031108283 7.511723e-18)
(7.6885489 -0.0030871966 7.8375817e-18)
(7.6787231 -0.0030640594 8.1114849e-18)
(7.6688765 -0.0030414005 8.2231013e-18)
(7.6590104 -0.0030192042 8.2675083e-18)
(7.6491264 -0.0029974553 8.5581792e-18)
(7.6392259 -0.0029761386 8.7054183e-18)
(7.6293101 -0.0029552396 8.3355781e-18)
(7.6193803 -0.0029347439 8.2217937e-18)
(7.6094379 -0.0029146375 8.8584905e-18)
(7.599484 -0.0028949069 9.2850111e-18)
(7.5895199 -0.0028755388 8.7341697e-18)
(7.5795466 -0.0028565204 8.2387798e-18)
(7.5695653 -0.0028378392 9.5737505e-18)
(7.5595771 -0.0028194829 8.7130026e-18)
(7.549583 -0.00280144 6.9444955e-18)
(7.5395841 -0.0027836988 7.8737961e-18)
(7.5295814 -0.0027662482 8.1694681e-18)
(7.5195759 -0.0027490776 8.4106492e-18)
(7.5095686 -0.0027321765 1.8221478e-17)
(7.4995603 -0.0027155348 1.7464701e-17)
(7.489552 -0.0026991428 1.6762162e-17)
(7.4795446 -0.002682991 6.8059161e-18)
(7.4695389 -0.0026670703 7.3836567e-18)
(7.4595358 -0.0026513721 7.390976e-18)
(7.4495361 -0.0026358877 7.5652564e-18)
(7.4395407 -0.0026206091 8.2346066e-18)
(7.4295503 -0.0026055285 8.5029758e-18)
(7.4195657 -0.0025906383 1.7872058e-17)
(7.4095877 -0.0025759311 1.6768503e-17)
(7.399617 -0.0025614001 6.1686159e-18)
(7.3896543 -0.0025470384 6.7072577e-18)
(7.3797003 -0.0025328397 1.0248546e-17)
(7.3697558 -0.0025187976 9.1022229e-18)
(7.3598214 -0.0025049063 5.6645829e-18)
(7.3498978 -0.00249116 7.1676133e-18)
(7.3399856 -0.0024775533 1.7761132e-17)
(7.3300855 -0.002464081 1.6920247e-17)
(7.320198 -0.0024507379 6.3898641e-18)
(7.3103238 -0.0024375195 7.134984e-18)
(7.3004635 -0.0024244211 7.4081195e-18)
(7.2906177 -0.0024114383 7.6973447e-18)
(7.2807869 -0.0023985671 8.9015799e-18)
(7.2709717 -0.0023858034 9.7685133e-18)
(7.2611726 -0.0023731435 1.9695725e-17)
(7.2513902 -0.0023605838 1.8217802e-17)
(7.2416249 -0.0023481208 1.7037764e-17)
(7.2318774 -0.0023357515 5.9262095e-18)
(7.222148 -0.0023234726 6.6742155e-18)
(7.2124372 -0.0023112812 7.826392e-18)
(7.2027456 -0.0022991747 8.7306712e-18)
(7.1930736 -0.0022871503 9.574429e-18)
(7.1834216 -0.0022752055 9.5273686e-18)
(7.17379 -0.002263338 1.8850246e-17)
(7.1641794 -0.0022515454 1.7426591e-17)
(7.15459 -0.0022398256 6.2906087e-18)
(7.1450223 -0.0022281765 7.2195828e-18)
(7.1354768 -0.0022165962 1.0944579e-17)
(7.1259537 -0.0022050825 1.0070006e-17)
(7.1164535 -0.0021936338 7.7698802e-18)
(7.1069765 -0.0021822481 9.2641176e-18)
(7.0975231 -0.0021709237 1.9723117e-17)
(7.0880935 -0.0021596588 1.8979449e-17)
(7.0786883 -0.0021484515 9.2494088e-18)
(7.0693076 -0.0021372997 1.0103488e-17)
(7.0599518 -0.0021262013 1.0646819e-17)
(7.0506212 -0.0021151532 1.0527752e-17)
(7.0413162 -0.0021041516 8.7452415e-18)
(7.032037 -0.0020931902 9.1438913e-18)
(7.0227841 -0.0020822597 2.0666891e-17)
(7.0135576 -0.0020713436 1.9961079e-17)
(7.0043581 -0.0020604142 1.9251544e-17)
(6.9951861 -0.0020494254 8.4411496e-18)
(6.9860423 -0.0020382886 9.0340934e-18)
(6.9769275 -0.0020269371 9.2031541e-18)
(6.9678434 -0.0020149292 9.9900134e-18)
(6.9587918 -0.0020038057 1.2096863e-17)
(6.949765 -0.0019879026 1.1417544e-17)
(6.94081 -0.0020032943 2.0397216e-17)
(6.9315194 -0.0019795916 1.9959066e-17)
(6.9234135 -0.0023358531 1.1327944e-17)
(6.9074065 -0.0037638268 2.714977e-18)
(4.827776 -0.20286811 -2.8990173e-19)
(4.8070099 -0.12583455 -1.6074703e-19)
(4.2758874 -0.093373401 1.2500257e-18)
(3.8032 -0.073583209 2.3047254e-18)
(3.4243939 -0.055684154 -3.6443119e-19)
(3.1075657 -0.040533235 -1.3345953e-18)
(2.8559491 -0.027993875 -1.4692644e-18)
(2.6678403 -0.018117074 -2.5152445e-18)
(2.5336132 -0.010819222 1.9943638e-19)
(2.4422887 -0.0057241256 -1.7650295e-19)
(2.3835875 -0.0023472356 -2.1561667e-18)
(2.3486166 -0.00022422328 9.8296102e-19)
(2.3301909 0.0010257462 2.6448595e-18)
(2.3228238 0.0017053946 -1.6210088e-18)
(2.3226521 0.0020404192 -1.5439608e-18)
(2.3270539 0.0021680369 1.8476206e-18)
(2.3342066 0.0021773241 -1.1626649e-18)
(2.3428744 0.0021255783 -1.6268404e-18)
(2.352247 0.0020459301 1.1796163e-18)
(2.361802 0.0019564958 -1.151674e-18)
(2.3712116 0.0018665766 -8.8845587e-19)
(2.3802787 0.0017803545 1.1514264e-18)
(2.3888912 0.0016992278 -1.2161144e-18)
(2.3969918 0.0016232068 -4.0484473e-19)
(2.4045581 0.0015516938 1.4547581e-18)
(2.4115888 0.0014839 5.3198996e-19)
(2.4180954 0.001419054 -6.1168566e-20)
(2.4240972 0.0013564913 -2.3277062e-18)
(2.4296171 0.0012956815 -6.8673119e-19)
(2.4346797 0.0012362241 2.1530416e-18)
(2.4393104 0.0011778336 7.4101337e-19)
(2.4435339 0.001120325 5.0446885e-20)
(2.4473745 0.0010635978 4.6710471e-19)
(2.4508551 0.0010076569 -2.0459106e-18)
(2.4539999 0.00095272986 -1.5503446e-19)
(2.4568258 0.00089809148 2.5976668e-18)
(2.4593414 0.00084531501 8.7311996e-19)
(2.4615664 0.00079579767 -1.3585229e-19)
(2.4635244 0.00074826021 -1.1669831e-18)
(2.4652316 0.00070209504 -2.8693867e-18)
(2.4667011 0.00065716673 -7.9611795e-19)
(2.4679453 0.00061349762 1.9163048e-18)
(2.4689755 0.00057114358 6.0982471e-19)
(2.4698024 0.00053014944 5.9191749e-19)
(2.470436 0.00049053821 8.7433147e-20)
(2.4708858 0.00045231286 -2.1350972e-18)
(2.4711607 0.00041546168 -1.3763861e-19)
(2.4712691 0.00037996001 2.8226341e-18)
(2.4712188 0.00034579105 2.0727362e-18)
(2.471017 0.00031287095 7.089885e-19)
(2.4706695 0.00028123303 -5.0819886e-19)
(2.4701825 0.00025119853 -6.7448075e-19)
(2.4695633 0.00022292891 -1.7084805e-19)
(2.4688193 0.00019629874 9.389332e-19)
(2.4679566 0.00017109999 1.0172992e-18)
(2.4669808 0.0001471264 -2.0341453e-18)
(2.4658967 0.00012420272 -9.1603282e-20)
(2.464709 0.0001021939 2.8425047e-18)
(2.463422 8.1001222e-05 1.7443521e-18)
(2.4620399 6.055455e-05 1.0376016e-18)
(2.4605668 4.0804298e-05 6.8812219e-19)
(2.4590067 2.1716677e-05 1.3508895e-18)
(2.4573634 3.2598892e-06 2.9600693e-19)
(2.4556404 -1.4590761e-05 -6.3388817e-19)
(2.4538412 -3.1850037e-05 2.1972061e-20)
(2.4519692 -4.8539222e-05 1.1419493e-18)
(2.4500278 -6.4671231e-05 8.1019692e-19)
(2.4480199 -8.0245123e-05 -7.9516323e-19)
(2.4459488 -9.5254026e-05 -5.6510104e-19)
(2.4438172 -0.00010969003 1.0341789e-18)
(2.441628 -0.00012354636 1.0338729e-18)
(2.4393838 -0.00013681869 -1.211787e-18)
(2.4370872 -0.00014950571 1.3081535e-18)
(2.4347405 -0.000161609 3.440243e-18)
(2.4323461 -0.00017313279 3.369139e-18)
(2.4299062 -0.00018408353 -1.5294738e-21)
(2.427423 -0.00019446965 4.6574596e-19)
(2.4248984 -0.00020430103 3.6826445e-18)
(2.4223345 -0.00021358878 1.3805338e-18)
(2.419733 -0.00022234499 -1.2073933e-18)
(2.4170958 -0.00023058246 -1.6661212e-18)
(2.4144245 -0.00023831455 3.3948087e-18)
(2.4117209 -0.00024555504 4.4922847e-18)
(2.4089865 -0.000252318 2.277962e-18)
(2.4062227 -0.00025861769 1.6277491e-18)
(2.4034311 -0.00026446845 1.6791502e-18)
(2.4006129 -0.0002698847 8.3476247e-19)
(2.3977695 -0.00027488083 -1.6229885e-20)
(2.3949021 -0.00027947114 1.1410951e-18)
(2.392012 -0.00028366988 9.8734199e-19)
(2.3891002 -0.00028749115 3.3514898e-19)
(2.3861679 -0.00029094886 8.8934034e-19)
(2.3832161 -0.00029405678 5.359694e-19)
(2.3802458 -0.00029682842 1.4605072e-18)
(2.377258 -0.00029927711 8.8164286e-19)
(2.3742536 -0.00030141594 1.0963684e-18)
(2.3712334 -0.00030325769 -5.5654419e-19)
(2.3681984 -0.00030481497 9.8527362e-20)
(2.3651492 -0.00030609999 4.1632572e-18)
(2.3620867 -0.00030712481 8.8057188e-19)
(2.3590116 -0.0003079011 1.3900944e-18)
(2.3559245 -0.0003084403 2.1857463e-18)
(2.3528263 -0.0003087535 2.6400708e-18)
(2.3497174 -0.00030885154 2.6573676e-18)
(2.3465986 -0.00030874491 2.5963353e-18)
(2.3434704 -0.00030844386 2.5847093e-18)
(2.3403334 -0.00030795827 3.3223345e-18)
(2.3371882 -0.00030729775 2.7604322e-18)
(2.3340351 -0.00030647159 2.4659713e-18)
(2.3308749 -0.00030548887 2.419428e-18)
(2.3277079 -0.00030435823 2.0930805e-18)
(2.3245346 -0.00030308816 2.5036127e-18)
(2.3213555 -0.00030168673 5.7411161e-19)
(2.3181709 -0.00030016189 5.8742674e-18)
(2.3149814 -0.00029852111 3.5923113e-18)
(2.3117873 -0.00029677178 1.6067816e-18)
(2.3085889 -0.00029492085 1.9022442e-18)
(2.3053868 -0.00029297514 1.3755913e-18)
(2.3021811 -0.00029094109 1.8564497e-18)
(2.2989724 -0.000288825 2.1230446e-18)
(2.2957608 -0.00028663278 2.2052178e-18)
(2.2925468 -0.00028437028 2.5083468e-18)
(2.2893307 -0.00028204291 2.3706356e-18)
(2.2861127 -0.00027965603 2.9531032e-18)
(2.2828932 -0.00027721462 2.23981e-18)
(2.2796724 -0.00027472357 2.2337287e-18)
(2.2764507 -0.00027218746 2.2107667e-18)
(2.2732284 -0.00026961074 1.4094806e-18)
(2.2700056 -0.0002669976 2.2187691e-18)
(2.2667826 -0.00026435212 3.6855377e-18)
(2.2635598 -0.00026167807 2.6945191e-18)
(2.2603373 -0.00025897914 8.9935829e-19)
(2.2571153 -0.00025625881 1.6599412e-18)
(2.2538943 -0.00025352039 2.1302089e-18)
(2.2506742 -0.00025076702 2.2311336e-18)
(2.2474555 -0.00024800165 2.5483142e-18)
(2.2442383 -0.00024522713 2.2991965e-18)
(2.2410227 -0.00024244612 2.8792996e-19)
(2.2378092 -0.00023966117 2.758938e-18)
(2.2345977 -0.00023687462 3.7445983e-18)
(2.2313886 -0.0002340888 6.162137e-18)
(2.2281821 -0.0002313058 3.7854521e-18)
(2.2249783 -0.00022852765 2.9217166e-18)
(2.2217774 -0.0002257562 2.3196053e-18)
(2.2185797 -0.00022299331 1.71565e-18)
(2.2153853 -0.0002202406 2.118573e-18)
(2.2121943 -0.00021749968 5.1230732e-19)
(2.209007 -0.000214772 2.7171747e-18)
(2.2058236 -0.00021205895 5.6451458e-18)
(2.2026442 -0.00020936181 3.4493188e-18)
(2.1994689 -0.0002066818 2.4388411e-18)
(2.196298 -0.00020401998 2.3241061e-18)
(2.1931317 -0.00020137744 2.9242418e-18)
(2.18997 -0.00019875511 2.1384907e-18)
(2.1868131 -0.00019615388 -3.8474897e-19)
(2.1836612 -0.00019357455 2.6803884e-18)
(2.1805144 -0.00019101792 5.2588337e-18)
(2.1773729 -0.00018848464 3.3559137e-18)
(2.1742369 -0.00018597536 2.5840155e-18)
(2.1711064 -0.00018349065 2.3018025e-18)
(2.1679816 -0.00018103104 2.514659e-18)
(2.1648627 -0.00017859697 2.6359669e-18)
(2.1617498 -0.00017618888 9.4203317e-19)
(2.1586429 -0.00017380714 3.0598538e-18)
(2.1555423 -0.00017145208 3.8333605e-18)
(2.1524481 -0.00016912398 5.8927217e-18)
(2.1493604 -0.00016682309 3.6311242e-18)
(2.1462793 -0.00016454961 2.7413705e-18)
(2.1432049 -0.00016230373 2.53055e-18)
(2.1401374 -0.00016008556 2.6252331e-18)
(2.1370768 -0.00015789525 2.4179756e-18)
(2.1340233 -0.00015573281 4.4831578e-19)
(2.130977 -0.00015359835 2.8791616e-18)
(2.127938 -0.00015149183 5.4151139e-18)
(2.1249063 -0.00014941325 3.4600955e-18)
(2.1218822 -0.00014736258 3.0184426e-18)
(2.1188656 -0.00014533974 2.7501055e-18)
(2.1158567 -0.00014334461 2.5442713e-18)
(2.1128556 -0.00014137712 2.5285543e-18)
(2.1098624 -0.0001394371 1.0010488e-18)
(2.1068771 -0.00013752439 3.4606646e-18)
(2.1038999 -0.00013563881 6.1270337e-18)
(2.1009308 -0.00013378009 4.0745263e-18)
(2.0979699 -0.00013194795 4.2498854e-18)
(2.0950174 -0.00013014195 3.094125e-18)
(2.0920733 -0.00012836154 1.8231006e-18)
(2.0891376 -0.0001266058 2.5374555e-18)
(2.0862106 -0.00012487338 1.0411791e-18)
(2.0832923 -0.00012316195 3.5427983e-18)
(2.0803829 -0.00012146738 4.4770009e-18)
(2.0774827 -0.00011978487 6.355205e-18)
(2.074592 -0.00011809593 3.9686539e-18)
(2.0717115 -0.00011642671 3.1402403e-18)
(2.0688414 -0.00011459627 2.950462e-18)
(2.0659872 -0.00011340829 3.3412509e-18)
(2.0631202 -0.0001103794 3.1164315e-18)
(2.0603839 -0.00011601698 1.0041337e-18)
(2.0570285 -0.00011798652 3.5236439e-18)
(2.0557743 -0.0001069679 6.2592826e-18)
(2.0454567 -0.00094399782 5.8833109e-18)
)
;

boundaryField
{
    exteriorWall
    {
        type            noSlip;
    }
    inlet
    {
        type            fixedValue;
        value           uniform (5 0 0);
    }
    outlet
    {
        type            zeroGradient;
    }
    walls
    {
        type            noSlip;
    }
    frontAndBack
    {
        type            empty;
    }
    frontAndBack_pos
    {
        type            wedge;
    }
    frontAndBack_neg
    {
        type            wedge;
    }
}


// ************************************************************************* //
