/*--------------------------------*- C++ -*----------------------------------*\
  =========                 |
  \\      /  F ield         | OpenFOAM: The Open Source CFD Toolbox
   \\    /   O peration     | Website:  https://openfoam.org
    \\  /    A nd           | Version:  10
     \\/     M anipulation  |
\*---------------------------------------------------------------------------*/
FoamFile
{
    format      ascii;
    class       surfaceScalarField;
    location    "5000/FLUID";
    object      phi;
}
// * * * * * * * * * * * * * * * * * * * * * * * * * * * * * * * * * * * * * //

dimensions      [1 0 -1 0 0 0 0];

internalField   nonuniform List<scalar> 
2194
(
6.9267303e-06
-1.7706213e-07
7.1718311e-06
-2.4510067e-07
7.420099e-06
-2.4826785e-07
7.6557532e-06
-2.3565434e-07
7.8676637e-06
-2.1191062e-07
8.05014e-06
-1.8247643e-07
8.2026448e-06
-1.5250481e-07
8.3269018e-06
-1.2425691e-07
8.4256127e-06
-9.8710859e-08
8.5018671e-06
-7.6254383e-08
8.5587348e-06
-5.6867618e-08
8.5990431e-06
-4.0308254e-08
8.6252923e-06
-2.6249198e-08
8.6395992e-06
-1.4306942e-08
8.6436973e-06
-4.0981802e-09
8.6390977e-06
4.5995857e-09
8.6272421e-06
1.1855583e-08
8.6094765e-06
1.7765645e-08
8.5869897e-06
2.2486832e-08
8.5608159e-06
2.6173829e-08
8.5318481e-06
2.8967716e-08
8.5008515e-06
3.0996652e-08
8.468476e-06
3.2375452e-08
8.4352703e-06
3.3205748e-08
8.4016934e-06
3.3576846e-08
8.3681266e-06
3.356679e-08
8.3348832e-06
3.3243432e-08
8.3022177e-06
3.2665482e-08
8.2703342e-06
3.1883496e-08
8.2393934e-06
3.0940807e-08
8.209519e-06
2.9874381e-08
8.1808034e-06
2.8715603e-08
8.1533124e-06
2.7490986e-08
8.1270897e-06
2.622277e-08
8.1021603e-06
2.4929397e-08
8.0785351e-06
2.3625187e-08
8.0562124e-06
2.2322736e-08
8.0351789e-06
2.1033483e-08
8.0154132e-06
1.9765627e-08
7.9968879e-06
1.85253e-08
7.9795707e-06
1.7317254e-08
7.9634256e-06
1.6145097e-08
7.9484141e-06
1.5011489e-08
7.9344958e-06
1.3918297e-08
7.9216291e-06
1.2866719e-08
7.9097717e-06
1.1857399e-08
7.8988812e-06
1.0890527e-08
7.8889152e-06
9.9659527e-09
7.8798319e-06
9.083299e-09
7.8715898e-06
8.2420678e-09
7.8641478e-06
7.4420277e-09
7.8574656e-06
6.6821686e-09
7.8515051e-06
5.9605469e-09
7.84623e-06
5.2751157e-09
7.8416059e-06
4.62407e-09
7.8376001e-06
4.0057558e-09
7.8341815e-06
3.4186166e-09
7.8313203e-06
2.8611798e-09
7.8289883e-06
2.3320443e-09
7.8271584e-06
1.829865e-09
7.8258051e-06
1.3533409e-09
7.8249039e-06
9.0116203e-10
7.8244319e-06
4.7206118e-10
7.824368e-06
6.387292e-11
7.8246935e-06
-3.2545155e-10
7.8253901e-06
-6.9661686e-10
7.8264402e-06
-1.0501316e-09
7.8278268e-06
-1.3865814e-09
7.8295333e-06
-1.7065678e-09
7.8315441e-06
-2.0107058e-09
7.8338437e-06
-2.2996278e-09
7.8364177e-06
-2.5739777e-09
7.8392521e-06
-2.834402e-09
7.8423336e-06
-3.0815432e-09
7.8456496e-06
-3.3160342e-09
7.8491881e-06
-3.5384935e-09
7.8529377e-06
-3.7495217e-09
7.8568874e-06
-3.9496992e-09
7.8610269e-06
-4.1395845e-09
7.8653467e-06
-4.3197131e-09
7.8698372e-06
-4.4905971e-09
7.87449e-06
-4.6527249e-09
7.8792965e-06
-4.8065614e-09
7.8842491e-06
-4.9525483e-09
7.8893402e-06
-5.091105e-09
7.8945628e-06
-5.2226286e-09
7.8999103e-06
-5.3474953e-09
7.9053764e-06
-5.4660608e-09
7.910955e-06
-5.5786614e-09
7.9166406e-06
-5.6856147e-09
7.9224279e-06
-5.7872204e-09
7.9283116e-06
-5.8837616e-09
7.9342871e-06
-5.9755051e-09
7.9403498e-06
-6.0627025e-09
7.9464954e-06
-6.1455911e-09
7.9527198e-06
-6.2243944e-09
7.9590191e-06
-6.2993233e-09
7.9653897e-06
-6.3705767e-09
7.9718281e-06
-6.4383418e-09
7.9783309e-06
-6.5027952e-09
7.984895e-06
-6.5641036e-09
7.9915174e-06
-6.622423e-09
7.9981953e-06
-6.6779006e-09
8.004926e-06
-6.7306761e-09
8.0117068e-06
-6.7808812e-09
8.0185355e-06
-6.8286396e-09
8.0254096e-06
-6.8740682e-09
8.0323268e-06
-6.9172772e-09
8.0392852e-06
-6.9583707e-09
8.0462826e-06
-6.9974468e-09
8.0533172e-06
-7.0345983e-09
8.0603872e-06
-7.0699128e-09
8.0674906e-06
-7.1034731e-09
8.074626e-06
-7.1353575e-09
8.0817916e-06
-7.1656399e-09
8.088986e-06
-7.1943903e-09
8.0962077e-06
-7.2216749e-09
8.1034552e-06
-7.2475563e-09
8.1107273e-06
-7.2720939e-09
8.1180227e-06
-7.2953438e-09
8.12534e-06
-7.3173594e-09
8.1326782e-06
-7.3381911e-09
8.1400361e-06
-7.3578868e-09
8.1474126e-06
-7.3764919e-09
8.1548067e-06
-7.3940496e-09
8.1622173e-06
-7.4106008e-09
8.1696435e-06
-7.4261844e-09
8.1770843e-06
-7.4408375e-09
8.1845389e-06
-7.4545952e-09
8.1920064e-06
-7.467491e-09
8.1994859e-06
-7.4795566e-09
8.2069768e-06
-7.4908225e-09
8.2144781e-06
-7.5013176e-09
8.2219891e-06
-7.5110693e-09
8.2295092e-06
-7.520104e-09
8.2370377e-06
-7.5284467e-09
8.2445738e-06
-7.5361213e-09
8.252117e-06
-7.5431507e-09
8.2596665e-06
-7.5495568e-09
8.2672219e-06
-7.5553602e-09
8.2747825e-06
-7.5605812e-09
8.2823477e-06
-7.5652386e-09
8.2899171e-06
-7.5693509e-09
8.29749e-06
-7.5729355e-09
8.305066e-06
-7.5760093e-09
8.3126446e-06
-7.5785882e-09
8.3202253e-06
-7.5806879e-09
8.3278076e-06
-7.582323e-09
8.3353911e-06
-7.5835078e-09
8.3429754e-06
-7.584256e-09
8.3505599e-06
-7.5845807e-09
8.3581444e-06
-7.5844947e-09
8.3657285e-06
-7.58401e-09
8.3733116e-06
-7.5831383e-09
8.3808935e-06
-7.581891e-09
8.3884738e-06
-7.5802789e-09
8.3960521e-06
-7.5783125e-09
8.4036281e-06
-7.5760019e-09
8.4112014e-06
-7.5733569e-09
8.4187718e-06
-7.5703869e-09
8.4263389e-06
-7.5671011e-09
8.4339024e-06
-7.5635082e-09
8.441462e-06
-7.5596167e-09
8.4490175e-06
-7.555435e-09
8.4565685e-06
-7.5509709e-09
8.4641147e-06
-7.5462322e-09
8.4716559e-06
-7.5412264e-09
8.4791919e-06
-7.5359607e-09
8.4867223e-06
-7.5304421e-09
8.494247e-06
-7.5246775e-09
8.5017657e-06
-7.5186735e-09
8.5092781e-06
-7.5124364e-09
8.5167841e-06
-7.5059725e-09
8.5242834e-06
-7.4992878e-09
8.5317758e-06
-7.492388e-09
8.539261e-06
-7.485279e-09
8.546739e-06
-7.477966e-09
8.5542095e-06
-7.4704544e-09
8.5616722e-06
-7.4627493e-09
8.5691271e-06
-7.4548553e-09
8.5765738e-06
-7.4467771e-09
8.5840124e-06
-7.4385187e-09
8.5914424e-06
-7.4300836e-09
8.5988639e-06
-7.421474e-09
8.6062766e-06
-7.4126907e-09
8.6136803e-06
-7.403731e-09
8.6210749e-06
-7.3945867e-09
8.6284602e-06
-7.3852389e-09
8.6358358e-06
-7.3756498e-09
8.6432016e-06
-7.3657455e-09
8.6505569e-06
-7.3553856e-09
8.6579012e-06
-7.344298e-09
8.6652332e-06
-7.331981e-09
8.6725506e-06
-7.3173506e-09
8.6798493e-06
-7.2986972e-09
8.6871195e-06
-7.2702282e-09
8.6943487e-06
-7.2292007e-09
8.701471e-06
-7.1222947e-09
8.7085e-06
-7.0289777e-09
-6.1900563e-09
1.161182e-05
-5.8419719e-07
1.200495e-05
-6.3823019e-07
1.2327851e-05
-5.711688e-07
1.2590488e-05
-4.9829179e-07
1.2790349e-05
-4.1177088e-07
1.2933954e-05
-3.2608194e-07
1.3031468e-05
-2.5001934e-07
1.3092494e-05
-1.8528229e-07
1.312555e-05
-1.317673e-07
1.3137844e-05
-8.8548211e-08
1.3135183e-05
-5.4206198e-08
1.3122075e-05
-2.7200522e-08
1.3101878e-05
-6.0516249e-09
1.3077214e-05
1.0356169e-08
1.3050351e-05
2.276571e-08
1.3023024e-05
3.1926328e-08
1.2996318e-05
3.8560974e-08
1.2970861e-05
4.322295e-08
1.2947019e-05
4.6329218e-08
1.2924982e-05
4.8210484e-08
1.2904823e-05
4.9127123e-08
1.2886536e-05
4.9283688e-08
1.2870069e-05
4.8841868e-08
1.2855345e-05
4.7930373e-08
1.2842269e-05
4.6652413e-08
1.2830744e-05
4.509136e-08
1.2820673e-05
4.3315003e-08
1.281196e-05
4.1378756e-08
1.2804515e-05
3.9328089e-08
1.2798255e-05
3.7200402e-08
1.2793103e-05
3.5026482e-08
1.2788987e-05
3.2831658e-08
1.2785841e-05
3.0636729e-08
1.2783606e-05
2.845871e-08
1.2782223e-05
2.6311478e-08
1.2781642e-05
2.4206341e-08
1.2781812e-05
2.2153293e-08
1.2782686e-05
2.0158794e-08
1.2784228e-05
1.8224514e-08
1.27864e-05
1.6353283e-08
1.2789169e-05
1.4547654e-08
1.2792505e-05
1.2809427e-08
1.2796377e-05
1.1139644e-08
1.2800756e-05
9.5386602e-09
1.2805617e-05
8.0062391e-09
1.2810933e-05
6.5416517e-09
1.2816679e-05
5.1437572e-09
1.2822834e-05
3.8110811e-09
1.2829376e-05
2.5417488e-09
1.2836284e-05
1.3337366e-09
1.2843544e-05
1.8201012e-10
1.2851145e-05
-9.1857799e-10
1.2859075e-05
-1.9695035e-09
1.2867321e-05
-2.9711574e-09
1.287587e-05
-3.9243021e-09
1.2884705e-05
-4.8300041e-09
1.2893813e-05
-5.6895164e-09
1.2903179e-05
-6.5042483e-09
1.2912787e-05
-7.2757386e-09
1.2922622e-05
-8.0056192e-09
1.2932671e-05
-8.695577e-09
1.2942919e-05
-9.3473004e-09
1.2953354e-05
-9.9624594e-09
1.296396e-05
-1.0542249e-08
1.2974723e-05
-1.1088113e-08
1.2985628e-05
-1.1602256e-08
1.2996665e-05
-1.2086681e-08
1.3007822e-05
-1.2543145e-08
1.3019088e-05
-1.297326e-08
1.3030456e-05
-1.337851e-08
1.3041917e-05
-1.3760273e-08
1.3053463e-05
-1.4119833e-08
1.3065087e-05
-1.4458393e-08
1.3076782e-05
-1.4777085e-08
1.3088543e-05
-1.5076978e-08
1.3100364e-05
-1.5359081e-08
1.3112238e-05
-1.5624348e-08
1.3124162e-05
-1.5873683e-08
1.3136131e-05
-1.6107944e-08
1.3148139e-05
-1.6327942e-08
1.3160183e-05
-1.6534446e-08
1.3172258e-05
-1.6728184e-08
1.3184362e-05
-1.6909844e-08
1.3196489e-05
-1.708008e-08
1.3208638e-05
-1.7239507e-08
1.3220804e-05
-1.738871e-08
1.3232984e-05
-1.7528237e-08
1.3245177e-05
-1.765861e-08
1.3257379e-05
-1.7780321e-08
1.3269587e-05
-1.7893833e-08
1.3281799e-05
-1.7999583e-08
1.3294013e-05
-1.8097984e-08
1.3306227e-05
-1.8189426e-08
1.3318439e-05
-1.8274275e-08
1.3330646e-05
-1.8352878e-08
1.3342847e-05
-1.8425561e-08
1.3355041e-05
-1.8492632e-08
1.3367224e-05
-1.855438e-08
1.3379397e-05
-1.8611078e-08
1.3391557e-05
-1.8662986e-08
1.3403704e-05
-1.8710348e-08
1.3415835e-05
-1.8753392e-08
1.3427949e-05
-1.8792331e-08
1.3440046e-05
-1.8827369e-08
1.3452124e-05
-1.8858699e-08
1.3464181e-05
-1.8886503e-08
1.3476218e-05
-1.8910952e-08
1.3488233e-05
-1.8932206e-08
1.3500225e-05
-1.8950419e-08
1.3512194e-05
-1.8965734e-08
1.3524137e-05
-1.8978287e-08
1.3536056e-05
-1.8988207e-08
1.3547948e-05
-1.8995615e-08
1.3559813e-05
-1.9000626e-08
1.3571651e-05
-1.9003347e-08
1.358346e-05
-1.9003883e-08
1.3595241e-05
-1.900233e-08
1.3606992e-05
-1.8998779e-08
1.3618713e-05
-1.899332e-08
1.3630404e-05
-1.8986033e-08
1.3642064e-05
-1.8976997e-08
1.3653692e-05
-1.8966288e-08
1.3665288e-05
-1.8953974e-08
1.3676851e-05
-1.8940124e-08
1.3688382e-05
-1.89248e-08
1.369988e-05
-1.8908063e-08
1.3711343e-05
-1.8889971e-08
1.3722773e-05
-1.8870578e-08
1.3734168e-05
-1.8849937e-08
1.3745529e-05
-1.8828096e-08
1.3756855e-05
-1.8805104e-08
1.3768145e-05
-1.8781004e-08
1.3779399e-05
-1.8755841e-08
1.3790618e-05
-1.8729654e-08
1.38018e-05
-1.8702484e-08
1.3812946e-05
-1.8674367e-08
1.3824055e-05
-1.8645339e-08
1.3835128e-05
-1.8615434e-08
1.3846163e-05
-1.8584686e-08
1.3857161e-05
-1.8553125e-08
1.3868121e-05
-1.8520781e-08
1.3879043e-05
-1.8487684e-08
1.3889928e-05
-1.845386e-08
1.3900774e-05
-1.8419337e-08
1.3911582e-05
-1.8384139e-08
1.3922352e-05
-1.8348292e-08
1.3933083e-05
-1.8311818e-08
1.3943776e-05
-1.8274741e-08
1.3954429e-05
-1.8237081e-08
1.3965044e-05
-1.8198861e-08
1.3975619e-05
-1.81601e-08
1.3986156e-05
-1.8120818e-08
1.3996653e-05
-1.8081033e-08
1.400711e-05
-1.8040764e-08
1.4017528e-05
-1.8000028e-08
1.4027907e-05
-1.7958843e-08
1.4038246e-05
-1.7917225e-08
1.4048545e-05
-1.7875189e-08
1.4058804e-05
-1.7832751e-08
1.4069024e-05
-1.7789925e-08
1.4079204e-05
-1.7746727e-08
1.4089343e-05
-1.7703171e-08
1.4099443e-05
-1.7659269e-08
1.4109502e-05
-1.7615036e-08
1.4119522e-05
-1.7570483e-08
1.4129501e-05
-1.7525624e-08
1.4139441e-05
-1.748047e-08
1.414934e-05
-1.7435034e-08
1.4159199e-05
-1.7389326e-08
1.4169017e-05
-1.7343357e-08
1.4178796e-05
-1.729714e-08
1.4188534e-05
-1.7250683e-08
1.4198232e-05
-1.7203998e-08
1.420789e-05
-1.7157094e-08
1.4217507e-05
-1.710998e-08
1.4227085e-05
-1.7062667e-08
1.4236622e-05
-1.7015163e-08
1.4246119e-05
-1.6967476e-08
1.4255576e-05
-1.6919615e-08
1.4264993e-05
-1.6871589e-08
1.4274369e-05
-1.6823403e-08
1.4283706e-05
-1.6775066e-08
1.4293002e-05
-1.6726582e-08
1.4302259e-05
-1.6677957e-08
1.4311475e-05
-1.662919e-08
1.4320652e-05
-1.6580278e-08
1.4329788e-05
-1.6531209e-08
1.4338885e-05
-1.6481955e-08
1.4347942e-05
-1.643246e-08
1.4356959e-05
-1.638262e-08
1.4365936e-05
-1.6332241e-08
1.4374872e-05
-1.6280959e-08
1.4383769e-05
-1.6228155e-08
1.4392624e-05
-1.6172465e-08
1.4401437e-05
-1.6112347e-08
1.4410206e-05
-1.6039222e-08
1.4418937e-05
-1.5959549e-08
1.4427567e-05
-1.5752887e-08
1.4436247e-05
-1.5709153e-08
-1.3427344e-08
1.0264591e-05
-1.0137514e-06
1.0445078e-05
-8.1871735e-07
1.0511161e-05
-6.3725128e-07
1.0523065e-05
-5.1019594e-07
1.0502556e-05
-3.9126133e-07
1.0468105e-05
-2.9163115e-07
1.0430086e-05
-2.1200072e-07
1.0393938e-05
-1.4913391e-07
1.0362661e-05
-1.0049081e-07
1.0337764e-05
-6.3651276e-08
1.031982e-05
-3.6262069e-08
1.0308837e-05
-1.6217241e-08
1.0304469e-05
-1.6836578e-09
1.0306137e-05
8.6876806e-09
1.0313073e-05
1.5830042e-08
1.0324454e-05
2.0545373e-08
1.0339545e-05
2.3469729e-08
1.035769e-05
2.5078077e-08
1.0378306e-05
2.5713394e-08
1.0400888e-05
2.5628989e-08
1.0425002e-05
2.5012793e-08
1.0450281e-05
2.4004362e-08
1.0476415e-05
2.2708198e-08
1.0503142e-05
2.1203373e-08
1.0530244e-05
1.955037e-08
1.0557539e-05
1.7795959e-08
1.0584878e-05
1.5976689e-08
1.0612135e-05
1.4121369e-08
1.063921e-05
1.2252868e-08
1.0666021e-05
1.038942e-08
1.0692502e-05
8.5456172e-09
1.0718601e-05
6.7332099e-09
1.0744275e-05
4.961822e-09
1.0769494e-05
3.240154e-09
1.0794229e-05
1.5766027e-09
1.0818445e-05
-9.5292573e-12
1.0842119e-05
-1.5208822e-09
1.0865253e-05
-2.975196e-09
1.0887847e-05
-4.3695526e-09
1.0909901e-05
-5.7011784e-09
1.0931418e-05
-6.9689848e-09
1.09524e-05
-8.1727417e-09
1.0972853e-05
-9.3128846e-09
1.0992782e-05
-1.0390402e-08
1.1012195e-05
-1.1406702e-08
1.10311e-05
-1.2363494e-08
1.1049506e-05
-1.3262705e-08
1.1067424e-05
-1.4106403e-08
1.1084862e-05
-1.4896688e-08
1.1101832e-05
-1.5635674e-08
1.1118337e-05
-1.632285e-08
1.1134377e-05
-1.6958894e-08
1.1149956e-05
-1.7549039e-08
1.1165083e-05
-1.8097942e-08
1.1179768e-05
-1.8608766e-08
1.1194022e-05
-1.9083837e-08
1.1207857e-05
-1.952503e-08
1.1221287e-05
-1.9933974e-08
1.1234323e-05
-2.031218e-08
1.1246979e-05
-2.06611e-08
1.1259265e-05
-2.0982158e-08
1.1271195e-05
-2.1276744e-08
1.1282778e-05
-2.1546248e-08
1.1294028e-05
-2.1791881e-08
1.1304955e-05
-2.2014764e-08
1.1315569e-05
-2.2216196e-08
1.132588e-05
-2.2397504e-08
1.1335896e-05
-2.2559958e-08
1.1345628e-05
-2.2704758e-08
1.1355082e-05
-2.283303e-08
1.1364268e-05
-2.2945821e-08
1.1373192e-05
-2.3044105e-08
1.1381863e-05
-2.312879e-08
1.1390286e-05
-2.3200724e-08
1.139847e-05
-2.3260703e-08
1.140642e-05
-2.3309471e-08
1.1414144e-05
-2.334773e-08
1.1421646e-05
-2.3376139e-08
1.1428934e-05
-2.3395318e-08
1.1436011e-05
-2.3405854e-08
1.1442885e-05
-2.3408295e-08
1.144956e-05
-2.3403162e-08
1.1456041e-05
-2.3390944e-08
1.1462333e-05
-2.3372101e-08
1.1468441e-05
-2.3347065e-08
1.1474368e-05
-2.3316246e-08
1.148012e-05
-2.3280026e-08
1.14857e-05
-2.3238766e-08
1.1491113e-05
-2.3192806e-08
1.1496362e-05
-2.3142463e-08
1.150145e-05
-2.3088037e-08
1.1506382e-05
-2.3029809e-08
1.151116e-05
-2.2968043e-08
1.1515789e-05
-2.2902985e-08
1.1520271e-05
-2.2834868e-08
1.152461e-05
-2.276391e-08
1.1528807e-05
-2.2690315e-08
1.1532867e-05
-2.2614273e-08
1.1536792e-05
-2.2535965e-08
1.1540585e-05
-2.2455557e-08
1.1544247e-05
-2.2373215e-08
1.1547783e-05
-2.2289082e-08
1.1551194e-05
-2.2203292e-08
1.1554483e-05
-2.2115975e-08
1.1557651e-05
-2.2027255e-08
1.1560702e-05
-2.1937245e-08
1.1563637e-05
-2.1846053e-08
1.1566459e-05
-2.1753776e-08
1.1569169e-05
-2.166051e-08
1.1571769e-05
-2.1566341e-08
1.1574262e-05
-2.1471352e-08
1.157665e-05
-2.1375619e-08
1.1578933e-05
-2.1279215e-08
1.1581115e-05
-2.1182205e-08
1.1583196e-05
-2.1084655e-08
1.1585179e-05
-2.0986622e-08
1.1587065e-05
-2.0888162e-08
1.1588855e-05
-2.0789326e-08
1.1590552e-05
-2.0690164e-08
1.1592157e-05
-2.0590721e-08
1.1593671e-05
-2.049104e-08
1.1595096e-05
-2.039116e-08
1.1596433e-05
-2.0291119e-08
1.1597684e-05
-2.0190952e-08
1.159885e-05
-2.0090692e-08
1.1599932e-05
-1.999037e-08
1.1600932e-05
-1.9890014e-08
1.1601851e-05
-1.9789653e-08
1.1602691e-05
-1.9689311e-08
1.1603451e-05
-1.9589012e-08
1.1604135e-05
-1.9488779e-08
1.1604743e-05
-1.9388632e-08
1.1605276e-05
-1.9288592e-08
1.1605735e-05
-1.9188678e-08
1.1606121e-05
-1.9088905e-08
1.1606436e-05
-1.8989292e-08
1.160668e-05
-1.8889853e-08
1.1606856e-05
-1.8790602e-08
1.1606962e-05
-1.8691554e-08
1.1607002e-05
-1.8592721e-08
1.1606975e-05
-1.8494115e-08
1.1606883e-05
-1.8395747e-08
1.1606727e-05
-1.8297628e-08
1.1606508e-05
-1.8199769e-08
1.1606226e-05
-1.8102178e-08
1.1605882e-05
-1.8004864e-08
1.1605478e-05
-1.7907836e-08
1.1605015e-05
-1.7811102e-08
1.1604492e-05
-1.7714669e-08
1.1603912e-05
-1.7618544e-08
1.1603275e-05
-1.7522734e-08
1.1602581e-05
-1.7427245e-08
1.1601832e-05
-1.7332084e-08
1.1601028e-05
-1.7237254e-08
1.1600171e-05
-1.7142763e-08
1.1599261e-05
-1.7048615e-08
1.1598299e-05
-1.6954814e-08
1.1597285e-05
-1.6861366e-08
1.159622e-05
-1.6768274e-08
1.1595106e-05
-1.6675542e-08
1.1593942e-05
-1.6583175e-08
1.159273e-05
-1.6491176e-08
1.1591471e-05
-1.6399549e-08
1.1590164e-05
-1.6308297e-08
1.1588811e-05
-1.6217422e-08
1.1587412e-05
-1.6126929e-08
1.1585968e-05
-1.6036819e-08
1.1584481e-05
-1.5947096e-08
1.1582949e-05
-1.5857762e-08
1.1581374e-05
-1.576882e-08
1.1579758e-05
-1.5680271e-08
1.1578099e-05
-1.5592118e-08
1.1576399e-05
-1.5504363e-08
1.1574659e-05
-1.5417008e-08
1.1572879e-05
-1.5330055e-08
1.157106e-05
-1.5243504e-08
1.1569202e-05
-1.5157358e-08
1.1567307e-05
-1.5071617e-08
1.1565373e-05
-1.4986284e-08
1.1563403e-05
-1.4901357e-08
1.1561396e-05
-1.4816838e-08
1.1559354e-05
-1.4732727e-08
1.1557277e-05
-1.4649022e-08
1.1555164e-05
-1.4565722e-08
1.1553018e-05
-1.4482824e-08
1.1550838e-05
-1.4400318e-08
1.1548625e-05
-1.4318192e-08
1.1546379e-05
-1.4236421e-08
1.1544102e-05
-1.415496e-08
1.1541793e-05
-1.4073733e-08
1.1539453e-05
-1.3992605e-08
1.1537084e-05
-1.3911347e-08
1.1534685e-05
-1.3829658e-08
1.153226e-05
-1.3746956e-08
1.1529812e-05
-1.3664202e-08
1.1527351e-05
-1.3578473e-08
1.1524914e-05
-1.3522972e-08
1.152257e-05
-1.3409038e-08
1.1520637e-05
-1.3776011e-08
-1.2153943e-08
7.4522902e-06
-1.1595754e-06
7.3381959e-06
-7.0462307e-07
7.2160736e-06
-5.1512897e-07
7.1111125e-06
-4.0523484e-07
7.0302833e-06
-3.1043211e-07
6.973677e-06
-2.3502492e-07
6.9369252e-06
-1.7524887e-07
6.9159117e-06
-1.281204e-07
6.9073395e-06
-9.1918693e-08
6.9085656e-06
-6.4877358e-08
6.917495e-06
-4.5191471e-08
6.9324755e-06
-3.1197685e-08
6.9522515e-06
-2.1459711e-08
6.9757319e-06
-1.4792717e-08
7.0018757e-06
-1.0313767e-08
7.0298388e-06
-7.417684e-09
7.0589547e-06
-5.6461624e-09
7.0886914e-06
-4.6586597e-09
7.1186201e-06
-4.2152976e-09
7.148396e-06
-4.1469035e-09
7.1777431e-06
-4.3342958e-09
7.2064415e-06
-4.6940292e-09
7.2343173e-06
-5.16761e-09
7.2612345e-06
-5.7138098e-09
7.2870882e-06
-6.3033646e-09
7.3117995e-06
-6.9153255e-09
7.3353107e-06
-7.5345597e-09
7.3575822e-06
-8.1500481e-09
7.3785888e-06
-8.7537214e-09
7.3983178e-06
-9.3396573e-09
7.416767e-06
-9.9035124e-09
7.4339423e-06
-1.0442089e-08
7.4498571e-06
-1.0953004e-08
7.4645315e-06
-1.1434213e-08
7.4779925e-06
-1.1884413e-08
7.4902886e-06
-1.2305658e-08
7.5014637e-06
-1.2695984e-08
7.5115434e-06
-1.3054918e-08
7.5205601e-06
-1.3386189e-08
7.5285497e-06
-1.3690825e-08
7.5355501e-06
-1.3969352e-08
7.5415996e-06
-1.4222299e-08
7.5467371e-06
-1.4450311e-08
7.5510008e-06
-1.4654183e-08
7.554429e-06
-1.483483e-08
7.5570587e-06
-1.4993251e-08
7.5589265e-06
-1.5130499e-08
7.5600678e-06
-1.5247658e-08
7.5605169e-06
-1.5345824e-08
7.5603075e-06
-1.5426296e-08
7.5594742e-06
-1.5489559e-08
7.5580508e-06
-1.5535499e-08
7.5560671e-06
-1.5565332e-08
7.5535501e-06
-1.5580944e-08
7.5505253e-06
-1.5583905e-08
7.5470168e-06
-1.5575417e-08
7.5430482e-06
-1.5556419e-08
7.5386419e-06
-1.5527684e-08
7.5338197e-06
-1.5489891e-08
7.5286022e-06
-1.5443664e-08
7.5230097e-06
-1.5389598e-08
7.5170612e-06
-1.5328266e-08
7.5107752e-06
-1.5260243e-08
7.5041693e-06
-1.5186043e-08
7.4972607e-06
-1.5106107e-08
7.4900654e-06
-1.5020918e-08
7.4825989e-06
-1.4930969e-08
7.4748756e-06
-1.4836725e-08
7.4669095e-06
-1.4738635e-08
7.4587136e-06
-1.4637117e-08
7.4503003e-06
-1.4532561e-08
7.4416816e-06
-1.4425327e-08
7.4328685e-06
-1.4315748e-08
7.4238719e-06
-1.420413e-08
7.414702e-06
-1.4090756e-08
7.4053684e-06
-1.3975888e-08
7.3958804e-06
-1.385977e-08
7.3862469e-06
-1.3742625e-08
7.3764763e-06
-1.3624663e-08
7.3665765e-06
-1.3506076e-08
7.3565552e-06
-1.3387042e-08
7.3464198e-06
-1.3267727e-08
7.3361771e-06
-1.3148283e-08
7.3258339e-06
-1.302885e-08
7.3153964e-06
-1.2909558e-08
7.3048706e-06
-1.2790524e-08
7.2942625e-06
-1.2671858e-08
7.2835774e-06
-1.255366e-08
7.2728206e-06
-1.243602e-08
7.2619971e-06
-1.2319021e-08
7.2511118e-06
-1.2202737e-08
7.2401693e-06
-1.2087237e-08
7.2291738e-06
-1.1972581e-08
7.2181296e-06
-1.1858824e-08
7.2070408e-06
-1.1746015e-08
7.1959111e-06
-1.1634197e-08
7.1847442e-06
-1.1523409e-08
7.1735436e-06
-1.1413684e-08
7.1623127e-06
-1.1305051e-08
7.1510546e-06
-1.1197534e-08
7.1397726e-06
-1.1091161e-08
7.1284695e-06
-1.0985948e-08
7.1171481e-06
-1.0881903e-08
7.1058111e-06
-1.0779039e-08
7.0944612e-06
-1.0677368e-08
7.0831009e-06
-1.0576894e-08
7.0717325e-06
-1.0477622e-08
7.0603582e-06
-1.0379555e-08
7.0489804e-06
-1.0282691e-08
7.0376011e-06
-1.0187028e-08
7.0262223e-06
-1.0092564e-08
7.014846e-06
-9.9992929e-09
7.003474e-06
-9.9072083e-09
6.9921081e-06
-9.8163027e-09
6.98075e-06
-9.7265671e-09
6.9694014e-06
-9.6379919e-09
6.9580638e-06
-9.5505664e-09
6.9467387e-06
-9.4642792e-09
6.9354277e-06
-9.379118e-09
6.924132e-06
-9.2950702e-09
6.9128531e-06
-9.2121224e-09
6.9015922e-06
-9.1302609e-09
6.8903506e-06
-9.0494714e-09
6.8791293e-06
-8.9697394e-09
6.8679297e-06
-8.8910502e-09
6.8567527e-06
-8.8133886e-09
6.8455994e-06
-8.7367395e-09
6.8344709e-06
-8.6610875e-09
6.823368e-06
-8.5864172e-09
6.8122917e-06
-8.5127129e-09
6.8012429e-06
-8.4399591e-09
6.7902224e-06
-8.3681403e-09
6.779231e-06
-8.2972411e-09
6.7682696e-06
-8.2272458e-09
6.7573388e-06
-8.1581391e-09
6.7464394e-06
-8.0899058e-09
6.7355721e-06
-8.0225307e-09
6.7247375e-06
-7.9559987e-09
6.7139363e-06
-7.8902951e-09
6.7031689e-06
-7.825405e-09
6.6924361e-06
-7.761314e-09
6.6817384e-06
-7.6980078e-09
6.6710762e-06
-7.6354722e-09
6.6604502e-06
-7.5736934e-09
6.6498606e-06
-7.5126575e-09
6.6393081e-06
-7.4523513e-09
6.6287931e-06
-7.3927613e-09
6.6183158e-06
-7.3338746e-09
6.6078768e-06
-7.2756785e-09
6.5974765e-06
-7.2181604e-09
6.587115e-06
-7.161308e-09
6.5767929e-06
-7.1051093e-09
6.5665104e-06
-7.0495524e-09
6.5562677e-06
-6.9946259e-09
6.5460653e-06
-6.9403184e-09
6.5359033e-06
-6.8866188e-09
6.525782e-06
-6.8335164e-09
6.5157016e-06
-6.7810006e-09
6.5056624e-06
-6.729061e-09
6.4956646e-06
-6.6776877e-09
6.4857083e-06
-6.6268706e-09
6.4757937e-06
-6.5766002e-09
6.465921e-06
-6.5268672e-09
6.4560904e-06
-6.4776624e-09
6.4463019e-06
-6.4289769e-09
6.4365558e-06
-6.3808019e-09
6.4268521e-06
-6.3331291e-09
6.417191e-06
-6.28595e-09
6.4075724e-06
-6.2392566e-09
6.3979967e-06
-6.1930411e-09
6.3884637e-06
-6.1472957e-09
6.3789736e-06
-6.1020129e-09
6.3695264e-06
-6.0571853e-09
6.3601222e-06
-6.0128057e-09
6.350761e-06
-5.9688671e-09
6.3414429e-06
-5.9253625e-09
6.3321678e-06
-5.8822852e-09
6.3229358e-06
-5.8396284e-09
6.3137469e-06
-5.7973856e-09
6.3046011e-06
-5.7555501e-09
6.2954984e-06
-5.7141154e-09
6.2864387e-06
-5.6730748e-09
6.2774221e-06
-5.6324217e-09
6.2684486e-06
-5.5921487e-09
6.259518e-06
-5.5522475e-09
6.2506304e-06
-5.5127085e-09
6.2417857e-06
-5.4735187e-09
6.2329839e-06
-5.4346597e-09
6.2242251e-06
-5.3961032e-09
6.2155092e-06
-5.3578035e-09
6.2068362e-06
-5.3196868e-09
6.1982065e-06
-5.2816255e-09
6.1896203e-06
-5.2434906e-09
6.1810782e-06
-5.2048492e-09
6.1725812e-06
-5.1671884e-09
6.164129e-06
-5.1262133e-09
6.1557264e-06
-5.1203717e-09
6.1473968e-06
-5.0795014e-09
6.1391408e-06
-5.5199939e-09
-6.4006206e-09
4.7661572e-06
-8.7733465e-07
4.5007612e-06
-4.3922701e-07
4.311096e-06
-3.2546375e-07
4.1599583e-06
-2.5409714e-07
4.0441699e-06
-1.9464375e-07
3.9566744e-06
-1.4752935e-07
3.8910207e-06
-1.0959517e-07
3.8424664e-06
-7.9566124e-08
3.8071311e-06
-5.6583349e-08
3.781793e-06
-3.9539336e-08
3.7638623e-06
-2.7260695e-08
3.7513119e-06
-1.8647313e-08
3.7426144e-06
-1.2762243e-08
3.7366376e-06
-8.8159089e-09
3.7325114e-06
-6.1875606e-09
3.729561e-06
-4.4672518e-09
3.7272816e-06
-3.3667728e-09
3.7253037e-06
-2.6807581e-09
3.7233576e-06
-2.2692065e-09
3.7212481e-06
-2.0374304e-09
3.7188356e-06
-1.9217542e-09
3.7160215e-06
-1.8799387e-09
3.7127381e-06
-1.8842264e-09
3.7089408e-06
-1.9164781e-09
3.7046023e-06
-1.9649001e-09
3.6997088e-06
-2.0218586e-09
3.6942567e-06
-2.0824346e-09
3.6882502e-06
-2.1434761e-09
3.6816994e-06
-2.2029819e-09
3.6746195e-06
-2.2597008e-09
3.6670288e-06
-2.3128687e-09
3.6589487e-06
-2.3620237e-09
3.6504026e-06
-2.4068924e-09
3.6414156e-06
-2.4472227e-09
3.632014e-06
-2.482767e-09
3.6222247e-06
-2.5163194e-09
3.6120754e-06
-2.5467334e-09
3.601592e-06
-2.5714978e-09
3.5907981e-06
-2.5923477e-09
3.5797174e-06
-2.6101048e-09
3.5683732e-06
-2.6250772e-09
3.5567883e-06
-2.6374204e-09
3.5449852e-06
-2.6472444e-09
3.5329857e-06
-2.6546573e-09
3.5208106e-06
-2.6597777e-09
3.5084801e-06
-2.6627338e-09
3.4960133e-06
-2.6636582e-09
3.4834283e-06
-2.6626908e-09
3.4707424e-06
-2.6599582e-09
3.4579719e-06
-2.6557439e-09
3.4451325e-06
-2.6501751e-09
3.4322399e-06
-2.6429101e-09
3.4193085e-06
-2.6338914e-09
3.406351e-06
-2.6234472e-09
3.393379e-06
-2.6118839e-09
3.380403e-06
-2.5994042e-09
3.3674327e-06
-2.5861337e-09
3.3544771e-06
-2.5721481e-09
3.3415447e-06
-2.5574974e-09
3.3286433e-06
-2.5422217e-09
3.3157801e-06
-2.5263598e-09
3.3029617e-06
-2.5099504e-09
3.2901945e-06
-2.4930491e-09
3.2774842e-06
-2.4757016e-09
3.264836e-06
-2.4579263e-09
3.2522549e-06
-2.4397587e-09
3.2397451e-06
-2.4212428e-09
3.2273108e-06
-2.4024193e-09
3.2149555e-06
-2.3833301e-09
3.2026824e-06
-2.3640165e-09
3.1904944e-06
-2.3445172e-09
3.1783939e-06
-2.3248672e-09
3.1663833e-06
-2.3050985e-09
3.1544644e-06
-2.2852401e-09
3.1426389e-06
-2.2653185e-09
3.1309084e-06
-2.2453579e-09
3.119274e-06
-2.2253808e-09
3.1077368e-06
-2.2054079e-09
3.0962976e-06
-2.1854583e-09
3.0849571e-06
-2.1655497e-09
3.0737157e-06
-2.1456985e-09
3.0625739e-06
-2.12592e-09
3.0515319e-06
-2.1062283e-09
3.0405897e-06
-2.0866363e-09
3.0297473e-06
-2.067156e-09
3.0190045e-06
-2.0477983e-09
3.0083613e-06
-2.0285733e-09
2.9978171e-06
-2.0094902e-09
2.9873716e-06
-1.9905573e-09
2.9770244e-06
-1.971782e-09
2.9667748e-06
-1.9531712e-09
2.9566223e-06
-1.9347309e-09
2.9465662e-06
-1.9164666e-09
2.9366058e-06
-1.898383e-09
2.9267402e-06
-1.8804841e-09
2.9169688e-06
-1.8627737e-09
2.9072906e-06
-1.8452547e-09
2.8977049e-06
-1.8279297e-09
2.8882106e-06
-1.8108005e-09
2.878807e-06
-1.793868e-09
2.869493e-06
-1.777138e-09
2.8602676e-06
-1.7606103e-09
2.85113e-06
-1.7442804e-09
2.8420791e-06
-1.7281509e-09
2.833114e-06
-1.7122224e-09
2.8242336e-06
-1.6964947e-09
2.8154369e-06
-1.6809671e-09
2.806723e-06
-1.6656389e-09
2.7980908e-06
-1.650509e-09
2.7895394e-06
-1.6355761e-09
2.7810676e-06
-1.6208389e-09
2.7726746e-06
-1.6062958e-09
2.7643594e-06
-1.591945e-09
2.7561209e-06
-1.5777847e-09
2.7479581e-06
-1.563813e-09
2.7398701e-06
-1.5500278e-09
2.731856e-06
-1.5364268e-09
2.7239147e-06
-1.5230078e-09
2.7160454e-06
-1.5097684e-09
2.708247e-06
-1.4967064e-09
2.7005187e-06
-1.4838191e-09
2.6928596e-06
-1.4711041e-09
2.6852686e-06
-1.4585589e-09
2.6777451e-06
-1.4461808e-09
2.670288e-06
-1.4339673e-09
2.6628965e-06
-1.4219157e-09
2.6555698e-06
-1.4100235e-09
2.648307e-06
-1.3982879e-09
2.6411073e-06
-1.3867063e-09
2.6339699e-06
-1.3752762e-09
2.6268939e-06
-1.3639947e-09
2.6198786e-06
-1.3528594e-09
2.6129232e-06
-1.3418677e-09
2.606027e-06
-1.3310169e-09
2.5991892e-06
-1.3203044e-09
2.592409e-06
-1.3097278e-09
2.5856858e-06
-1.2992845e-09
2.5790187e-06
-1.2889721e-09
2.5724072e-06
-1.278788e-09
2.5658505e-06
-1.2687298e-09
2.559348e-06
-1.2587952e-09
2.552899e-06
-1.2489818e-09
2.5465028e-06
-1.2392874e-09
2.5401588e-06
-1.2297095e-09
2.5338664e-06
-1.220246e-09
2.527625e-06
-1.2108947e-09
2.5214339e-06
-1.2016534e-09
2.5152925e-06
-1.19252e-09
2.5092003e-06
-1.1834925e-09
2.5031567e-06
-1.1745688e-09
2.4971612e-06
-1.1657469e-09
2.4912131e-06
-1.1570249e-09
2.4853119e-06
-1.1484009e-09
2.4794572e-06
-1.1398729e-09
2.4736483e-06
-1.1314393e-09
2.4678848e-06
-1.1230983e-09
2.4621661e-06
-1.114848e-09
2.4564918e-06
-1.1066869e-09
2.4508613e-06
-1.0986133e-09
2.4452743e-06
-1.0906255e-09
2.4397301e-06
-1.0827221e-09
2.4342284e-06
-1.0749015e-09
2.4287687e-06
-1.0671623e-09
2.4233506e-06
-1.0595029e-09
2.4179735e-06
-1.0519221e-09
2.4126371e-06
-1.0444184e-09
2.407341e-06
-1.0369906e-09
2.4020847e-06
-1.0296372e-09
2.3968678e-06
-1.0223572e-09
2.3916899e-06
-1.0151492e-09
2.3865506e-06
-1.0080121e-09
2.3814495e-06
-1.0009447e-09
2.3763863e-06
-9.939458e-10
2.3713605e-06
-9.8701432e-10
2.3663718e-06
-9.8014915e-10
2.3614198e-06
-9.7334918e-10
2.3565041e-06
-9.6661336e-10
2.3516244e-06
-9.5994065e-10
2.3467804e-06
-9.5332989e-10
2.3419716e-06
-9.4678008e-10
2.3371978e-06
-9.402901e-10
2.3324586e-06
-9.3385884e-10
2.3277536e-06
-9.2748509e-10
2.3230826e-06
-9.2116746e-10
2.3184453e-06
-9.1490428e-10
2.3138413e-06
-9.0869339e-10
2.3092703e-06
-9.0253161e-10
2.304732e-06
-8.9641407e-10
2.3002263e-06
-8.9033277e-10
2.2957527e-06
-8.8427412e-10
2.2913113e-06
-8.7821747e-10
2.2869018e-06
-8.7211558e-10
2.2825243e-06
-8.6597396e-10
2.2781789e-06
-8.5944801e-10
2.2738656e-06
-8.5395576e-10
2.269584e-06
-8.4456049e-10
2.2653197e-06
-8.5609567e-10
2.2610826e-06
-8.4245111e-10
2.2565269e-06
-9.6421795e-10
-2.2162885e-09
2.4824917e-06
2.0432647e-06
1.7178009e-06
1.4637038e-06
1.26906e-06
1.1215307e-06
1.0119355e-06
9.3236936e-07
8.7578602e-07
8.3624668e-07
8.0898599e-07
7.9033868e-07
7.7757643e-07
7.6876052e-07
7.6257296e-07
7.5810571e-07
7.5473894e-07
7.5205818e-07
7.4978898e-07
7.4775155e-07
7.4582979e-07
7.4394985e-07
7.4206563e-07
7.4014915e-07
7.3818425e-07
7.3616239e-07
7.3407995e-07
7.3193648e-07
7.297335e-07
7.2747379e-07
7.2516093e-07
7.227989e-07
7.2039201e-07
7.1794479e-07
7.1546202e-07
7.129457e-07
7.1039897e-07
7.0782747e-07
7.0523512e-07
7.0262502e-07
6.9999994e-07
6.9736252e-07
6.9471527e-07
6.9206062e-07
6.8940084e-07
6.8673811e-07
6.8407445e-07
6.8141176e-07
6.787518e-07
6.7609605e-07
6.7344588e-07
6.7080297e-07
6.6816908e-07
6.6554563e-07
6.6293375e-07
6.6033434e-07
6.5774821e-07
6.5517606e-07
6.5261856e-07
6.5007634e-07
6.4754998e-07
6.4504003e-07
6.4254698e-07
6.4007128e-07
6.3761335e-07
6.351736e-07
6.3275235e-07
6.3034993e-07
6.279666e-07
6.2560259e-07
6.2325807e-07
6.209332e-07
6.186281e-07
6.1634286e-07
6.1407755e-07
6.1183219e-07
6.0960681e-07
6.074014e-07
6.0521594e-07
6.0305039e-07
6.0090469e-07
5.9877877e-07
5.9667254e-07
5.9458591e-07
5.9251875e-07
5.9047095e-07
5.8844238e-07
5.8643289e-07
5.8444233e-07
5.8247055e-07
5.8051738e-07
5.7858265e-07
5.7666618e-07
5.747678e-07
5.7288731e-07
5.7102454e-07
5.6917929e-07
5.6735136e-07
5.6554056e-07
5.6374669e-07
5.6196955e-07
5.6020894e-07
5.5846466e-07
5.5673651e-07
5.5502429e-07
5.5332779e-07
5.5164682e-07
5.4998119e-07
5.4833068e-07
5.466951e-07
5.4507426e-07
5.4346797e-07
5.4187602e-07
5.4029824e-07
5.3873442e-07
5.371844e-07
5.3564797e-07
5.3412496e-07
5.3261519e-07
5.3111849e-07
5.2963467e-07
5.2816356e-07
5.26705e-07
5.2525882e-07
5.2382486e-07
5.2240294e-07
5.2099292e-07
5.1959463e-07
5.1820792e-07
5.1683265e-07
5.1546865e-07
5.1411579e-07
5.1277392e-07
5.1144291e-07
5.101226e-07
5.0881288e-07
5.0751359e-07
5.0622462e-07
5.0494583e-07
5.036771e-07
5.0241831e-07
5.0116932e-07
4.9993004e-07
4.9870033e-07
4.9748008e-07
4.9626919e-07
4.9506753e-07
4.9387501e-07
4.9269152e-07
4.9151695e-07
4.903512e-07
4.8919418e-07
4.8804578e-07
4.8690591e-07
4.8577447e-07
4.8465137e-07
4.8353652e-07
4.8242983e-07
4.8133122e-07
4.8024059e-07
4.7915787e-07
4.7808297e-07
4.7701581e-07
4.7595631e-07
4.7490438e-07
4.7385997e-07
4.7282297e-07
4.7179334e-07
4.7077098e-07
4.6975583e-07
4.6874782e-07
4.6774687e-07
4.6675293e-07
4.6576591e-07
4.6478577e-07
4.6381242e-07
4.628458e-07
4.6188586e-07
4.6093253e-07
4.5998575e-07
4.5904546e-07
4.581116e-07
4.5718412e-07
4.5626295e-07
4.5534805e-07
4.5443935e-07
4.5353682e-07
4.5264041e-07
4.5175007e-07
4.508658e-07
4.4998758e-07
4.4911547e-07
4.4824949e-07
4.4739005e-07
4.4653609e-07
4.4569153e-07
4.4483543e-07
4.4399298e-07
4.4302876e-07
)
;

boundaryField
{
    exteriorWall
    {
        type            calculated;
        value           uniform 0;
    }
    inlet
    {
        type            calculated;
        value           nonuniform List<scalar> 6(-6.749668e-06 -1.1204685e-05 -9.8350371e-06 -7.3064662e-06 -5.0483979e-06 -3.3598263e-06);
    }
    outlet
    {
        type            calculated;
        value           nonuniform List<scalar> 6(8.71469e-06 1.4443485e-05 1.1519364e-05 6.1333875e-06 2.2523425e-06 4.4081248e-07);
    }
    walls
    {
        type            calculated;
        value           nonuniform List<scalar> 0();
    }
    frontAndBack
    {
        type            empty;
        value           nonuniform List<scalar> 0();
    }
    frontAndBack_pos
    {
        type            wedge;
        value           nonuniform List<scalar> 
1200
(
-1.6753455e-15
4.1288251e-16
-3.476909e-15
7.8080233e-15
-1.3039895e-14
3.0184492e-15
-2.9878029e-15
6.603208e-16
-4.5646382e-15
8.0328626e-15
-1.2047355e-14
2.5783315e-15
-3.3343767e-15
6.8251459e-16
-4.0848662e-15
5.8415616e-15
-8.2586674e-15
1.6300981e-15
-3.3207472e-15
6.4010259e-16
-3.5023777e-15
4.4296892e-15
-6.4024726e-15
1.1770664e-15
-3.1409161e-15
5.6554561e-16
-2.8805507e-15
3.3141358e-15
-5.087378e-15
8.5355545e-16
-2.8601937e-15
4.744072e-16
-2.2740975e-15
2.3962214e-15
-4.0289355e-15
6.0174047e-16
-2.5436496e-15
3.8189396e-16
-1.7421188e-15
1.6774634e-15
-3.1695234e-15
4.0944555e-16
-2.2284123e-15
2.9581854e-16
-1.2973421e-15
1.1266111e-15
-2.4650594e-15
2.6620777e-16
-1.9298314e-15
2.1944097e-16
-9.3510843e-16
7.1393542e-16
-1.895571e-15
1.6402813e-16
-1.6539949e-15
1.5390347e-16
-6.4616443e-16
4.139625e-16
-1.4466263e-15
9.4360355e-17
-1.4021111e-15
9.903035e-17
-4.1927719e-16
2.0285902e-16
-1.1016523e-15
4.8799916e-17
-1.1728873e-15
5.3874818e-17
-2.4304743e-16
5.9266661e-17
-8.4270936e-16
2.0214723e-17
-9.6441352e-16
1.7139955e-17
-1.0687327e-16
-3.5015106e-17
-6.5233091e-16
3.1436775e-18
-7.7371344e-16
-1.2447624e-17
-2.26138e-18
-9.4206053e-17
-5.1439191e-16
-6.472895e-18
-5.9623e-16
-3.593266e-17
7.6314882e-17
-1.2869832e-16
-4.1516159e-16
-1.1544579e-17
-4.2891635e-16
-5.4211084e-17
1.3361009e-16
-1.4601984e-16
-3.4435967e-16
-1.3887059e-17
-2.7343404e-16
-6.8100391e-17
1.7427346e-16
-1.5163874e-16
-2.9439061e-16
-1.4640642e-17
-1.3313824e-16
-7.834261e-17
2.0224959e-16
-1.4936669e-16
-2.594582e-16
-1.4531352e-17
-9.6199222e-18
-8.5595519e-17
2.2054111e-16
-1.417667e-16
-2.3521477e-16
-1.3990271e-17
9.701392e-17
-9.0425471e-17
2.3140859e-16
-1.305737e-16
-2.1847168e-16
-1.3259289e-17
1.873752e-16
-9.3302567e-17
2.365752e-16
-1.1698322e-16
-2.0692536e-16
-1.2467858e-17
2.6249096e-16
-9.461185e-17
2.3735832e-16
-1.0182471e-16
-1.9893737e-16
-1.1679951e-17
3.2363863e-16
-9.4667832e-17
2.3476901e-16
-8.5679908e-17
-1.9335684e-16
-1.0923042e-17
3.7221578e-16
-9.3727019e-17
2.2958846e-16
-6.8964294e-17
-1.8938226e-16
-1.0205521e-17
4.0964761e-16
-9.1999098e-17
2.22425e-16
-5.1980836e-17
-1.8645899e-16
-9.526625e-18
4.373254e-16
-8.9655889e-17
2.1375624e-16
-3.4955067e-17
-1.8420527e-16
-8.8818488e-18
4.565665e-16
-8.683841e-17
2.0396029e-16
-1.8058081e-17
-1.8235962e-16
-8.2657381e-18
4.6859001e-16
-8.3662793e-17
1.9333878e-16
-1.4216239e-18
-1.8074387e-16
-7.6732186e-18
4.7450428e-16
-8.0224826e-17
1.8213395e-16
1.4851884e-17
-1.7923754e-16
-7.1001044e-18
4.7530262e-16
-7.660353e-17
1.7054138e-16
3.0682524e-17
-1.7775994e-16
-6.5432166e-18
4.7186484e-16
-7.2864086e-17
1.5871964e-16
4.6007982e-17
-1.7625791e-16
-6.0003064e-18
4.6496278e-16
-6.9060123e-17
1.467978e-16
6.0779588e-17
-1.7469707e-16
-5.4699465e-18
4.5526813e-16
-6.5235571e-17
1.3488156e-16
7.4958585e-17
-1.730558e-16
-4.9514369e-18
4.4336202e-16
-6.142595e-17
1.2305963e-16
8.8509266e-17
-1.7132002e-16
-4.444862e-18
4.2974468e-16
-5.7659223e-17
1.1140947e-16
1.0139514e-16
-1.6948688e-16
-3.9523292e-18
4.1484586e-16
-5.3953143e-17
1.0003085e-16
1.1353414e-16
-1.676244e-16
-3.4681061e-18
3.990354e-16
-5.0324139e-17
8.8959595e-17
1.2486432e-16
-1.6578274e-16
-3.001975e-18
3.8261888e-16
-4.6791691e-17
7.8181846e-17
1.3549319e-16
-1.6392018e-16
-2.5671415e-18
3.6583291e-16
-4.3369522e-17
6.769627e-17
1.4549026e-16
-1.6201783e-16
-2.1561795e-18
3.4886956e-16
-4.0065075e-17
5.7523297e-17
1.5487184e-16
-1.6008215e-16
-1.7624265e-18
3.318923e-16
-3.6882597e-17
4.7682313e-17
1.6364378e-16
-1.5812085e-16
-1.3837103e-18
3.1503785e-16
-3.3824469e-17
3.8187175e-17
1.7181436e-16
-1.5614036e-16
-1.0198109e-18
2.9841755e-16
-3.0891726e-17
2.9046662e-17
1.793958e-16
-1.5414576e-16
-6.7101901e-19
2.8212006e-16
-2.808433e-17
2.0265099e-17
1.8640426e-16
-1.5214139e-16
-3.3757206e-19
2.6621444e-16
-2.5401354e-17
1.1843059e-17
1.9285907e-16
-1.5013104e-16
-1.9517726e-20
2.5075318e-16
-2.284113e-17
3.77806e-18
1.9878177e-16
-1.4811809e-16
2.8328837e-19
2.3577513e-16
-2.0401371e-17
-3.9347896e-18
2.0419528e-16
-1.4610568e-16
5.7113751e-19
2.2130846e-16
-1.8079287e-17
-1.1302389e-17
2.0912319e-16
-1.4409675e-16
8.4443826e-19
2.0737446e-16
-1.5871575e-17
-1.8333466e-17
2.1358886e-16
-1.4209434e-16
1.1035514e-18
1.9399075e-16
-1.3774598e-17
-2.5037766e-17
2.1761537e-16
-1.4010432e-16
1.3493307e-18
1.8119276e-16
-1.1781637e-17
-3.1427307e-17
2.212076e-16
-1.3813308e-16
1.581873e-18
1.6903055e-16
-9.8820501e-18
-3.7514495e-17
2.2436258e-16
-1.3618267e-16
1.7990813e-18
1.5752187e-16
-8.0691981e-18
-4.331979e-17
2.2710319e-16
-1.3425627e-16
1.9997144e-18
1.4664086e-16
-6.3403933e-18
-4.8858747e-17
2.2947127e-16
-1.3235838e-16
2.1847333e-18
1.3634064e-16
-4.6943928e-18
-5.4140802e-17
2.3150784e-16
-1.3049024e-16
2.355979e-18
1.2657138e-16
-3.1299242e-18
-5.9172774e-17
2.3324669e-16
-1.2864969e-16
2.5153316e-18
1.1728737e-16
-1.6454706e-18
-6.3960851e-17
2.3471492e-16
-1.2683322e-16
2.6644152e-18
1.0844895e-16
-2.390023e-19
-6.8511453e-17
2.3593458e-16
-1.2503732e-16
2.8045048e-18
1.0002235e-16
1.0919388e-18
-7.2831582e-17
2.3692419e-16
-1.2325913e-16
2.9365573e-18
9.1978778e-17
2.3499432e-18
-7.6928873e-17
2.3769985e-16
-1.2149675e-16
3.0612849e-18
8.4293242e-17
3.5378397e-18
-8.0811476e-17
2.3827603e-16
-1.1974917e-16
3.179217e-18
7.6942641e-17
4.6585664e-18
-8.4487787e-17
2.3866604e-16
-1.1801609e-16
3.2907471e-18
6.9905297e-17
5.7150769e-18
-8.7966299e-17
2.3888255e-16
-1.1629797e-16
3.3962341e-18
6.3143218e-17
6.7104618e-18
-9.1253457e-17
2.3893755e-16
-1.1459518e-16
3.4959752e-18
5.6606187e-17
7.6476182e-18
-9.4355165e-17
2.3884226e-16
-1.1290745e-16
3.5901747e-18
5.0273293e-17
8.5295797e-18
-9.7280507e-17
2.3860732e-16
-1.1123492e-16
3.6790818e-18
4.4143642e-17
9.359266e-18
-1.0004033e-16
2.3824247e-16
-1.0957862e-16
3.7629109e-18
3.8219941e-17
1.0139478e-17
-1.0264514e-16
2.3775658e-16
-1.0794015e-16
3.84178e-18
3.2503926e-17
1.0872888e-17
-1.0510457e-16
2.3715798e-16
-1.0632135e-16
3.9157481e-18
2.6995768e-17
1.1562029e-17
-1.0742742e-16
2.364546e-16
-1.0472406e-16
3.9848502e-18
2.16939e-17
1.2209301e-17
-1.0962172e-16
2.3565399e-16
-1.0314991e-16
4.0491285e-18
1.6595132e-17
1.2816983e-17
-1.1169479e-16
2.347633e-16
-1.0160028e-16
4.1086337e-18
1.1694966e-17
1.3387243e-17
-1.1365334e-16
2.3378933e-16
-1.000763e-16
4.1634353e-18
6.9879324e-18
1.3922143e-17
-1.1550355e-16
2.3273851e-16
-9.857881e-17
4.213616e-18
2.4678736e-18
1.4423646e-17
-1.1725115e-16
2.3161693e-16
-9.7108466e-17
4.259276e-18
-1.871797e-18
1.4893621e-17
-1.1890147e-16
2.3043034e-16
-9.5665736e-17
4.3005317e-18
-6.0379042e-18
1.5333847e-17
-1.2045951e-16
2.291842e-16
-9.4250957e-17
4.3375109e-18
-1.0037362e-17
1.5746017e-17
-1.2192995e-16
2.2788364e-16
-9.2864327e-17
4.3703454e-18
-1.3877057e-17
1.613174e-17
-1.2331717e-16
2.2653352e-16
-9.150592e-17
4.3991707e-18
-1.756377e-17
1.6492547e-17
-1.246253e-16
2.251384e-16
-9.0175743e-17
4.4241332e-18
-2.1104114e-17
1.6829952e-17
-1.2585826e-16
2.2370259e-16
-8.8873736e-17
4.4453779e-18
-2.4504493e-17
1.714521e-17
-1.2701971e-16
2.2223014e-16
-8.759978e-17
4.4630524e-18
-2.7771071e-17
1.7439634e-17
-1.2811312e-16
2.2072485e-16
-8.6353671e-17
4.4772979e-18
-3.0909759e-17
1.7714582e-17
-1.2914176e-16
2.191903e-16
-8.5135168e-17
4.4882583e-18
-3.3926213e-17
1.7971168e-17
-1.3010873e-16
2.1762983e-16
-8.3944002e-17
4.49608e-18
-3.6825816e-17
1.8210501e-17
-1.3101694e-16
2.1604659e-16
-8.2779861e-17
4.500904e-18
-3.9613693e-17
1.8433629e-17
-1.3186914e-16
2.144435e-16
-8.1642404e-17
4.5028655e-18
-4.229471e-17
1.8641545e-17
-1.3266793e-16
2.1282331e-16
-8.0531257e-17
4.5021025e-18
-4.4873479e-17
1.8835186e-17
-1.3341578e-16
2.111886e-16
-7.9446026e-17
4.4987469e-18
-4.7354374e-17
1.9015434e-17
-1.3411499e-16
2.0954176e-16
-7.8386296e-17
4.4929263e-18
-4.9741534e-17
1.9183126e-17
-1.3476776e-16
2.0788501e-16
-7.7351633e-17
4.4847685e-18
-5.203888e-17
1.9339046e-17
-1.3537616e-16
2.0622044e-16
-7.6341585e-17
4.4743932e-18
-5.4250114e-17
1.9483935e-17
-1.3594214e-16
2.0454999e-16
-7.5355689e-17
4.461921e-18
-5.6378744e-17
1.9618491e-17
-1.3646753e-16
2.0287545e-16
-7.4393472e-17
4.4474654e-18
-5.8428086e-17
1.9743369e-17
-1.3695409e-16
2.011985e-16
-7.3454448e-17
4.4311382e-18
-6.0401277e-17
1.9859189e-17
-1.3740346e-16
1.9952069e-16
-7.2538128e-17
4.4130472e-18
-6.2301285e-17
1.9966532e-17
-1.378172e-16
1.9784345e-16
-7.1644007e-17
4.393294e-18
-6.4130924e-17
2.0065943e-17
-1.3819679e-16
1.961681e-16
-7.0771597e-17
4.3719843e-18
-6.5892855e-17
2.0157937e-17
-1.385436e-16
1.9449588e-16
-6.9920385e-17
4.3492121e-18
-6.7589601e-17
2.0242997e-17
-1.3885897e-16
1.9282791e-16
-6.9089834e-17
4.3250624e-18
-6.9223555e-17
2.0321578e-17
-1.3914416e-16
1.9116529e-16
-6.8279532e-17
4.2996467e-18
-7.0796979e-17
2.0394106e-17
-1.3940036e-16
1.8950897e-16
-6.748898e-17
4.2730457e-18
-7.231202e-17
2.046098e-17
-1.3962868e-16
1.8785979e-16
-6.6717593e-17
4.2453247e-18
-7.3770724e-17
2.052257e-17
-1.3983016e-16
1.8621856e-16
-6.5964865e-17
4.2165704e-18
-7.5175036e-17
2.0579235e-17
-1.4000583e-16
1.8458601e-16
-6.5230325e-17
4.1868637e-18
-7.6526804e-17
2.0631299e-17
-1.4015666e-16
1.8296285e-16
-6.451349e-17
4.1562791e-18
-7.7827788e-17
2.0679076e-17
-1.4028356e-16
1.8134967e-16
-6.3813873e-17
4.1248857e-18
-7.9079665e-17
2.0722856e-17
-1.4038739e-16
1.7974704e-16
-6.3130996e-17
4.0927513e-18
-8.0284035e-17
2.0762908e-17
-1.40469e-16
1.7815546e-16
-6.2464384e-17
4.0599408e-18
-8.1442427e-17
2.0799488e-17
-1.4052916e-16
1.7657539e-16
-6.1813573e-17
4.0265138e-18
-8.2556299e-17
2.0832834e-17
-1.4056863e-16
1.7500724e-16
-6.1178105e-17
3.9925306e-18
-8.3627048e-17
2.086317e-17
-1.4058813e-16
1.7345136e-16
-6.0557525e-17
3.9580476e-18
-8.4656011e-17
2.0890705e-17
-1.4058835e-16
1.7190809e-16
-5.9951383e-17
3.9231168e-18
-8.5644467e-17
2.0915632e-17
-1.4056995e-16
1.7037771e-16
-5.9359269e-17
3.8877938e-18
-8.6593646e-17
2.0938134e-17
-1.4053354e-16
1.6886047e-16
-5.878073e-17
3.852121e-18
-8.7504727e-17
2.0958384e-17
-1.4047974e-16
1.673566e-16
-5.8215358e-17
3.8161479e-18
-8.8378841e-17
2.0976539e-17
-1.4040912e-16
1.6586628e-16
-5.7662744e-17
3.7799175e-18
-8.9217081e-17
2.0992747e-17
-1.4032224e-16
1.6438966e-16
-5.7122489e-17
3.7434716e-18
-9.0020493e-17
2.1007148e-17
-1.4021963e-16
1.6292689e-16
-5.6594202e-17
3.7068505e-18
-9.079009e-17
2.101987e-17
-1.4010179e-16
1.6147807e-16
-5.6077501e-17
3.6700917e-18
-9.1526844e-17
2.1031035e-17
-1.3996923e-16
1.6004328e-16
-5.5572017e-17
3.6332295e-18
-9.2231695e-17
2.1040755e-17
-1.398224e-16
1.586226e-16
-5.5077386e-17
3.5962979e-18
-9.2905552e-17
2.1049134e-17
-1.3966178e-16
1.5721606e-16
-5.4593253e-17
3.5593293e-18
-9.3549291e-17
2.105627e-17
-1.3948779e-16
1.558237e-16
-5.4119277e-17
3.5223533e-18
-9.4163761e-17
2.1062254e-17
-1.3930087e-16
1.5444553e-16
-5.3655123e-17
3.4853979e-18
-9.4749783e-17
2.106717e-17
-1.3910142e-16
1.5308153e-16
-5.3200465e-17
3.4484901e-18
-9.5308153e-17
2.1071094e-17
-1.3888984e-16
1.517317e-16
-5.2754988e-17
3.4116546e-18
-9.5839639e-17
2.1074101e-17
-1.3866651e-16
1.5039599e-16
-5.2318387e-17
3.374915e-18
-9.634499e-17
2.1076256e-17
-1.384318e-16
1.4907437e-16
-5.1890361e-17
3.3382933e-18
-9.6824931e-17
2.1077623e-17
-1.3818607e-16
1.4776677e-16
-5.1470623e-17
3.3018102e-18
-9.7280166e-17
2.1078258e-17
-1.3792967e-16
1.4647314e-16
-5.1058892e-17
3.2654852e-18
-9.7711375e-17
2.1078216e-17
-1.3766293e-16
1.4519339e-16
-5.0654897e-17
3.2293363e-18
-9.8119224e-17
2.1077545e-17
-1.3738618e-16
1.4392745e-16
-5.0258375e-17
3.1933804e-18
-9.850436e-17
2.1076289e-17
-1.3709974e-16
1.4267523e-16
-4.9869072e-17
3.157633e-18
-9.886741e-17
2.1074492e-17
-1.3680392e-16
1.4143662e-16
-4.9486741e-17
3.1221087e-18
-9.9208984e-17
2.1072192e-17
-1.3649901e-16
1.4021152e-16
-4.9111144e-17
3.0868213e-18
-9.9529675e-17
2.1069425e-17
-1.3618531e-16
1.3899982e-16
-4.874205e-17
3.0517831e-18
-9.9830064e-17
2.1066219e-17
-1.358631e-16
1.3780142e-16
-4.8379228e-17
3.0170046e-18
-1.0011071e-16
2.1062608e-17
-1.3553265e-16
1.3661618e-16
-4.802248e-17
2.9824996e-18
-1.0037217e-16
2.1058619e-17
-1.3519423e-16
1.3544398e-16
-4.7671589e-17
2.9482749e-18
-1.0061497e-16
2.1054273e-17
-1.3484811e-16
1.3428471e-16
-4.7326362e-17
2.9143409e-18
-1.0083964e-16
2.1049595e-17
-1.3449453e-16
1.3313822e-16
-4.6986591e-17
2.8807028e-18
-1.0104668e-16
2.1044608e-17
-1.3413375e-16
1.3200439e-16
-4.6652097e-17
2.8473711e-18
-1.012366e-16
2.1039325e-17
-1.3376601e-16
1.3088308e-16
-4.6322697e-17
2.8143514e-18
-1.0140987e-16
2.1033766e-17
-1.3339154e-16
1.2977416e-16
-4.5998221e-17
2.7816499e-18
-1.0156696e-16
2.1027947e-17
-1.3301057e-16
1.2867748e-16
-4.5678501e-17
2.7492721e-18
-1.0170834e-16
2.1021878e-17
-1.3262332e-16
1.2759291e-16
-4.5363368e-17
2.7172217e-18
-1.0183446e-16
2.1015574e-17
-1.3223002e-16
1.265203e-16
-4.5052683e-17
2.6855056e-18
-1.0194575e-16
2.1009044e-17
-1.3183088e-16
1.2545953e-16
-4.4746296e-17
2.6541257e-18
-1.0204264e-16
2.1002298e-17
-1.314261e-16
1.2441043e-16
-4.4444048e-17
2.6230825e-18
-1.0212555e-16
2.0995345e-17
-1.3101589e-16
1.2337288e-16
-4.4145811e-17
2.5923814e-18
-1.0219489e-16
2.0988191e-17
-1.3060045e-16
1.2234673e-16
-4.385145e-17
2.5620242e-18
-1.0225106e-16
2.0980843e-17
-1.3017998e-16
1.2133183e-16
-4.3560839e-17
2.5320126e-18
-1.0229444e-16
2.0973307e-17
-1.2975465e-16
1.2032806e-16
-4.3273855e-17
2.5023479e-18
-1.0232541e-16
2.0965586e-17
-1.2932466e-16
1.1933526e-16
-4.2990373e-17
2.4730302e-18
-1.0234436e-16
2.0957686e-17
-1.2889019e-16
1.1835329e-16
-4.2710297e-17
2.4440628e-18
-1.0235162e-16
2.0949607e-17
-1.2845141e-16
1.1738202e-16
-4.2433516e-17
2.4154442e-18
-1.0234757e-16
2.0941355e-17
-1.2800851e-16
1.1642131e-16
-4.2159915e-17
2.3871715e-18
-1.0233254e-16
2.0932931e-17
-1.2756164e-16
1.1547102e-16
-4.1889399e-17
2.3592475e-18
-1.0230688e-16
2.0924335e-17
-1.2711097e-16
1.1453102e-16
-4.1621876e-17
2.3316712e-18
-1.0227091e-16
2.0915568e-17
-1.2665667e-16
1.1360116e-16
-4.1357253e-17
2.3044417e-18
-1.0222496e-16
2.0906633e-17
-1.2619889e-16
1.1268132e-16
-4.1095441e-17
2.2775575e-18
-1.0216933e-16
2.0897527e-17
-1.2573779e-16
1.1177136e-16
-4.0836353e-17
2.2510162e-18
-1.0210433e-16
2.0888251e-17
-1.2527352e-16
1.1087116e-16
-4.0579924e-17
2.2248195e-18
-1.0203027e-16
2.0878805e-17
-1.2480622e-16
1.0998058e-16
-4.0326068e-17
2.1989628e-18
-1.0194743e-16
2.0869188e-17
-1.2433605e-16
1.090995e-16
-4.0074721e-17
2.1734452e-18
-1.0185611e-16
2.08594e-17
-1.2386314e-16
1.0822779e-16
-3.9825796e-17
2.1482621e-18
-1.0175658e-16
2.0849437e-17
-1.2338764e-16
1.0736533e-16
-3.9579234e-17
2.123414e-18
-1.016491e-16
2.0839299e-17
-1.2290967e-16
1.0651199e-16
-3.9334974e-17
2.0988978e-18
-1.0153396e-16
2.0828986e-17
-1.2242936e-16
1.0566765e-16
-3.9092954e-17
2.0747109e-18
-1.014114e-16
2.0818493e-17
-1.2194686e-16
1.048322e-16
-3.8853114e-17
2.0508506e-18
-1.0128168e-16
2.0807821e-17
-1.2146228e-16
1.0400551e-16
-3.8615392e-17
2.0273132e-18
-1.0114505e-16
2.0796965e-17
-1.2097575e-16
1.0318747e-16
-3.837975e-17
2.0040984e-18
-1.0100174e-16
2.0785925e-17
-1.2048739e-16
1.0237797e-16
-3.8146136e-17
1.9812012e-18
-1.00852e-16
2.0774699e-17
-1.1999731e-16
1.0157689e-16
-3.7914481e-17
1.9586163e-18
-1.0069604e-16
2.0763283e-17
-1.1950563e-16
1.0078411e-16
-3.7684749e-17
1.9363431e-18
-1.005341e-16
2.0751674e-17
-1.1901246e-16
9.9999533e-17
-3.7456892e-17
1.914378e-18
-1.0036638e-16
2.0739871e-17
-1.1851791e-16
9.922304e-17
-3.7230866e-17
1.8927177e-18
-1.0019311e-16
2.0727872e-17
-1.1802208e-16
9.8454525e-17
-3.7006627e-17
1.8713578e-18
-1.0001447e-16
2.0715672e-17
-1.1752508e-16
9.7693877e-17
-3.6784125e-17
1.8502944e-18
-9.9830681e-17
2.0703268e-17
-1.1702699e-16
9.6940989e-17
-3.6563332e-17
1.8295264e-18
-9.9641916e-17
2.0690657e-17
-1.1652792e-16
9.6195748e-17
-3.6344205e-17
1.809048e-18
-9.9448353e-17
2.0677832e-17
-1.1602795e-16
9.5458044e-17
-3.6126684e-17
1.7888526e-18
-9.9250147e-17
2.0664788e-17
-1.1552715e-16
9.4727759e-17
-3.5910727e-17
1.7689384e-18
-9.9047424e-17
2.0651514e-17
-1.1502558e-16
9.4004764e-17
-3.5696278e-17
1.7492998e-18
-9.8840265e-17
2.0637995e-17
-1.1452329e-16
9.3288913e-17
-3.5483267e-17
1.7299299e-18
-9.8628655e-17
2.06242e-17
-1.1402026e-16
9.2580023e-17
-3.5271591e-17
1.7108197e-18
-9.8412424e-17
2.0610083e-17
-1.1351641e-16
9.1877849e-17
-3.506109e-17
1.6919554e-18
-9.8191103e-17
2.0595561e-17
-1.1301153e-16
9.1182031e-17
-3.4851537e-17
1.6733196e-18
-9.7963666e-17
2.0580479e-17
-1.1250517e-16
9.0492014e-17
-3.4642512e-17
1.6548743e-18
-9.772805e-17
2.056456e-17
-1.1199649e-16
8.9806916e-17
-3.4433347e-17
1.6365781e-18
-9.7480119e-17
2.054729e-17
-1.1148392e-16
8.9125328e-17
-3.4222784e-17
1.6182954e-18
-9.7212002e-17
2.0527736e-17
-1.1096489e-16
8.8445548e-17
-3.4009659e-17
1.600122e-18
-9.6907126e-17
2.0503926e-17
-1.1043428e-16
8.7764751e-17
-3.3788572e-17
1.5811203e-18
-9.6537158e-17
2.047268e-17
-1.0988834e-16
8.7091817e-17
-3.3575571e-17
1.5648239e-18
-9.6023466e-17
2.0423016e-17
-1.0930106e-16
8.6419861e-17
-3.3312245e-17
1.5425399e-18
-9.5297589e-17
2.0347858e-17
-1.0873425e-16
8.5993711e-17
-3.3393262e-17
1.5499531e-18
-9.3802488e-17
2.0133676e-17
-1.0775692e-16
8.5485912e-17
-3.3157351e-17
1.6264438e-18
-9.2142874e-17
1.9908795e-17
-1.0779494e-16
8.836841e-17
-3.7180062e-17
1.3608383e-18
-8.3995131e-17
1.7902789e-17
-9.831157e-17
8.5914854e-17
-5.4743846e-17
6.7103565e-18
)
;
    }
    frontAndBack_neg
    {
        type            wedge;
        value           nonuniform List<scalar> 
1200
(
-1.6753456e-15
4.1288258e-16
-3.476909e-15
7.8080232e-15
-1.3039895e-14
3.0184492e-15
-2.9878032e-15
6.6032087e-16
-4.5646383e-15
8.0328626e-15
-1.2047355e-14
2.5783315e-15
-3.3343768e-15
6.8251471e-16
-4.0848662e-15
5.8415616e-15
-8.2586675e-15
1.6300981e-15
-3.3207473e-15
6.4010274e-16
-3.5023777e-15
4.4296892e-15
-6.4024726e-15
1.1770664e-15
-3.1409161e-15
5.655457e-16
-2.8805507e-15
3.3141358e-15
-5.087378e-15
8.5355545e-16
-2.8601937e-15
4.7440725e-16
-2.2740975e-15
2.3962214e-15
-4.0289355e-15
6.0174048e-16
-2.5436497e-15
3.8189395e-16
-1.7421188e-15
1.6774634e-15
-3.1695234e-15
4.0944555e-16
-2.2284123e-15
2.958185e-16
-1.2973421e-15
1.1266111e-15
-2.4650594e-15
2.6620778e-16
-1.9298315e-15
2.1944097e-16
-9.3510845e-16
7.1393541e-16
-1.8955709e-15
1.6402813e-16
-1.653995e-15
1.5390343e-16
-6.4616444e-16
4.139625e-16
-1.4466263e-15
9.4360354e-17
-1.4021112e-15
9.9030319e-17
-4.192772e-16
2.0285902e-16
-1.1016523e-15
4.8799919e-17
-1.1728874e-15
5.3874845e-17
-2.4304745e-16
5.9266644e-17
-8.4270935e-16
2.0214721e-17
-9.6441367e-16
1.7139982e-17
-1.0687329e-16
-3.5015122e-17
-6.5233089e-16
3.1436738e-18
-7.737136e-16
-1.2447595e-17
-2.2613992e-18
-9.4206057e-17
-5.1439192e-16
-6.4728933e-18
-5.9623017e-16
-3.5932632e-17
7.6314861e-17
-1.2869833e-16
-4.1516159e-16
-1.1544578e-17
-4.2891654e-16
-5.4211058e-17
1.3361007e-16
-1.4601986e-16
-3.4435966e-16
-1.3887062e-17
-2.7343424e-16
-6.8100366e-17
1.7427344e-16
-1.5163874e-16
-2.9439061e-16
-1.464064e-17
-1.3313845e-16
-7.8342588e-17
2.0224957e-16
-1.493667e-16
-2.594582e-16
-1.453135e-17
-9.6201539e-18
-8.5595499e-17
2.2054108e-16
-1.4176671e-16
-2.3521476e-16
-1.3990273e-17
9.7013676e-17
-9.0425457e-17
2.3140857e-16
-1.3057371e-16
-2.1847169e-16
-1.3259288e-17
1.8737495e-16
-9.3302556e-17
2.3657518e-16
-1.1698323e-16
-2.0692537e-16
-1.2467858e-17
2.624907e-16
-9.4611844e-17
2.3735829e-16
-1.0182473e-16
-1.9893737e-16
-1.1679953e-17
3.2363835e-16
-9.4667735e-17
2.3476898e-16
-8.5679926e-17
-1.9335684e-16
-1.0923041e-17
3.7221549e-16
-9.3726939e-17
2.2958844e-16
-6.8964313e-17
-1.8938226e-16
-1.0205521e-17
4.0964731e-16
-9.1999114e-17
2.2242497e-16
-5.1980854e-17
-1.8645898e-16
-9.5266287e-18
4.3732509e-16
-8.9655899e-17
2.1375621e-16
-3.4955085e-17
-1.8420526e-16
-8.8818512e-18
4.5656618e-16
-8.6838418e-17
2.0396026e-16
-1.80581e-17
-1.8235961e-16
-8.2657381e-18
4.6858969e-16
-8.3662803e-17
1.9333875e-16
-1.4216433e-18
-1.8074388e-16
-7.6732152e-18
4.7450395e-16
-8.0224834e-17
1.8213392e-16
1.4851865e-17
-1.7923754e-16
-7.1001029e-18
4.7530227e-16
-7.6603542e-17
1.7054135e-16
3.0682504e-17
-1.7775993e-16
-6.5432188e-18
4.7186448e-16
-7.2864099e-17
1.5871961e-16
4.6007962e-17
-1.762579e-16
-6.0003077e-18
4.649624e-16
-6.906014e-17
1.4679777e-16
6.0779568e-17
-1.7469707e-16
-5.4699473e-18
4.5526774e-16
-6.5235593e-17
1.3488152e-16
7.4958565e-17
-1.730558e-16
-4.951437e-18
4.4336162e-16
-6.1425973e-17
1.230596e-16
8.8509245e-17
-1.7132003e-16
-4.4448594e-18
4.2974426e-16
-5.7659251e-17
1.1140944e-16
1.0139512e-16
-1.6948689e-16
-3.9523284e-18
4.1484543e-16
-5.3953172e-17
1.0003081e-16
1.1353412e-16
-1.676244e-16
-3.4681092e-18
3.9903495e-16
-5.0324172e-17
8.8959558e-17
1.248643e-16
-1.6578274e-16
-3.0019779e-18
3.8261842e-16
-4.6791723e-17
7.8181807e-17
1.3549317e-16
-1.6392018e-16
-2.567143e-18
3.6583244e-16
-4.336956e-17
6.7696231e-17
1.4549024e-16
-1.6201783e-16
-2.1561792e-18
3.4886908e-16
-4.0065114e-17
5.7523258e-17
1.5487182e-16
-1.6008216e-16
-1.7624237e-18
3.318918e-16
-3.6882638e-17
4.7682273e-17
1.6364376e-16
-1.5812086e-16
-1.3837098e-18
3.1503735e-16
-3.3824512e-17
3.8187134e-17
1.7181434e-16
-1.5614036e-16
-1.0198139e-18
2.9841704e-16
-3.0891772e-17
2.904662e-17
1.7939578e-16
-1.5414576e-16
-6.710211e-19
2.8211953e-16
-2.8084379e-17
2.0265055e-17
1.8640424e-16
-1.5214139e-16
-3.3757441e-19
2.662139e-16
-2.5401405e-17
1.1843015e-17
1.9285905e-16
-1.5013104e-16
-1.951895e-20
2.5075262e-16
-2.2841183e-17
3.7780535e-18
1.9878173e-16
-1.4811811e-16
2.8329115e-19
2.3577456e-16
-2.0401425e-17
-3.9347962e-18
2.0419524e-16
-1.4610569e-16
5.7113832e-19
2.2130787e-16
-1.8079343e-17
-1.1302435e-17
2.0912317e-16
-1.4409676e-16
8.4443497e-19
2.0737385e-16
-1.5871636e-17
-1.8333516e-17
2.1358884e-16
-1.4209434e-16
1.1035492e-18
1.9399013e-16
-1.377466e-17
-2.5037816e-17
2.1761535e-16
-1.4010432e-16
1.3493294e-18
1.8119213e-16
-1.1781702e-17
-3.1427357e-17
2.2120758e-16
-1.3813309e-16
1.5818716e-18
1.690299e-16
-9.8821163e-18
-3.7514545e-17
2.2436256e-16
-1.3618267e-16
1.7990807e-18
1.5752121e-16
-8.069267e-18
-4.3319841e-17
2.2710317e-16
-1.3425627e-16
1.9997129e-18
1.4664018e-16
-6.3404646e-18
-4.8858798e-17
2.2947125e-16
-1.3235838e-16
2.1847318e-18
1.3633995e-16
-4.6944675e-18
-5.4140855e-17
2.3150781e-16
-1.3049024e-16
2.3559793e-18
1.2657067e-16
-3.1300894e-18
-5.9172827e-17
2.3324666e-16
-1.2864971e-16
2.5153339e-18
1.1728665e-16
-1.6456313e-18
-6.3960906e-17
2.3471489e-16
-1.2683324e-16
2.6644152e-18
1.0844821e-16
-2.3908349e-19
-6.8511508e-17
2.3593455e-16
-1.2503732e-16
2.8045015e-18
1.0002159e-16
1.0918438e-18
-7.2831638e-17
2.3692416e-16
-1.2325913e-16
2.9365549e-18
9.1978004e-17
2.3498461e-18
-7.692893e-17
2.3769982e-16
-1.2149675e-16
3.061283e-18
8.4292451e-17
3.5377431e-18
-8.0811533e-17
2.38276e-16
-1.1974917e-16
3.1792158e-18
7.6941832e-17
4.6584704e-18
-8.4487845e-17
2.3866602e-16
-1.180161e-16
3.2907456e-18
6.9904469e-17
5.7149801e-18
-8.7966358e-17
2.3888252e-16
-1.1629797e-16
3.3962331e-18
6.3142368e-17
6.7103631e-18
-9.1253518e-17
2.3893752e-16
-1.1459519e-16
3.4959742e-18
5.6605321e-17
7.6475173e-18
-9.4355227e-17
2.3884223e-16
-1.1290746e-16
3.5901735e-18
5.0272407e-17
8.5294761e-18
-9.7280569e-17
2.3860729e-16
-1.1123493e-16
3.6790798e-18
4.4142742e-17
9.3591592e-18
-1.000404e-16
2.3824244e-16
-1.0957863e-16
3.76291e-18
3.8219026e-17
1.0139368e-17
-1.026452e-16
2.3775655e-16
-1.0794016e-16
3.8417793e-18
3.2502994e-17
1.0872774e-17
-1.0510463e-16
2.3715795e-16
-1.0632136e-16
3.9157452e-18
2.699482e-17
1.1561911e-17
-1.0742749e-16
2.3645457e-16
-1.0472407e-16
3.9848499e-18
2.1692935e-17
1.2209179e-17
-1.0962179e-16
2.3565396e-16
-1.0314992e-16
4.0491294e-18
1.6594152e-17
1.2816858e-17
-1.1169486e-16
2.3476327e-16
-1.0160031e-16
4.108635e-18
1.1693971e-17
1.3387116e-17
-1.1365341e-16
2.337893e-16
-1.0007632e-16
4.163433e-18
6.9869182e-18
1.3922012e-17
-1.1550362e-16
2.3273848e-16
-9.8578816e-17
4.2136116e-18
2.4668422e-18
1.4423512e-17
-1.1725122e-16
2.316169e-16
-9.7108473e-17
4.2592735e-18
-1.872844e-18
1.4893484e-17
-1.1890154e-16
2.3043031e-16
-9.5665758e-17
4.3005317e-18
-6.038967e-18
1.5333707e-17
-1.2045959e-16
2.2918417e-16
-9.4250978e-17
4.3375092e-18
-1.003844e-17
1.5745873e-17
-1.2193002e-16
2.2788361e-16
-9.286433e-17
4.370341e-18
-1.3878153e-17
1.6131594e-17
-1.2331724e-16
2.2653348e-16
-9.1505925e-17
4.3991693e-18
-1.7564884e-17
1.6492398e-17
-1.2462538e-16
2.2513836e-16
-9.0175766e-17
4.4241336e-18
-2.1105245e-17
1.682968e-17
-1.2585834e-16
2.2370256e-16
-8.8873772e-17
4.4453783e-18
-2.4505638e-17
1.714494e-17
-1.2701979e-16
2.2223011e-16
-8.7599799e-17
4.4630479e-18
-2.777223e-17
1.7439483e-17
-1.281132e-16
2.2072482e-16
-8.6353675e-17
4.4772916e-18
-3.0910938e-17
1.7714427e-17
-1.2914184e-16
2.1919027e-16
-8.5135172e-17
4.4882551e-18
-3.3927407e-17
1.7971008e-17
-1.3010881e-16
2.176298e-16
-8.3944007e-17
4.4960779e-18
-3.6827027e-17
1.8210335e-17
-1.3101702e-16
2.1604655e-16
-8.2779868e-17
4.5009005e-18
-3.9614921e-17
1.8433459e-17
-1.3186922e-16
2.1444346e-16
-8.164241e-17
4.5028643e-18
-4.2295954e-17
1.8641372e-17
-1.3266801e-16
2.1282328e-16
-8.0531264e-17
4.5021016e-18
-4.4874741e-17
1.883501e-17
-1.3341586e-16
2.1118857e-16
-7.9446035e-17
4.4987456e-18
-4.7355655e-17
1.9015258e-17
-1.3411508e-16
2.0954172e-16
-7.8386306e-17
4.4929261e-18
-4.9742835e-17
1.9182946e-17
-1.3476785e-16
2.0788497e-16
-7.7351641e-17
4.4847669e-18
-5.2040197e-17
1.9338864e-17
-1.3537625e-16
2.0622041e-16
-7.6341592e-17
4.4743923e-18
-5.425145e-17
1.948375e-17
-1.3594222e-16
2.0454995e-16
-7.5355697e-17
4.4619193e-18
-5.6380098e-17
1.9618304e-17
-1.3646762e-16
2.0287542e-16
-7.439348e-17
4.4474637e-18
-5.8429457e-17
1.9743179e-17
-1.3695418e-16
2.0119847e-16
-7.3454457e-17
4.4311365e-18
-6.0402663e-17
1.9858996e-17
-1.3740355e-16
1.9952065e-16
-7.2538138e-17
4.4130448e-18
-6.2302689e-17
1.9966335e-17
-1.3781729e-16
1.9784341e-16
-7.1644032e-17
4.3932954e-18
-6.4132344e-17
2.0065743e-17
-1.3819688e-16
1.9616807e-16
-7.0771621e-17
4.3719834e-18
-6.5894292e-17
2.0157733e-17
-1.3854369e-16
1.9449584e-16
-6.9920394e-17
4.3492068e-18
-6.7591055e-17
2.024279e-17
-1.3885906e-16
1.9282788e-16
-6.9089858e-17
4.325061e-18
-6.9225025e-17
2.0321368e-17
-1.3914426e-16
1.9116525e-16
-6.8279555e-17
4.2996439e-18
-7.0798466e-17
2.0393892e-17
-1.3940046e-16
1.8950893e-16
-6.7489002e-17
4.2730427e-18
-7.2313524e-17
2.0460761e-17
-1.3962877e-16
1.8785975e-16
-6.6717615e-17
4.2453214e-18
-7.3772243e-17
2.052235e-17
-1.3983026e-16
1.8621851e-16
-6.5964886e-17
4.2165671e-18
-7.517657e-17
2.057901e-17
-1.4000593e-16
1.8458597e-16
-6.5230346e-17
4.1868612e-18
-7.6528356e-17
2.0631072e-17
-1.4015676e-16
1.8296281e-16
-6.451351e-17
4.1562761e-18
-7.7829356e-17
2.0678846e-17
-1.4028366e-16
1.8134963e-16
-6.3813892e-17
4.1248827e-18
-7.908125e-17
2.0722622e-17
-1.4038749e-16
1.79747e-16
-6.3131015e-17
4.0927482e-18
-8.0285638e-17
2.076267e-17
-1.404691e-16
1.7815542e-16
-6.2464405e-17
4.0599363e-18
-8.1444046e-17
2.0799249e-17
-1.4052926e-16
1.7657535e-16
-6.1813594e-17
4.0265103e-18
-8.2557936e-17
2.0832592e-17
-1.4056873e-16
1.7500719e-16
-6.1178123e-17
3.9925279e-18
-8.3628702e-17
2.0862926e-17
-1.4058824e-16
1.7345132e-16
-6.0557542e-17
3.958045e-18
-8.465768e-17
2.0890456e-17
-1.4058846e-16
1.7190805e-16
-5.9951416e-17
3.9231167e-18
-8.5646154e-17
2.091538e-17
-1.4057005e-16
1.7037767e-16
-5.9359284e-17
3.887789e-18
-8.659535e-17
2.093788e-17
-1.4053365e-16
1.6886043e-16
-5.8780746e-17
3.8521173e-18
-8.7506448e-17
2.0958125e-17
-1.4047985e-16
1.6735655e-16
-5.8215374e-17
3.8161441e-18
-8.838058e-17
2.0976275e-17
-1.4040923e-16
1.6586623e-16
-5.7662761e-17
3.7799142e-18
-8.9218837e-17
2.0992481e-17
-1.4032235e-16
1.6438961e-16
-5.7122506e-17
3.7434693e-18
-9.0022267e-17
2.1006879e-17
-1.4021974e-16
1.6292684e-16
-5.6594218e-17
3.7068481e-18
-9.079188e-17
2.1019598e-17
-1.4010191e-16
1.6147802e-16
-5.6077519e-17
3.6700884e-18
-9.152865e-17
2.1030758e-17
-1.3996934e-16
1.6004323e-16
-5.5572034e-17
3.6332264e-18
-9.2233519e-17
2.1040476e-17
-1.3982252e-16
1.5862255e-16
-5.50774e-17
3.5962956e-18
-9.2907392e-17
2.1048852e-17
-1.396619e-16
1.5721602e-16
-5.4593269e-17
3.5593269e-18
-9.3551149e-17
2.1055986e-17
-1.3948791e-16
1.5582366e-16
-5.4119293e-17
3.5223507e-18
-9.4165637e-17
2.1061966e-17
-1.3930099e-16
1.5444548e-16
-5.3655139e-17
3.4853953e-18
-9.4751676e-17
2.1066878e-17
-1.3910154e-16
1.5308148e-16
-5.3200482e-17
3.4484871e-18
-9.5310061e-17
2.1070799e-17
-1.3888996e-16
1.5173165e-16
-5.2755006e-17
3.4116516e-18
-9.5841566e-17
2.1073802e-17
-1.3866663e-16
1.5039594e-16
-5.2318403e-17
3.3749121e-18
-9.6346935e-17
2.1075953e-17
-1.3843192e-16
1.4907432e-16
-5.1890378e-17
3.3382904e-18
-9.6826893e-17
2.1077316e-17
-1.381862e-16
1.4776672e-16
-5.147064e-17
3.3018074e-18
-9.7282144e-17
2.1077949e-17
-1.379298e-16
1.4647309e-16
-5.1058909e-17
3.2654824e-18
-9.7713372e-17
2.1077903e-17
-1.3766306e-16
1.4519334e-16
-5.0654914e-17
3.2293334e-18
-9.812124e-17
2.1077228e-17
-1.3738631e-16
1.439274e-16
-5.0258392e-17
3.1933776e-18
-9.8506392e-17
2.107597e-17
-1.3709987e-16
1.4267518e-16
-4.986909e-17
3.1576302e-18
-9.8869457e-17
2.1074169e-17
-1.3680405e-16
1.4143656e-16
-4.9486758e-17
3.122106e-18
-9.9211046e-17
2.1071865e-17
-1.3649914e-16
1.4021147e-16
-4.911116e-17
3.0868185e-18
-9.9531753e-17
2.1069093e-17
-1.3618544e-16
1.3899977e-16
-4.8742066e-17
3.0517803e-18
-9.9832157e-17
2.1065885e-17
-1.3586323e-16
1.3780136e-16
-4.837926e-17
3.0170037e-18
-1.0011282e-16
2.106227e-17
-1.3553278e-16
1.3661612e-16
-4.8022511e-17
2.9824963e-18
-1.003743e-16
2.1058277e-17
-1.3519437e-16
1.3544393e-16
-4.7671619e-17
2.9482707e-18
-1.0061712e-16
2.1053929e-17
-1.3484825e-16
1.3428465e-16
-4.7326378e-17
2.9143345e-18
-1.008418e-16
2.1049249e-17
-1.3449467e-16
1.3313816e-16
-4.6986606e-17
2.8806987e-18
-1.0104886e-16
2.1044256e-17
-1.3413389e-16
1.3200433e-16
-4.665211e-17
2.8473675e-18
-1.0123879e-16
2.103897e-17
-1.3376615e-16
1.3088302e-16
-4.6322712e-17
2.8143484e-18
-1.0141208e-16
2.1033408e-17
-1.3339168e-16
1.297741e-16
-4.5998236e-17
2.7816476e-18
-1.0156919e-16
2.1027585e-17
-1.3301071e-16
1.2867742e-16
-4.5678516e-17
2.7492698e-18
-1.0171059e-16
2.1021512e-17
-1.3262347e-16
1.2759285e-16
-4.5363398e-17
2.717221e-18
-1.0183672e-16
2.1015204e-17
-1.3223017e-16
1.2652025e-16
-4.5052712e-17
2.6855026e-18
-1.0194803e-16
2.1008671e-17
-1.3183102e-16
1.2545947e-16
-4.474631e-17
2.6541198e-18
-1.0204494e-16
2.1001921e-17
-1.3142625e-16
1.2441038e-16
-4.4444064e-17
2.6230784e-18
-1.0212787e-16
2.0994965e-17
-1.3101604e-16
1.2337282e-16
-4.4145826e-17
2.5923782e-18
-1.0219723e-16
2.0987808e-17
-1.306006e-16
1.2234667e-16
-4.3851465e-17
2.5620215e-18
-1.0225341e-16
2.0980455e-17
-1.3018013e-16
1.2133178e-16
-4.3560853e-17
2.5320102e-18
-1.0229681e-16
2.0972915e-17
-1.297548e-16
1.20328e-16
-4.3273869e-17
2.5023456e-18
-1.023278e-16
2.0965191e-17
-1.2932481e-16
1.193352e-16
-4.2990404e-17
2.4730294e-18
-1.0234676e-16
2.0957287e-17
-1.2889034e-16
1.1835323e-16
-4.2710327e-17
2.4440595e-18
-1.0235404e-16
2.0949205e-17
-1.2845157e-16
1.1738196e-16
-4.2433532e-17
2.415438e-18
-1.0235001e-16
2.094095e-17
-1.2800866e-16
1.1642125e-16
-4.2159931e-17
2.3871674e-18
-1.02335e-16
2.0932521e-17
-1.275618e-16
1.1547096e-16
-4.1889416e-17
2.3592443e-18
-1.0230935e-16
2.0923922e-17
-1.2711113e-16
1.1453096e-16
-4.1621892e-17
2.3316684e-18
-1.022734e-16
2.0915151e-17
-1.2665683e-16
1.136011e-16
-4.1357268e-17
2.3044387e-18
-1.0222746e-16
2.0906211e-17
-1.2619905e-16
1.1268126e-16
-4.1095459e-17
2.2775545e-18
-1.0217184e-16
2.0897102e-17
-1.2573795e-16
1.117713e-16
-4.0836386e-17
2.2510151e-18
-1.0210686e-16
2.0887823e-17
-1.2527368e-16
1.108711e-16
-4.0579954e-17
2.2248161e-18
-1.0203282e-16
2.0878373e-17
-1.2480639e-16
1.0998052e-16
-4.0326097e-17
2.1989585e-18
-1.0195e-16
2.0868754e-17
-1.2433622e-16
1.0909944e-16
-4.0074733e-17
2.173439e-18
-1.0185869e-16
2.0858961e-17
-1.2386331e-16
1.0822773e-16
-3.9825809e-17
2.1482581e-18
-1.0175918e-16
2.0848994e-17
-1.233878e-16
1.0736526e-16
-3.957925e-17
2.1234107e-18
-1.0165172e-16
2.0838853e-17
-1.2290983e-16
1.0651193e-16
-3.9334991e-17
2.0988949e-18
-1.0153659e-16
2.0828536e-17
-1.2242953e-16
1.0566759e-16
-3.909297e-17
2.0747081e-18
-1.0141405e-16
2.0818039e-17
-1.2194703e-16
1.0483214e-16
-3.8853131e-17
2.0508478e-18
-1.0128435e-16
2.0807363e-17
-1.2146245e-16
1.0400545e-16
-3.8615426e-17
2.0273119e-18
-1.0114773e-16
2.0796504e-17
-1.2097592e-16
1.0318741e-16
-3.8379782e-17
2.0040947e-18
-1.0100444e-16
2.078546e-17
-1.2048756e-16
1.0237791e-16
-3.8146149e-17
1.9811951e-18
-1.0085471e-16
2.077423e-17
-1.1999749e-16
1.0157682e-16
-3.7914496e-17
1.9586122e-18
-1.0069877e-16
2.076281e-17
-1.1950581e-16
1.0078405e-16
-3.7684765e-17
1.9363398e-18
-1.0053684e-16
2.0751199e-17
-1.1901264e-16
9.9999467e-17
-3.7456909e-17
1.914375e-18
-1.0036915e-16
2.0739392e-17
-1.1851809e-16
9.9222974e-17
-3.7230884e-17
1.8927145e-18
-1.0019589e-16
2.0727389e-17
-1.1802226e-16
9.8454458e-17
-3.7006646e-17
1.8713548e-18
-1.0001727e-16
2.0715186e-17
-1.1752526e-16
9.769381e-17
-3.6784159e-17
1.850293e-18
-9.9833493e-17
2.0702778e-17
-1.1702717e-16
9.694092e-17
-3.6563365e-17
1.8295227e-18
-9.9644744e-17
2.0690163e-17
-1.165281e-16
9.619568e-17
-3.6344221e-17
1.8090417e-18
-9.9451196e-17
2.0677334e-17
-1.1602813e-16
9.5457976e-17
-3.61267e-17
1.7888485e-18
-9.9253006e-17
2.0664286e-17
-1.1552733e-16
9.472769e-17
-3.5910744e-17
1.768935e-18
-9.90503e-17
2.0651009e-17
-1.1502577e-16
9.4004694e-17
-3.5696296e-17
1.7492966e-18
-9.8843155e-17
2.0637484e-17
-1.1452348e-16
9.3288843e-17
-3.5483284e-17
1.7299269e-18
-9.8631562e-17
2.0623685e-17
-1.1402045e-16
9.2579953e-17
-3.5271608e-17
1.7108167e-18
-9.8415346e-17
2.0609565e-17
-1.135166e-16
9.1877778e-17
-3.5061125e-17
1.6919539e-18
-9.8194042e-17
2.0595039e-17
-1.1301172e-16
9.118196e-17
-3.4851571e-17
1.6733156e-18
-9.7966622e-17
2.0579952e-17
-1.1250537e-16
9.0491941e-17
-3.4642545e-17
1.6548693e-18
-9.7731022e-17
2.0564031e-17
-1.1199669e-16
8.9806844e-17
-3.4433365e-17
1.636571e-18
-9.7483107e-17
2.0546757e-17
-1.1148411e-16
8.9125255e-17
-3.4222803e-17
1.6182906e-18
-9.7215005e-17
2.0527199e-17
-1.1096508e-16
8.8445475e-17
-3.4009676e-17
1.6001183e-18
-9.6910145e-17
2.0503385e-17
-1.1043447e-16
8.7764678e-17
-3.378859e-17
1.5811169e-18
-9.6540193e-17
2.0472135e-17
-1.0988853e-16
8.7091743e-17
-3.357559e-17
1.5648202e-18
-9.6026515e-17
2.0422469e-17
-1.0930126e-16
8.6419788e-17
-3.3312263e-17
1.5425367e-18
-9.5300654e-17
2.0347306e-17
-1.0873445e-16
8.5993636e-17
-3.3393296e-17
1.5499521e-18
-9.3805568e-17
2.013312e-17
-1.0775712e-16
8.5485837e-17
-3.3157384e-17
1.62644e-18
-9.2145971e-17
1.9908236e-17
-1.0779514e-16
8.8368334e-17
-3.7180079e-17
1.3608318e-18
-8.3998243e-17
1.7902225e-17
-9.8311772e-17
8.5914779e-17
-5.4743849e-17
6.7103504e-18
)
;
    }
}


// ************************************************************************* //
