/*--------------------------------*- C++ -*----------------------------------*\
  =========                 |
  \\      /  F ield         | OpenFOAM: The Open Source CFD Toolbox
   \\    /   O peration     | Website:  https://openfoam.org
    \\  /    A nd           | Version:  10
     \\/     M anipulation  |
\*---------------------------------------------------------------------------*/
FoamFile
{
    format      ascii;
    class       volVectorField;
    location    "5000/FLUID";
    object      U;
}
// * * * * * * * * * * * * * * * * * * * * * * * * * * * * * * * * * * * * * //

dimensions      [0 1 -1 0 0 0 0];

internalField   nonuniform List<vector> 
1200
(
(5.0569003 -0.094465724 3.6338856e-18)
(5.2214662 -0.13020516 8.6822065e-18)
(5.4359341 -0.13619707 5.0623145e-18)
(5.6487082 -0.13419829 5.2222946e-19)
(5.8557577 -0.12621085 7.5398512e-19)
(6.0546839 -0.11488109 1.1514545e-18)
(6.2423397 -0.10269479 1.5972047e-18)
(6.4184571 -0.090692327 1.8108935e-18)
(6.584112 -0.079298611 2.1710895e-18)
(6.7406601 -0.068684812 2.6458771e-18)
(6.8895308 -0.05885735 3.2347532e-18)
(7.0320788 -0.049749585 3.725714e-18)
(7.1695002 -0.041291588 4.4131391e-18)
(7.3028033 -0.033346024 5.0349919e-18)
(7.4328082 -0.025692949 5.5898877e-18)
(7.5603697 -0.018249985 6.1327916e-18)
(7.6861139 -0.01117313 6.793579e-18)
(7.8102994 -0.0046415696 7.5167156e-18)
(7.9330846 0.0012677745 8.1742772e-18)
(8.0546096 0.0065281618 8.886947e-18)
(8.1749859 0.011138857 9.4725451e-18)
(8.2942975 0.015118335 1.0133685e-17)
(8.4126072 0.018498388 1.0845373e-17)
(8.5299626 0.021319118 1.1607776e-17)
(8.6463993 0.023625345 1.2267329e-17)
(8.7619438 0.025463987 1.2785596e-17)
(8.8766157 0.026882131 1.3366941e-17)
(8.9904294 0.027925664 1.4174511e-17)
(9.1033953 0.028638338 1.4913043e-17)
(9.2155209 0.029061172 1.5805071e-17)
(9.326811 0.029232124 1.665703e-17)
(9.437269 0.029185962 1.7422828e-17)
(9.5468966 0.028954277 1.8372561e-17)
(9.6556949 0.028565636 1.9401634e-17)
(9.7636638 0.028045761 2.0449539e-17)
(9.8708039 0.027417841 2.142454e-17)
(9.9771169 0.026702875 2.2462922e-17)
(10.082604 0.025918649 2.3580046e-17)
(10.187263 0.025079226 2.4453692e-17)
(10.291096 0.024197119 2.5497106e-17)
(10.394101 0.02328365 2.6603161e-17)
(10.496278 0.022348772 2.740097e-17)
(10.597629 0.021401081 2.8445809e-17)
(10.698154 0.020447917 2.9444071e-17)
(10.797855 0.019495486 3.0612784e-17)
(10.896733 0.018548995 3.1750175e-17)
(10.994791 0.017612805 3.2809065e-17)
(11.092029 0.016690597 3.4116638e-17)
(11.188452 0.015785653 3.5447025e-17)
(11.284061 0.014901049 3.6862612e-17)
(11.378859 0.014041969 3.8112875e-17)
(11.472852 0.013214455 3.9588942e-17)
(11.566044 0.012420608 4.0757891e-17)
(11.658439 0.011659157 4.221531e-17)
(11.750043 0.010927635 4.3443315e-17)
(11.840859 0.010223485 4.4944224e-17)
(11.930892 0.0095444207 4.638734e-17)
(12.020149 0.008888532 4.7861352e-17)
(12.108633 0.0082542594 4.9064807e-17)
(12.19635 0.0076403227 5.0611936e-17)
(12.283307 0.0070456395 5.2168387e-17)
(12.369509 0.0064691462 5.3800953e-17)
(12.454964 0.0059098303 5.5572519e-17)
(12.539678 0.0053645136 5.7349157e-17)
(12.623678 0.0048294491 5.8892143e-17)
(12.706971 0.0043042602 6.0671684e-17)
(12.789562 0.0037897181 6.2101778e-17)
(12.871457 0.00328658 6.3603471e-17)
(12.95266 0.0027954725 6.5099973e-17)
(13.033177 0.00231686 6.6689536e-17)
(13.113015 0.0018510292 6.8328794e-17)
(13.192178 0.0013981057 6.9798601e-17)
(13.270673 0.00095808226 7.1297454e-17)
(13.348507 0.00053084747 7.3114349e-17)
(13.425683 0.00011621022 7.4791297e-17)
(13.50221 -0.00028607901 7.634598e-17)
(13.578092 -0.00067631122 7.7930596e-17)
(13.653337 -0.0010548054 7.9529041e-17)
(13.727949 -0.0014218979 8.1229149e-17)
(13.801935 -0.0017779346 8.2931418e-17)
(13.875302 -0.0021232645 8.4636806e-17)
(13.948055 -0.0024582352 8.6150417e-17)
(14.020201 -0.0027831891 8.7626138e-17)
(14.091745 -0.0030984616 8.9584097e-17)
(14.162694 -0.0034043786 9.1073663e-17)
(14.233054 -0.0037012554 9.2785905e-17)
(14.302832 -0.0039893961 9.459958e-17)
(14.372032 -0.0042690933 9.6230234e-17)
(14.440663 -0.0045406271 9.8036212e-17)
(14.508728 -0.0048042661 9.9970473e-17)
(14.576235 -0.0050602668 1.0190841e-16)
(14.643189 -0.0053088741 1.0365589e-16)
(14.709597 -0.0055503216 1.0555473e-16)
(14.775465 -0.005784832 1.073875e-16)
(14.840797 -0.0060126175 1.0915048e-16)
(14.905601 -0.0062338805 1.1075871e-16)
(14.969882 -0.0064488137 1.1265725e-16)
(15.033645 -0.0066576014 1.1442039e-16)
(15.096897 -0.0068604191 1.1607934e-16)
(15.159642 -0.0070574339 1.1779269e-16)
(15.221888 -0.0072488052 1.1960958e-16)
(15.283639 -0.0074346842 1.2139651e-16)
(15.3449 -0.007615216 1.2315619e-16)
(15.405678 -0.0077905409 1.2482753e-16)
(15.465977 -0.0079607925 1.2654137e-16)
(15.525803 -0.0081260982 1.2835901e-16)
(15.585161 -0.0082865803 1.3012681e-16)
(15.644057 -0.0084423565 1.3195984e-16)
(15.702495 -0.0085935397 1.3385794e-16)
(15.760481 -0.0087402388 1.3563737e-16)
(15.818019 -0.0088825585 1.3745893e-16)
(15.875116 -0.0090205998 1.3929198e-16)
(15.931774 -0.0091544604 1.4099918e-16)
(15.988001 -0.0092842346 1.4290099e-16)
(16.043799 -0.0094100135 1.4472276e-16)
(16.099174 -0.0095318856 1.4654079e-16)
(16.154131 -0.0096499366 1.484235e-16)
(16.208675 -0.0097642497 1.5028721e-16)
(16.262809 -0.0098749057 1.5213954e-16)
(16.316538 -0.0099819834 1.539578e-16)
(16.369868 -0.010085559 1.5578754e-16)
(16.422801 -0.010185708 1.577498e-16)
(16.475343 -0.010282502 1.5957206e-16)
(16.527498 -0.010376012 1.6141333e-16)
(16.57927 -0.010466309 1.633415e-16)
(16.630663 -0.010553459 1.6523568e-16)
(16.681681 -0.010637529 1.6704327e-16)
(16.732328 -0.010718585 1.689075e-16)
(16.782609 -0.010796689 1.7085076e-16)
(16.832528 -0.010871903 1.7288038e-16)
(16.882087 -0.01094429 1.7471093e-16)
(16.931291 -0.011013909 1.7662039e-16)
(16.980145 -0.011080818 1.7854863e-16)
(17.02865 -0.011145075 1.8048064e-16)
(17.076812 -0.011206738 1.8219957e-16)
(17.124634 -0.011265861 1.8394507e-16)
(17.172119 -0.0113225 1.8554541e-16)
(17.219272 -0.011376708 1.87262e-16)
(17.266094 -0.011428538 1.8928824e-16)
(17.312591 -0.011478041 1.9113947e-16)
(17.358765 -0.01152527 1.9318056e-16)
(17.40462 -0.011570273 1.9512868e-16)
(17.450158 -0.011613101 1.9702119e-16)
(17.495384 -0.011653802 1.987767e-16)
(17.540301 -0.011692424 2.006475e-16)
(17.584911 -0.011729013 2.0247044e-16)
(17.629217 -0.011763616 2.0445273e-16)
(17.673224 -0.011796279 2.0632794e-16)
(17.716934 -0.011827046 2.0825879e-16)
(17.760349 -0.011855961 2.1026726e-16)
(17.803473 -0.011883068 2.1224262e-16)
(17.846309 -0.011908409 2.1413343e-16)
(17.88886 -0.011932025 2.1602085e-16)
(17.931129 -0.011953958 2.1794163e-16)
(17.973117 -0.011974249 2.1977823e-16)
(18.014829 -0.011992937 2.2158223e-16)
(18.056267 -0.012010062 2.2352963e-16)
(18.097433 -0.012025662 2.2538572e-16)
(18.138331 -0.012039774 2.2726052e-16)
(18.178962 -0.012052436 2.2911742e-16)
(18.21933 -0.012063685 2.3083965e-16)
(18.259437 -0.012073556 2.3258809e-16)
(18.299286 -0.012082085 2.3434811e-16)
(18.338878 -0.012089307 2.3633818e-16)
(18.378217 -0.012095255 2.3809199e-16)
(18.417306 -0.012099963 2.4001731e-16)
(18.456145 -0.012103464 2.4188125e-16)
(18.494738 -0.01210579 2.4381463e-16)
(18.533088 -0.012106973 2.4555623e-16)
(18.571195 -0.012107044 2.4732391e-16)
(18.609064 -0.012106033 2.4918999e-16)
(18.646695 -0.012103971 2.5100959e-16)
(18.684092 -0.012100886 2.5281175e-16)
(18.721255 -0.012096808 2.5471201e-16)
(18.758189 -0.012091765 2.5672457e-16)
(18.794894 -0.012085784 2.5857529e-16)
(18.831373 -0.012078893 2.6049502e-16)
(18.867628 -0.012071118 2.6229655e-16)
(18.90366 -0.012062484 2.6408082e-16)
(18.939473 -0.012053017 2.659915e-16)
(18.975068 -0.012042742 2.6771259e-16)
(19.010446 -0.012031681 2.6947399e-16)
(19.045611 -0.012019856 2.7124696e-16)
(19.080563 -0.012007286 2.7308871e-16)
(19.115305 -0.011993987 2.7477029e-16)
(19.149839 -0.011979967 2.7656359e-16)
(19.184166 -0.011965222 2.7832558e-16)
(19.218289 -0.011949725 2.8008487e-16)
(19.252208 -0.011933409 2.81984e-16)
(19.285926 -0.011916126 2.8380904e-16)
(19.319444 -0.011897581 2.8564556e-16)
(19.352762 -0.011877181 2.874225e-16)
(19.385881 -0.011853808 2.8922526e-16)
(19.418799 -0.011825048 2.9096871e-16)
(19.451507 -0.011786983 2.926957e-16)
(19.484013 -0.01172754 2.9434993e-16)
(19.516171 -0.011639894 2.9618683e-16)
(19.548306 -0.011429421 2.9784753e-16)
(19.577823 -0.011242269 2.9971372e-16)
(19.61122 -0.0099066909 3.0141127e-16)
(5.1026517 -0.19268389 2.9547145e-19)
(5.3348197 -0.23695647 4.7597669e-19)
(5.5803212 -0.23509253 -1.909168e-18)
(5.8085389 -0.22089342 -4.5912063e-18)
(6.0287336 -0.19544642 -1.6213794e-18)
(6.2383469 -0.16493147 1.8392588e-18)
(6.4352551 -0.13401608 5.6510961e-18)
(6.6204314 -0.10474469 8.1583169e-18)
(6.7953739 -0.07816629 5.3018944e-18)
(6.9615728 -0.05476585 7.3415327e-18)
(7.1205019 -0.034599247 7.3562754e-18)
(7.2734754 -0.017462604 3.4453422e-18)
(7.4216687 -0.0030164208 3.4288292e-18)
(7.5664798 0.0090636286 3.4103845e-18)
(7.7087175 0.019033791 3.5054976e-18)
(7.8485602 0.027131279 3.6547435e-18)
(7.9861599 0.033584352 3.9222806e-18)
(8.1217736 0.038615451 4.2976053e-18)
(8.2556078 0.042437751 4.5696179e-18)
(8.3878069 0.045240857 4.8470428e-18)
(8.5184751 0.047186854 5.1725972e-18)
(8.6476889 0.04841329 5.4413944e-18)
(8.7755045 0.049036613 -1.5531537e-18)
(8.9019639 0.049155368 -1.0666212e-19)
(9.0270992 0.048853153 7.6317471e-18)
(9.1509359 0.048201164 6.9583905e-18)
(9.2734947 0.047260276 7.0838655e-18)
(9.3947937 0.046082727 7.3384558e-18)
(9.5148488 0.044713463 7.6263836e-18)
(9.6336749 0.043191234 7.9092336e-18)
(9.751286 0.041549476 8.263863e-18)
(9.867696 0.039817031 8.574913e-18)
(9.9829182 0.038018713 8.9481189e-18)
(10.096966 0.036175612 9.2824435e-18)
(10.209853 0.034305225 9.6211308e-18)
(10.321593 0.032418669 9.9208225e-18)
(10.432201 0.030529226 1.0263317e-17)
(10.541691 0.028652464 1.0533048e-17)
(10.650074 0.026798396 1.0946639e-17)
(10.757363 0.024974053 1.1306664e-17)
(10.863572 0.023184944 1.1668462e-17)
(10.968715 0.021435521 1.1959813e-17)
(11.072803 0.019729379 1.2308248e-17)
(11.175851 0.018069377 1.2689655e-17)
(11.277869 0.016457721 1.3034258e-17)
(11.378872 0.014896032 1.3356493e-17)
(11.47887 0.013385411 1.3673192e-17)
(11.577877 0.011926506 1.4074418e-17)
(11.675904 0.010519462 1.4468822e-17)
(11.772965 0.0091640951 1.4830003e-17)
(11.869074 0.0078570931 1.5189176e-17)
(11.964281 0.0065926569 1.5484103e-17)
(12.058596 0.0053688685 1.5846928e-17)
(12.152027 0.004186227 1.6217278e-17)
(12.244579 0.0030456355 1.6706364e-17)
(12.33626 0.0019477404 2.6758871e-17)
(12.42708 0.00089280716 2.6410585e-17)
(12.517045 -0.00011927323 1.7781252e-17)
(12.606165 -0.0010889369 1.9441908e-17)
(12.694447 -0.0020168858 1.9806821e-17)
(12.781898 -0.0029040244 1.9869325e-17)
(12.868528 -0.0037514152 1.9923111e-17)
(12.954343 -0.0045601928 2.0169097e-17)
(13.039349 -0.0053317276 2.0477364e-17)
(13.123544 -0.0060673011 2.0872169e-17)
(13.206933 -0.0067682998 2.1340679e-17)
(13.289527 -0.0074361169 2.1828316e-17)
(13.371332 -0.0080721342 2.2349235e-17)
(13.452358 -0.0086776921 2.2884433e-17)
(13.532612 -0.0092540812 2.3488214e-17)
(13.612103 -0.0098025483 2.3995168e-17)
(13.690839 -0.0103243 2.4532907e-17)
(13.768827 -0.010820506 2.5008289e-17)
(13.846076 -0.011292299 2.5496812e-17)
(13.922594 -0.011740776 2.6009028e-17)
(13.998389 -0.012167001 2.6524905e-17)
(14.073468 -0.012572004 2.7044436e-17)
(14.147839 -0.012956781 2.7537132e-17)
(14.221511 -0.013322293 2.8071014e-17)
(14.29449 -0.013669467 2.8580434e-17)
(14.366785 -0.013999198 4.3991189e-17)
(14.438403 -0.014312345 4.3993971e-17)
(14.509351 -0.014609733 2.9152786e-17)
(14.579637 -0.014892157 2.9817693e-17)
(14.649267 -0.015160374 3.062343e-17)
(14.718251 -0.015415114 3.1422982e-17)
(14.786593 -0.015657071 3.2074535e-17)
(14.854303 -0.01588691 3.2587805e-17)
(14.921385 -0.016105266 3.2997999e-17)
(14.987849 -0.016312743 3.3361058e-17)
(15.0537 -0.016509919 3.3823058e-17)
(15.118945 -0.016697341 3.4256441e-17)
(15.183591 -0.016875532 3.4742215e-17)
(15.247644 -0.01704499 3.5197082e-17)
(15.311112 -0.017206184 3.5683443e-17)
(15.374 -0.017359564 3.6203522e-17)
(15.436315 -0.017505555 3.6771052e-17)
(15.498063 -0.01764456 3.7351386e-17)
(15.559251 -0.017776962 3.7921501e-17)
(15.619884 -0.017903125 3.8510049e-17)
(15.679969 -0.018023393 3.9070064e-17)
(15.739512 -0.018138089 3.9671764e-17)
(15.798519 -0.01824752 4.0345574e-17)
(15.856995 -0.018351977 4.0915232e-17)
(15.914946 -0.018451737 4.1479355e-17)
(15.972379 -0.01854706 4.2028827e-17)
(16.029298 -0.018638192 4.2575104e-17)
(16.08571 -0.018725365 4.3118202e-17)
(16.141619 -0.018808799 4.3719652e-17)
(16.197031 -0.018888701 4.4217679e-17)
(16.251952 -0.018965266 4.4685346e-17)
(16.306387 -0.019038678 4.5227267e-17)
(16.360341 -0.019109112 4.5825087e-17)
(16.413819 -0.019176731 4.6428761e-17)
(16.466826 -0.019241689 4.7011083e-17)
(16.519368 -0.019304132 4.7587965e-17)
(16.571449 -0.019364197 4.8186577e-17)
(16.623073 -0.019422012 4.876618e-17)
(16.674247 -0.019477699 4.9331346e-17)
(16.724974 -0.01953137 4.9904684e-17)
(16.77526 -0.019583134 5.0479415e-17)
(16.825108 -0.019633091 5.1048782e-17)
(16.874525 -0.019681334 5.1594801e-17)
(16.923513 -0.019727953 5.2234473e-17)
(16.972077 -0.019773031 5.2823764e-17)
(17.020223 -0.019816644 5.342567e-17)
(17.067953 -0.019858867 5.400876e-17)
(17.115273 -0.019899768 5.4635841e-17)
(17.162187 -0.01993941 5.5235151e-17)
(17.208698 -0.019977853 5.5829139e-17)
(17.254811 -0.020015153 5.6431239e-17)
(17.300531 -0.020051362 5.6992292e-17)
(17.34586 -0.020086529 5.7632932e-17)
(17.390803 -0.0201207 5.8308367e-17)
(17.435364 -0.020153916 5.893384e-17)
(17.479547 -0.020186217 5.9558464e-17)
(17.523355 -0.02021764 6.0177798e-17)
(17.566792 -0.020248219 6.0805197e-17)
(17.609862 -0.020277985 6.1409552e-17)
(17.652569 -0.020306969 6.2057506e-17)
(17.694916 -0.020335197 6.2664691e-17)
(17.736906 -0.020362694 6.3266663e-17)
(17.778544 -0.020389485 6.3921009e-17)
(17.819833 -0.020415591 6.456124e-17)
(17.860775 -0.020441031 6.5165286e-17)
(17.901375 -0.020465824 6.5826017e-17)
(17.941636 -0.020489987 6.6450599e-17)
(17.981561 -0.020513537 6.7047946e-17)
(18.021154 -0.020536486 6.7701874e-17)
(18.060417 -0.020558849 6.832417e-17)
(18.099354 -0.020580637 6.8958924e-17)
(18.137968 -0.020601862 6.9601715e-17)
(18.176262 -0.020622533 7.0256925e-17)
(18.214239 -0.020642661 7.0871838e-17)
(18.251902 -0.020662252 7.1507982e-17)
(18.289254 -0.020681316 7.2121467e-17)
(18.326299 -0.020699859 7.2778071e-17)
(18.363038 -0.020717886 7.3425167e-17)
(18.399476 -0.020735405 7.4141532e-17)
(18.435614 -0.02075242 7.4804609e-17)
(18.471456 -0.020768936 7.5523736e-17)
(18.507004 -0.020784957 7.6185295e-17)
(18.542261 -0.020800486 7.6854852e-17)
(18.577231 -0.020815528 7.7506239e-17)
(18.611914 -0.020830085 7.8187421e-17)
(18.646315 -0.02084416 7.8815629e-17)
(18.680436 -0.020857755 7.9477984e-17)
(18.714279 -0.020870872 8.015703e-17)
(18.747848 -0.020883515 8.0791922e-17)
(18.781144 -0.020895683 8.1452215e-17)
(18.814169 -0.020907378 8.2111833e-17)
(18.846928 -0.020918603 8.2788123e-17)
(18.879421 -0.020929358 8.3433404e-17)
(18.911652 -0.020939643 8.4073719e-17)
(18.943623 -0.02094946 8.4726389e-17)
(18.975336 -0.02095881 8.5352485e-17)
(19.006793 -0.020967692 8.5982308e-17)
(19.037998 -0.020976108 8.6620173e-17)
(19.068951 -0.020984057 8.7304903e-17)
(19.099656 -0.020991539 8.7963107e-17)
(19.130115 -0.020998553 8.8625008e-17)
(19.16033 -0.021005098 8.9277685e-17)
(19.190302 -0.021011172 8.9929767e-17)
(19.220035 -0.021016768 9.064147e-17)
(19.249531 -0.021021879 9.1365409e-17)
(19.278791 -0.021026487 9.2011367e-17)
(19.307817 -0.021030564 9.2699686e-17)
(19.336612 -0.021034055 9.3383105e-17)
(19.365178 -0.021036865 9.403163e-17)
(19.393517 -0.021038814 9.4683892e-17)
(19.42163 -0.021039577 9.5339891e-17)
(19.44952 -0.021038542 9.5995349e-17)
(19.477187 -0.021034608 9.667166e-17)
(19.504634 -0.021025358 9.7373076e-17)
(19.531858 -0.021007164 9.8014148e-17)
(19.558871 -0.02096546 9.8663353e-17)
(19.585588 -0.020896071 9.9333436e-17)
(19.612238 -0.020633934 9.9986861e-17)
(19.636964 -0.020438182 1.0070681e-16)
(19.663984 -0.017590877 1.0140853e-16)
(5.2082746 -0.33205696 9.0836916e-20)
(5.5668334 -0.3317032 7.8708851e-20)
(5.8494183 -0.29995946 2.3257049e-19)
(6.0979857 -0.26611806 2.0128306e-19)
(6.3376542 -0.22370519 2.7092987e-19)
(6.562415 -0.18088155 3.8797447e-19)
(6.7720186 -0.14192058 5.4189265e-19)
(6.9690523 -0.10785564 7.3891732e-19)
(7.1555105 -0.078949574 8.9716555e-19)
(7.3332086 -0.055008523 9.9724031e-19)
(7.5038739 -0.035519178 1.1384426e-18)
(7.6689565 -0.019834594 1.2182863e-18)
(7.8295858 -0.0072613936 1.1536392e-18)
(7.9863504 0.0027295069 1.2424214e-18)
(8.1397051 0.010449269 1.4120788e-18)
(8.2901189 0.016255652 1.5478895e-18)
(8.4379293 0.020538282 1.659227e-18)
(8.5833743 0.023623793 1.768393e-18)
(8.7266171 0.025761504 1.873913e-18)
(8.8677681 0.027146324 2.0052805e-18)
(9.0069059 0.027931489 2.1020586e-18)
(9.14409 0.028237352 2.2260983e-18)
(9.2793679 0.028158894 2.3084683e-18)
(9.4127797 0.027771636 2.4300744e-18)
(9.5443612 0.027136137 2.5518669e-18)
(9.6741456 0.02630141 2.7169185e-18)
(9.8021644 0.025307491 2.8695809e-18)
(9.9284485 0.024187372 3.0244235e-18)
(10.053028 0.02296845 3.1776193e-18)
(10.175931 0.021673627 3.3550815e-18)
(10.297188 0.020322159 3.5351594e-18)
(10.416827 0.018930339 3.7016375e-18)
(10.534875 0.01751208 3.8617782e-18)
(10.651358 0.016079679 4.0284758e-18)
(10.7663 0.014644431 4.1991825e-18)
(10.879727 0.013222833 4.3495457e-18)
(10.991658 0.011818577 4.4913751e-18)
(11.10211 0.010428131 4.6483487e-18)
(11.211099 0.0090548726 4.840127e-18)
(11.318639 0.007703549 4.9863322e-18)
(11.42475 0.0063781753 5.1052193e-18)
(11.529447 0.0050820003 5.2857872e-18)
(11.63275 0.0038175732 5.5012856e-18)
(11.734674 0.0025868086 5.6989673e-18)
(11.835236 0.0013910767 5.874078e-18)
(11.934453 0.00023128879 -5.4918537e-19)
(12.03234 -0.00089203516 -5.491436e-19)
(12.128913 -0.0019787048 6.4469766e-18)
(12.224188 -0.003028857 7.0948264e-18)
(12.318178 -0.0040428104 7.1202273e-18)
(12.410896 -0.005021389 7.1198035e-18)
(12.502317 -0.0059657796 7.1938446e-18)
(12.592453 -0.0068781077 7.3332195e-18)
(12.681323 -0.0077594583 7.5793134e-18)
(12.768947 -0.0086102005 7.7879926e-18)
(12.855341 -0.009430502 7.9971058e-18)
(12.940523 -0.010220538 8.231874e-18)
(13.024511 -0.010980589 8.4412859e-18)
(13.107321 -0.011711078 8.6005868e-18)
(13.18897 -0.012412568 8.7823065e-18)
(13.269475 -0.01308574 8.9761637e-18)
(13.34885 -0.013731337 9.1522121e-18)
(13.427113 -0.01435016 9.3689234e-18)
(13.504279 -0.014942567 9.5800446e-18)
(13.580363 -0.015509022 9.842528e-18)
(13.65538 -0.016050731 1.0038431e-17)
(13.729345 -0.016569057 1.0234243e-17)
(13.802272 -0.017065273 1.0455648e-17)
(13.874176 -0.017540548 1.068908e-17)
(13.945071 -0.017995949 1.090989e-17)
(14.014971 -0.018432449 1.1132635e-17)
(14.083888 -0.018850933 1.1376481e-17)
(14.151837 -0.019252219 1.1585218e-17)
(14.218831 -0.019637061 1.180435e-17)
(14.284882 -0.020006163 1.2013262e-17)
(14.350003 -0.020360187 1.2240622e-17)
(14.414208 -0.020699755 1.2459863e-17)
(14.477507 -0.021025453 1.2664048e-17)
(14.539913 -0.02133784 1.2874088e-17)
(14.601439 -0.021637443 1.3102584e-17)
(14.662095 -0.021924767 1.3347091e-17)
(14.721894 -0.022200288 1.3623858e-17)
(14.780847 -0.022464462 1.3838608e-17)
(14.838964 -0.022717721 1.4050906e-17)
(14.896257 -0.022960478 1.4287228e-17)
(14.952737 -0.023193125 1.4452822e-17)
(15.008415 -0.023416035 1.4677139e-17)
(15.063301 -0.023629563 1.4930773e-17)
(15.117405 -0.023834047 1.5149749e-17)
(15.170737 -0.024029808 1.539004e-17)
(15.223308 -0.024217153 1.5654282e-17)
(15.275128 -0.024396372 1.5878603e-17)
(15.326206 -0.024567742 1.6102946e-17)
(15.376552 -0.024731527 1.6303395e-17)
(15.426175 -0.024887977 1.65675e-17)
(15.475085 -0.02503733 1.6837234e-17)
(15.523291 -0.025179814 1.7066994e-17)
(15.570802 -0.025315647 1.7320677e-17)
(15.617627 -0.025445033 1.7553023e-17)
(15.663775 -0.02556817 1.7828909e-17)
(15.709254 -0.025685252 1.8026375e-17)
(15.754073 -0.025796455 1.8317036e-17)
(15.79824 -0.025901946 1.8594748e-17)
(15.841765 -0.02600189 1.8875143e-17)
(15.884654 -0.026096446 1.9176878e-17)
(15.926916 -0.026185763 1.9462518e-17)
(15.968559 -0.026269987 1.9756264e-17)
(16.009591 -0.026349255 2.0013018e-17)
(16.05002 -0.026423701 2.0288465e-17)
(16.089853 -0.02649345 2.0584909e-17)
(16.129098 -0.026558627 2.0836581e-17)
(16.167763 -0.02661935 2.1101551e-17)
(16.205854 -0.026675731 2.1379915e-17)
(16.243378 -0.026727882 2.1668824e-17)
(16.280344 -0.026775907 2.1944509e-17)
(16.316758 -0.02681991 2.2223022e-17)
(16.352627 -0.026859989 2.2533311e-17)
(16.387958 -0.02689624 2.2775134e-17)
(16.422757 -0.026928757 2.30776e-17)
(16.457032 -0.026957628 2.338289e-17)
(16.490789 -0.026982941 2.3653974e-17)
(16.524034 -0.027004782 2.3917335e-17)
(16.556774 -0.027023233 2.4238691e-17)
(16.589015 -0.027038373 2.4515391e-17)
(16.620764 -0.027050282 2.4834411e-17)
(16.652026 -0.027059034 2.5119336e-17)
(16.682808 -0.027064705 2.5414788e-17)
(16.713116 -0.027067367 2.5699894e-17)
(16.742955 -0.02706709 2.6029951e-17)
(16.772332 -0.027063943 2.631275e-17)
(16.801253 -0.027057994 2.6629825e-17)
(16.829722 -0.027049309 2.6933923e-17)
(16.857746 -0.027037951 2.7253979e-17)
(16.88533 -0.027023984 2.7547881e-17)
(16.912479 -0.027007471 2.7876076e-17)
(16.9392 -0.02698847 2.8191303e-17)
(16.965498 -0.026967043 2.8519916e-17)
(16.991377 -0.026943245 2.8851264e-17)
(17.016843 -0.026917136 2.915115e-17)
(17.041901 -0.02688877 2.9451148e-17)
(17.066556 -0.026858202 2.9751365e-17)
(17.090814 -0.026825486 3.0086009e-17)
(17.114679 -0.026790676 3.0386613e-17)
(17.138156 -0.026753822 3.0671488e-17)
(17.16125 -0.026714975 3.0964491e-17)
(17.183966 -0.026674186 3.126035e-17)
(17.206308 -0.026631504 3.1558982e-17)
(17.228281 -0.026586977 3.1860394e-17)
(17.24989 -0.026540652 3.2162032e-17)
(17.27114 -0.026492576 3.2477036e-17)
(17.292034 -0.026442794 3.2768546e-17)
(17.312577 -0.026391352 3.307599e-17)
(17.332774 -0.026338295 3.338103e-17)
(17.352629 -0.026283664 3.3638845e-17)
(17.372146 -0.026227504 3.3946912e-17)
(17.391329 -0.026169855 3.4252513e-17)
(17.410184 -0.026110761 3.44977e-17)
(17.428712 -0.02605026 3.4811645e-17)
(17.44692 -0.025988393 3.5123186e-17)
(17.464811 -0.025925199 3.540587e-17)
(17.482388 -0.025860718 3.570725e-17)
(17.499656 -0.025794986 3.6029968e-17)
(17.516618 -0.025728041 3.6308026e-17)
(17.533279 -0.02565992 3.6594207e-17)
(17.549643 -0.025590659 3.6891135e-17)
(17.565712 -0.025520293 3.7180382e-17)
(17.581491 -0.025448857 3.7488319e-17)
(17.596983 -0.025376386 3.7791215e-17)
(17.612192 -0.025302913 3.8125977e-17)
(17.627122 -0.025228471 3.8394975e-17)
(17.641775 -0.025153092 3.8730223e-17)
(17.656156 -0.025076809 3.9031352e-17)
(17.670268 -0.024999653 3.9290428e-17)
(17.684115 -0.024921653 3.9589361e-17)
(17.697698 -0.024842841 3.9912301e-17)
(17.711023 -0.024763245 4.0216988e-17)
(17.724092 -0.024682895 4.0516597e-17)
(17.736909 -0.024601818 4.082702e-17)
(17.749476 -0.024520042 4.1111246e-17)
(17.761797 -0.024437593 4.1406267e-17)
(17.773875 -0.024354498 4.1701512e-17)
(17.785713 -0.02427078 4.198906e-17)
(17.797314 -0.024186464 4.2290067e-17)
(17.808681 -0.024101569 4.2567498e-17)
(17.819817 -0.024016114 4.2871612e-17)
(17.830725 -0.023930108 4.3144204e-17)
(17.841408 -0.023843555 4.3462036e-17)
(17.851869 -0.023756435 4.3743034e-17)
(17.86211 -0.023668702 4.4024263e-17)
(17.872135 -0.023580249 4.4342812e-17)
(17.881946 -0.023490875 4.466691e-17)
(17.891547 -0.023400204 4.4927652e-17)
(17.900941 -0.023307632 4.5223077e-17)
(17.910132 -0.023211885 4.5508144e-17)
(17.919123 -0.023112382 4.5796086e-17)
(17.92793 -0.023001551 4.6150553e-17)
(17.936548 -0.02290117 4.6449399e-17)
(17.945059 -0.022672251 4.6745972e-17)
(17.953118 -0.022803521 4.7063859e-17)
(17.960108 -0.019911317 4.7395599e-17)
(5.3334326 -0.42010814 6.9483124e-19)
(5.8196947 -0.31734459 -4.7317569e-19)
(6.0952634 -0.24858976 -1.386906e-18)
(6.334371 -0.20140017 -4.1705388e-19)
(6.5680158 -0.15534616 6.8293371e-19)
(6.7842913 -0.11532102 1.049739e-18)
(6.9856634 -0.082344486 5.5008536e-19)
(7.1760855 -0.055842321 -9.6162753e-19)
(7.3576132 -0.035289253 -4.6928574e-19)
(7.5318336 -0.019947103 -1.166709e-18)
(7.7000826 -0.0089085443 -3.8177942e-19)
(7.8633497 -0.0012548138 2.5021694e-18)
(8.0222843 0.0038667234 2.5193165e-18)
(8.1770467 0.0071341952 -1.3512758e-19)
(8.327975 0.0090513783 1.6282835e-21)
(8.4753435 0.010007714 2.8118861e-18)
(8.6193083 0.010292481 1.7439486e-19)
(8.7599638 0.01010882 3.1245913e-19)
(8.8973742 0.0095947071 3.038633e-18)
(9.0315863 0.0088467 2.5294384e-19)
(9.1626394 0.0079332057 3.0110763e-19)
(9.2905698 0.0069029355 3.1053662e-18)
(9.4154146 0.0057911747 3.1136962e-18)
(9.5372121 0.0046240853 3.1778182e-18)
(9.6560026 0.0034215439 3.2307316e-18)
(9.7718286 0.0021990198 3.318705e-18)
(9.8847348 0.00096881466 3.3861863e-18)
(9.9947673 -0.00025911826 3.5250891e-18)
(10.101974 -0.001476627 3.6880121e-18)
(10.206404 -0.0026769824 3.7447512e-18)
(10.308107 -0.0038545981 3.7981864e-18)
(10.407133 -0.0050047835 3.8211113e-18)
(10.503534 -0.0061234873 3.8162942e-18)
(10.597362 -0.0072066811 3.9016191e-18)
(10.688671 -0.0082501988 3.9816564e-18)
(10.777512 -0.0092447718 3.986522e-18)
(10.863956 -0.010187001 4.0220324e-18)
(10.948062 -0.011086603 4.0378348e-18)
(11.02989 -0.011945725 4.0541848e-18)
(11.109497 -0.0127638 4.1566809e-18)
(11.186939 -0.013540266 4.2997392e-18)
(11.262269 -0.01427489 4.336527e-18)
(11.335541 -0.014967817 4.4099445e-18)
(11.406806 -0.015619558 4.4948151e-18)
(11.476116 -0.016230917 4.5841013e-18)
(11.543519 -0.016802913 1.0095154e-17)
(11.609063 -0.01733672 9.8333026e-18)
(11.672796 -0.017833611 4.362769e-18)
(11.734762 -0.018294862 4.5599429e-18)
(11.795006 -0.018721801 4.4401661e-18)
(11.85357 -0.01911358 4.3218065e-18)
(11.910496 -0.019469304 4.3539491e-18)
(11.965826 -0.019791309 4.4975537e-18)
(12.019598 -0.020083016 4.7126224e-18)
(12.071851 -0.020347413 4.9791952e-18)
(12.122621 -0.020586877 5.3233959e-18)
(12.171943 -0.020803286 5.682215e-18)
(12.219854 -0.020998163 5.8541969e-18)
(12.266385 -0.021172788 5.9885686e-18)
(12.311569 -0.021328287 6.0923047e-18)
(12.355439 -0.021465681 6.1703751e-18)
(12.398024 -0.021585927 6.2538818e-18)
(12.439356 -0.021689959 6.3559061e-18)
(12.479463 -0.021778671 6.4694411e-18)
(12.518373 -0.021852902 6.5794044e-18)
(12.556115 -0.021913463 6.6676401e-18)
(12.592715 -0.021961088 6.7704134e-18)
(12.628199 -0.021996454 6.8534228e-18)
(12.662594 -0.022020211 6.9509798e-18)
(12.695924 -0.022032991 7.0772901e-18)
(12.728214 -0.0220354 7.2000248e-18)
(12.759486 -0.022028024 7.4307138e-18)
(12.789764 -0.022011423 7.6925589e-18)
(12.81907 -0.021986136 7.8088443e-18)
(12.847427 -0.02195268 7.9337271e-18)
(12.874856 -0.021911551 8.1446476e-18)
(12.901377 -0.021863222 8.3480891e-18)
(12.92701 -0.021808147 8.4235456e-18)
(12.951776 -0.021746758 8.5259351e-18)
(12.975694 -0.02167947 8.7679468e-18)
(12.998782 -0.021606675 9.1193635e-18)
(13.02106 -0.02152875 9.2891714e-18)
(13.042545 -0.021446051 9.3588689e-18)
(13.063254 -0.021358919 9.4288897e-18)
(13.083206 -0.021267675 9.5445622e-18)
(13.102416 -0.021172627 9.640039e-18)
(13.120901 -0.021074063 9.7276308e-18)
(13.138677 -0.020972261 9.8321291e-18)
(13.15576 -0.02086748 9.9556724e-18)
(13.172166 -0.020759966 1.0075514e-17)
(13.187908 -0.020649955 1.0181245e-17)
(13.203002 -0.020537665 1.0272802e-17)
(13.217462 -0.020423307 1.0387628e-17)
(13.231302 -0.020307075 1.0485128e-17)
(13.244537 -0.020189156 1.0612244e-17)
(13.257178 -0.020069725 1.0712592e-17)
(13.26924 -0.019948946 1.0958973e-17)
(13.280734 -0.019826976 1.1205095e-17)
(13.291675 -0.019703958 1.1313257e-17)
(13.302074 -0.019580032 1.1580182e-17)
(13.311943 -0.019455331 1.1814322e-17)
(13.321294 -0.019329977 1.2016932e-17)
(13.330138 -0.019204075 1.2233958e-17)
(13.338487 -0.019077736 1.2441088e-17)
(13.346352 -0.01895106 1.2609635e-17)
(13.353744 -0.018824142 1.2771288e-17)
(13.360673 -0.018697069 1.2930268e-17)
(13.367149 -0.018569923 1.3125986e-17)
(13.373184 -0.018442782 1.3303111e-17)
(13.378786 -0.018315718 1.3472244e-17)
(13.383966 -0.018188795 1.3609792e-17)
(13.388733 -0.018062078 1.374348e-17)
(13.393096 -0.017935624 1.4036516e-17)
(13.397066 -0.017809487 1.4164826e-17)
(13.40065 -0.017683717 1.4319381e-17)
(13.403857 -0.01755836 1.4473328e-17)
(13.406696 -0.017433459 1.4636386e-17)
(13.409177 -0.017309054 1.4803181e-17)
(13.411306 -0.017185181 1.4932537e-17)
(13.413091 -0.017061874 1.5081815e-17)
(13.414542 -0.016939165 1.5233706e-17)
(13.415666 -0.016817081 1.5395842e-17)
(13.41647 -0.016695648 1.5524637e-17)
(13.416961 -0.016574891 1.5683294e-17)
(13.417148 -0.01645483 1.5818335e-17)
(13.417037 -0.016335487 1.5974576e-17)
(13.416635 -0.016216877 1.612138e-17)
(13.41595 -0.016099018 1.6275189e-17)
(13.414988 -0.015981923 1.6434932e-17)
(13.413755 -0.015865605 1.6598425e-17)
(13.412258 -0.015750076 1.6751326e-17)
(13.410504 -0.015635345 1.6903535e-17)
(13.408498 -0.015521421 1.7040645e-17)
(13.406247 -0.015408312 1.7192539e-17)
(13.403757 -0.015296024 1.7305939e-17)
(13.401034 -0.015184561 1.7422958e-17)
(13.398083 -0.015073929 1.7532462e-17)
(13.394909 -0.01496413 1.7839854e-17)
(13.39152 -0.014855168 1.8107861e-17)
(13.387919 -0.014747043 1.8354213e-17)
(13.384112 -0.014639757 1.8466635e-17)
(13.380105 -0.014533311 1.8542242e-17)
(13.375902 -0.014427703 1.8661872e-17)
(13.371508 -0.014322933 1.8782905e-17)
(13.366929 -0.014219 1.8904214e-17)
(13.362169 -0.014115901 1.8997539e-17)
(13.357232 -0.014013635 1.9255199e-17)
(13.352124 -0.013912198 1.9486332e-17)
(13.346848 -0.013811586 1.959316e-17)
(13.34141 -0.013711798 1.9738872e-17)
(13.335813 -0.013612828 1.9832526e-17)
(13.330062 -0.013514673 1.9924072e-17)
(13.324161 -0.013417328 2.0007786e-17)
(13.318114 -0.013320788 2.0090495e-17)
(13.311925 -0.013225049 2.0371565e-17)
(13.305597 -0.013130105 2.0655655e-17)
(13.299135 -0.013035951 2.0789924e-17)
(13.292543 -0.012942582 2.0918717e-17)
(13.285823 -0.012849992 2.1007426e-17)
(13.27898 -0.012758176 2.1125133e-17)
(13.272017 -0.012667128 2.1268495e-17)
(13.264938 -0.012576841 2.1416784e-17)
(13.257745 -0.012487311 2.1659299e-17)
(13.250442 -0.012398531 2.1907039e-17)
(13.243033 -0.012310495 2.2147231e-17)
(13.235521 -0.012223198 2.2217958e-17)
(13.227908 -0.012136633 2.2291086e-17)
(13.220197 -0.012050793 2.2396991e-17)
(13.212393 -0.011965674 2.2497214e-17)
(13.204496 -0.011881269 2.2596415e-17)
(13.196511 -0.011797571 2.2703969e-17)
(13.18844 -0.011714575 2.2999643e-17)
(13.180286 -0.011632275 2.3274842e-17)
(13.172052 -0.011550663 2.3333915e-17)
(13.163739 -0.011469736 2.347323e-17)
(13.155352 -0.011389485 2.3642324e-17)
(13.146891 -0.011309904 2.3797548e-17)
(13.13836 -0.011230989 2.3948318e-17)
(13.129761 -0.011152731 2.4082747e-17)
(13.121096 -0.011075125 2.4402735e-17)
(13.112367 -0.010998164 2.4716321e-17)
(13.103578 -0.010921841 2.4832852e-17)
(13.09473 -0.010846148 2.4948353e-17)
(13.085824 -0.010771078 2.5101045e-17)
(13.076864 -0.010696621 2.5252799e-17)
(13.067852 -0.010622764 2.5370065e-17)
(13.058788 -0.010549489 2.5511479e-17)
(13.049676 -0.010476773 2.5847708e-17)
(13.040518 -0.010404573 2.6181075e-17)
(13.031315 -0.010332822 2.6488677e-17)
(13.022069 -0.010261414 2.6628083e-17)
(13.012783 -0.010190169 2.6765276e-17)
(13.003459 -0.010118893 2.6871218e-17)
(12.9941 -0.010047214 2.6999065e-17)
(12.984708 -0.0099767385 2.7113728e-17)
(12.975286 -0.0099057083 2.7216381e-17)
(12.96584 -0.0098747601 2.7504978e-17)
(12.956237 -0.0098139312 2.7802798e-17)
(12.947063 -0.010319534 2.7934428e-17)
(12.933568 -0.0097198037 2.790232e-17)
(5.3540405 -0.41582018 1.7532241e-18)
(5.869447 -0.27500695 3.6481669e-18)
(6.0009833 -0.21453247 3.0507975e-18)
(6.0968759 -0.18038474 2.4542568e-18)
(6.194234 -0.14924816 -7.5698848e-19)
(6.2783512 -0.12226245 -3.9903494e-18)
(6.3560261 -0.09871267 -1.0132701e-18)
(6.4328348 -0.078344615 2.4569783e-18)
(6.5102247 -0.061320579 -1.9656812e-18)
(6.5883458 -0.047588319 -1.2258154e-18)
(6.6668222 -0.036856606 -4.8726079e-19)
(6.744994 -0.02869782 -4.7807118e-18)
(6.822102 -0.022641574 -4.9414083e-18)
(6.8974576 -0.018212618 0)
(6.9706035 -0.014997802 7.3371057e-19)
(7.0412481 -0.01269602 -4.4009649e-18)
(7.1091864 -0.011073643 4.1590106e-19)
(7.174294 -0.0099458056 3.9500374e-19)
(7.2365139 -0.009172382 -4.7533953e-18)
(7.2958372 -0.0086491383 1.0880759e-18)
(7.3522902 -0.0082998894 9.8693221e-19)
(7.405924 -0.0080699635 -4.381994e-18)
(7.4568066 -0.0079206089 1.4248088e-18)
(7.5050169 -0.0078245913 1.9914475e-18)
(7.5506404 -0.0077629043 -2.8367547e-18)
(7.5937662 -0.00772236 -4.0058473e-18)
(7.6344852 -0.0076938568 -4.3979524e-18)
(7.6728884 -0.0076711503 2.2424665e-18)
(7.7090662 -0.0076499923 2.2122365e-18)
(7.7431077 -0.0076275266 -3.2277322e-18)
(7.7751001 -0.0076018667 -2.8941823e-18)
(7.8051288 -0.0075717884 -2.7322065e-18)
(7.833277 -0.0075365223 -2.5273815e-18)
(7.8596257 -0.0074955452 3.5447647e-18)
(7.8842554 -0.0074489113 3.4360435e-18)
(7.9072376 -0.0074009585 -2.4137363e-18)
(7.928639 -0.0073531991 -1.9881904e-18)
(7.9485327 -0.0073023597 -1.6275199e-18)
(7.9669904 -0.0072485512 -1.3496601e-18)
(7.9840781 -0.0071921625 4.9303956e-18)
(7.9998583 -0.0071335617 4.6878932e-18)
(8.0143908 -0.0070730454 -1.53111e-18)
(8.0277331 -0.0070108545 -1.2001884e-18)
(8.0399402 -0.0069471986 -8.8120941e-19)
(8.051065 -0.0068822655 -7.5455061e-19)
(8.0611581 -0.0068162257 5.6773784e-18)
(8.070268 -0.0067492371 5.5934548e-18)
(8.0784409 -0.0066814547 -6.8259654e-19)
(8.0857213 -0.0066130406 -2.053196e-19)
(8.0921512 -0.0065443484 7.2116705e-20)
(8.0977701 -0.0064757229 2.519203e-19)
(8.1026167 -0.0064072212 3.9947525e-19)
(8.1067288 -0.0063390591 5.7315038e-19)
(8.1101429 -0.0062714677 7.3115888e-19)
(8.1128933 -0.0062044559 9.049912e-19)
(8.1150122 -0.0061378936 7.7901187e-18)
(8.1165301 -0.0060716132 7.4324329e-18)
(8.117476 -0.0060054614 4.3842563e-19)
(8.1178774 -0.0059393252 6.0667823e-19)
(8.1177605 -0.0058731387 5.980083e-19)
(8.1171502 -0.0058068791 6.4954884e-19)
(8.1160703 -0.0057405567 9.6278561e-19)
(8.1145434 -0.0056742207 1.3919279e-18)
(8.112591 -0.0056079007 1.802231e-18)
(8.1102336 -0.0055415875 2.160208e-18)
(8.1074908 -0.0054753155 2.3744436e-18)
(8.1043813 -0.005409167 2.4654244e-18)
(8.1009227 -0.0053432483 2.5729596e-18)
(8.0971321 -0.0052776756 2.6734326e-18)
(8.0930254 -0.0052125618 2.6897302e-18)
(8.0886181 -0.0051480088 2.7972045e-18)
(8.0839247 -0.0050841048 1.0318183e-17)
(8.078959 -0.0050209245 9.9657677e-18)
(8.0737342 -0.0049585308 2.2957169e-18)
(8.0682629 -0.0048969757 2.6704683e-18)
(8.0625568 -0.0048363025 1.0441508e-17)
(8.0566274 -0.0047765466 9.9753566e-18)
(8.0504854 -0.004717737 4.2732446e-19)
(8.0441411 -0.0046598973 1.428804e-18)
(8.0376041 -0.0046030462 1.1531085e-17)
(8.0308838 -0.0045471982 1.8348035e-17)
(8.0239889 -0.0044923644 9.260516e-18)
(8.0169278 -0.0044385524 1.1499574e-18)
(8.0097085 -0.0043857671 1.5220587e-18)
(8.0023386 -0.0043340107 1.8653018e-18)
(7.9948252 -0.004283283 2.2062653e-18)
(7.9871752 -0.0042335819 2.4748505e-18)
(7.9793952 -0.004184903 2.7341548e-18)
(7.9714913 -0.0041372405 3.8262982e-18)
(7.9634695 -0.0040905867 4.1251926e-18)
(7.9553353 -0.0040449326 3.1956964e-18)
(7.9470943 -0.0040002678 2.9749924e-18)
(7.9387514 -0.0039565809 3.279395e-18)
(7.9303115 -0.003913859 3.6388131e-18)
(7.9217794 -0.0038720887 3.947816e-18)
(7.9131593 -0.0038312554 4.2505123e-18)
(7.9044555 -0.0037913438 1.2727237e-17)
(7.8956721 -0.0037523379 1.2171175e-17)
(7.8868128 -0.0037142205 3.4645026e-18)
(7.8778814 -0.003676974 1.226203e-17)
(7.8688814 -0.0036405865 1.1796692e-17)
(7.8598161 -0.0036050392 1.1458244e-17)
(7.8506886 -0.0035703077 1.1144342e-17)
(7.8415021 -0.0035363757 1.0880082e-17)
(7.8322595 -0.0035032256 1.0574273e-17)
(7.8229636 -0.0034708389 1.0356906e-17)
(7.8136171 -0.003439197 1.011141e-17)
(7.8042225 -0.0034082809 9.9384101e-18)
(7.7947823 -0.003378072 1.042728e-17)
(7.785299 -0.0033485516 1.0524877e-17)
(7.7757747 -0.0033197009 9.4905544e-18)
(7.7662117 -0.0032915016 8.8924848e-18)
(7.756612 -0.0032639352 1.7536249e-17)
(7.7469778 -0.0032369836 7.8405262e-18)
(7.7373109 -0.0032106287 8.0631261e-18)
(7.7276131 -0.003184853 8.4886569e-18)
(7.7178864 -0.0031596388 8.847323e-18)
(7.7081325 -0.0031349689 8.5713404e-18)
(7.698353 -0.0031108264 8.314e-18)
(7.6885495 -0.0030871947 9.6662751e-18)
(7.6787237 -0.0030640573 8.8143768e-18)
(7.6688771 -0.0030413982 7.20038e-18)
(7.6590111 -0.0030192019 8.15388e-18)
(7.6491271 -0.0029974528 8.4030591e-18)
(7.6392266 -0.002976136 8.4526543e-18)
(7.6293108 -0.0029552368 9.0379807e-18)
(7.6193811 -0.002934741 9.2524313e-18)
(7.6094387 -0.0029146346 8.7054747e-18)
(7.5994848 -0.0028949039 8.6235477e-18)
(7.5895206 -0.0028755358 8.8177872e-18)
(7.5795474 -0.0028565173 9.0006962e-18)
(7.5695661 -0.0028378361 9.0174362e-18)
(7.5595779 -0.0028194798 9.1098195e-18)
(7.5495839 -0.0028014367 9.4810629e-18)
(7.539585 -0.0027836954 9.3467949e-18)
(7.5295824 -0.0027662448 8.5489844e-18)
(7.5195769 -0.0027490741 8.4153318e-18)
(7.5095695 -0.0027321729 1.8240253e-17)
(7.4995613 -0.0027155311 1.7529219e-17)
(7.489553 -0.002699139 1.6842989e-17)
(7.4795456 -0.0026829871 8.2971141e-18)
(7.4695399 -0.0026670665 7.7425578e-18)
(7.4595369 -0.0026513683 6.7272043e-18)
(7.4495372 -0.002635884 7.8258349e-18)
(7.4395418 -0.0026206055 7.7569262e-18)
(7.4295514 -0.002605525 7.928055e-18)
(7.4195669 -0.0025906348 1.7400541e-17)
(7.4095889 -0.0025759277 1.6454978e-17)
(7.3996182 -0.0025613967 7.2673942e-18)
(7.3896555 -0.002547035 8.2611512e-18)
(7.3797016 -0.0025328363 8.0876717e-18)
(7.3697571 -0.0025187943 8.1586212e-18)
(7.3598227 -0.002504903 7.4694512e-18)
(7.3498991 -0.0024911567 7.311589e-18)
(7.339987 -0.0024775501 1.7724975e-17)
(7.3300868 -0.0024640778 1.7155373e-17)
(7.3201994 -0.0024507348 8.5685665e-18)
(7.3103253 -0.0024375165 8.9578099e-18)
(7.300465 -0.0024244181 9.5545101e-18)
(7.2906192 -0.0024114355 8.3479752e-18)
(7.2807884 -0.0023985643 7.8116609e-18)
(7.2709732 -0.0023858007 1.0116077e-17)
(7.2611741 -0.0023731409 1.8922246e-17)
(7.2513917 -0.0023605814 1.7491309e-17)
(7.2416265 -0.0023481186 1.6904096e-17)
(7.2318789 -0.0023357494 6.2906686e-18)
(7.2221495 -0.0023234707 7.2667863e-18)
(7.2124388 -0.0023112796 8.5787565e-18)
(7.2027472 -0.0022991732 9.1965125e-18)
(7.1930752 -0.002287149 9.2902472e-18)
(7.1834232 -0.0022752044 9.4829034e-18)
(7.1737916 -0.0022633371 1.9715644e-17)
(7.164181 -0.0022515448 1.8621806e-17)
(7.1545916 -0.0022398252 7.4393363e-18)
(7.145024 -0.0022281762 8.2764841e-18)
(7.1354784 -0.002216596 8.7943806e-18)
(7.1259554 -0.0022050826 9.1771295e-18)
(7.1164552 -0.002193634 1.0277884e-17)
(7.1069782 -0.0021822486 1.0438492e-17)
(7.0975247 -0.0021709244 2.0327377e-17)
(7.0880952 -0.0021596597 1.9221868e-17)
(7.0786899 -0.0021484527 8.8778213e-18)
(7.0693092 -0.0021373013 9.0267224e-18)
(7.0599535 -0.0021262031 9.8217893e-18)
(7.0506229 -0.0021151554 1.0240258e-17)
(7.0413178 -0.0021041542 9.4799326e-18)
(7.0320387 -0.0020931933 1.0005259e-17)
(7.0227857 -0.0020822631 2.0669103e-17)
(7.0135592 -0.0020713474 2.0069157e-17)
(7.0043597 -0.0020604184 1.9677177e-17)
(6.9951877 -0.0020494299 1.0806482e-17)
(6.9860438 -0.002038294 1.1309606e-17)
(6.976929 -0.0020269443 9.8250423e-18)
(6.9678449 -0.0020149391 1.046158e-17)
(6.9587932 -0.0020038188 1.0962091e-17)
(6.9497664 -0.0019879158 1.0308076e-17)
(6.9408114 -0.0020033031 2.0249446e-17)
(6.9315207 -0.0019795959 1.9870785e-17)
(6.9234148 -0.0023358424 9.8102258e-18)
(6.9074077 -0.0037639137 6.2842978e-19)
(4.827776 -0.2028681 -3.5258318e-19)
(4.8070099 -0.12583454 -1.45677e-19)
(4.2758874 -0.0933734 1.7231662e-18)
(3.8032001 -0.07358321 2.5803626e-18)
(3.4243939 -0.055684156 -8.8132848e-19)
(3.1075657 -0.040533237 -1.4655986e-18)
(2.855949 -0.027993876 -1.5446113e-18)
(2.6678403 -0.018117074 -2.8480924e-18)
(2.5336131 -0.010819221 1.4369329e-19)
(2.4422887 -0.0057241234 -6.9959351e-20)
(2.3835875 -0.0023472335 -1.9826858e-18)
(2.3486166 -0.00022422236 6.852749e-19)
(2.3301909 0.001025746 2.1117331e-18)
(2.3228238 0.0017053936 -1.3905595e-18)
(2.3226521 0.0020404178 -9.2290417e-19)
(2.3270539 0.0021680359 1.8314028e-18)
(2.3342065 0.0021773235 -1.1593786e-18)
(2.3428744 0.0021255782 -1.094033e-18)
(2.352247 0.0020459302 1.4400376e-18)
(2.361802 0.001956496 -1.3074652e-18)
(2.3712116 0.0018665767 -7.3165443e-19)
(2.3802787 0.0017803544 1.3407211e-18)
(2.3888912 0.0016992276 -1.2596465e-18)
(2.3969919 0.0016232066 -4.1756693e-19)
(2.4045581 0.0015516935 2.2935988e-18)
(2.4115888 0.0014838997 1.362013e-18)
(2.4180954 0.0014190538 -3.7417686e-19)
(2.4240972 0.0013564913 -2.7878241e-18)
(2.4296171 0.0012956814 -1.3713607e-18)
(2.4346797 0.0012362241 1.2610697e-18)
(2.4393104 0.0011778336 6.2093445e-19)
(2.4435339 0.0011203251 2.569803e-19)
(2.4473745 0.0010635978 -2.3865636e-19)
(2.4508551 0.0010076569 -2.2677903e-18)
(2.4539999 0.00095272999 -8.6191041e-19)
(2.4568258 0.00089809163 2.0100594e-18)
(2.4593414 0.00084531519 1.8734869e-18)
(2.4615664 0.00079579787 7.8897123e-19)
(2.4635244 0.00074826041 -5.5114192e-19)
(2.4652316 0.00070209526 -2.3983849e-18)
(2.4667011 0.00065716694 -7.6220082e-19)
(2.4679453 0.00061349782 1.9427852e-18)
(2.4689755 0.00057114376 1.2642991e-18)
(2.4698024 0.00053014959 1.477826e-18)
(2.470436 0.00049053835 6.1185286e-19)
(2.4708858 0.00045231297 -2.4941395e-18)
(2.4711607 0.00041546178 -9.6400949e-19)
(2.4712691 0.00037996011 2.2437315e-18)
(2.4712188 0.00034579114 1.3708993e-18)
(2.471017 0.00031287104 7.3003103e-19)
(2.4706695 0.00028123313 7.5044816e-19)
(2.4701825 0.00025119863 1.0265807e-19)
(2.4695633 0.000222929 8.677629e-19)
(2.4688193 0.00019629884 8.42665e-19)
(2.4679566 0.00017110006 -5.9319313e-19)
(2.4669808 0.00014712648 -2.2180788e-18)
(2.4658967 0.00012420278 -3.3695209e-19)
(2.464709 0.00010219394 2.2769707e-18)
(2.463422 8.1001258e-05 1.6773903e-18)
(2.4620399 6.0554567e-05 1.2220139e-18)
(2.4605668 4.0804307e-05 6.4083254e-19)
(2.4590067 2.1716692e-05 8.844197e-19)
(2.4573634 3.2599149e-06 4.7784594e-19)
(2.4556404 -1.4590742e-05 4.9389543e-19)
(2.4538412 -3.1850033e-05 7.1609024e-19)
(2.4519692 -4.8539205e-05 1.2975037e-18)
(2.4500278 -6.4671189e-05 4.3417207e-19)
(2.4480199 -8.0245046e-05 2.5175869e-19)
(2.4459488 -9.525394e-05 2.0461064e-18)
(2.4438172 -0.00010968995 -5.6181677e-20)
(2.441628 -0.00012354626 -1.0398512e-18)
(2.4393838 -0.0001368186 -1.5068343e-18)
(2.4370872 -0.00014950562 1.6497734e-18)
(2.4347405 -0.0001616089 3.4577675e-18)
(2.4323461 -0.00017313265 1.7957135e-18)
(2.4299062 -0.0001840834 -3.3064871e-19)
(2.427423 -0.00019446949 1.0976278e-18)
(2.4248984 -0.00020430085 3.4143103e-18)
(2.4223345 -0.00021358859 8.8862217e-19)
(2.419733 -0.00022234478 -7.4785436e-19)
(2.4170958 -0.00023058224 -6.2935245e-19)
(2.4144246 -0.00023831433 3.647709e-18)
(2.411721 -0.00024555482 5.1589793e-18)
(2.4089865 -0.00025231776 2.4604047e-18)
(2.4062228 -0.00025861744 1.4748958e-18)
(2.4034311 -0.0002644682 2.7113716e-18)
(2.4006129 -0.00026988445 6.5595309e-19)
(2.3977695 -0.00027488055 4.2202489e-19)
(2.3949022 -0.00027947088 8.2051269e-19)
(2.392012 -0.00028366961 -1.2956853e-19)
(2.3891003 -0.00028749087 1.0950027e-18)
(2.386168 -0.00029094858 4.8442959e-19)
(2.3832162 -0.00029405651 1.2229935e-18)
(2.3802459 -0.00029682817 1.2137431e-18)
(2.3772581 -0.00029927688 1.1644896e-18)
(2.3742537 -0.00030141565 1.7777639e-18)
(2.3712335 -0.00030325734 -1.6611054e-18)
(2.3681984 -0.00030481451 4.5770835e-19)
(2.3651493 -0.00030609929 4.4918062e-18)
(2.3620868 -0.0003071232 9.0375952e-19)
(2.3590117 -0.00030790033 2.249671e-18)
(2.3559247 -0.00030844117 2.4246957e-18)
(2.3528264 -0.00030875416 2.6944021e-18)
(2.3497175 -0.00030885175 2.746173e-18)
(2.3465987 -0.00030874489 1.9493801e-18)
(2.3434705 -0.00030844367 2.4257278e-18)
(2.3403335 -0.00030795799 2.4627616e-18)
(2.3371883 -0.00030729743 2.50418e-18)
(2.3340353 -0.00030647129 3.8287823e-18)
(2.330875 -0.00030548856 2.9058141e-18)
(2.327708 -0.00030435798 2.1468465e-18)
(2.3245347 -0.00030308795 2.0867057e-18)
(2.3213556 -0.00030168661 -2.3442602e-19)
(2.3181711 -0.00030016179 4.2142654e-18)
(2.3149815 -0.0002985211 3.1396274e-18)
(2.3117874 -0.00029677181 3.2221371e-18)
(2.3085891 -0.00029492094 2.7312354e-18)
(2.3053869 -0.00029297523 1.8529305e-18)
(2.3021813 -0.00029094122 1.9324301e-18)
(2.2989725 -0.00028882512 2.7252267e-18)
(2.295761 -0.00028663293 2.5159774e-18)
(2.292547 -0.0002843704 1.7921751e-18)
(2.2893308 -0.00028204304 1.9699696e-18)
(2.2861128 -0.00027965614 2.1591232e-18)
(2.2828933 -0.00027721474 2.2118848e-18)
(2.2796726 -0.00027472368 2.5068079e-18)
(2.2764509 -0.00027218762 2.4865358e-18)
(2.2732285 -0.00026961095 2.4085717e-18)
(2.2700057 -0.00026699786 2.3850523e-18)
(2.2667828 -0.00026435241 2.3407416e-18)
(2.2635599 -0.00026167842 2.3187809e-18)
(2.2603374 -0.00025897953 2.3940883e-18)
(2.2571155 -0.00025625926 2.4084282e-18)
(2.2538944 -0.00025352084 2.3629819e-18)
(2.2506744 -0.00025076745 2.2659649e-18)
(2.2474557 -0.00024800207 2.4211995e-18)
(2.2442385 -0.00024522753 2.3693495e-18)
(2.241023 -0.00024244649 6.0638179e-19)
(2.2378094 -0.00023966147 2.8218671e-18)
(2.234598 -0.00023687489 3.7301716e-18)
(2.2313889 -0.00023408901 5.7972175e-18)
(2.2281823 -0.00023130597 3.6397441e-18)
(2.2249785 -0.00022852778 3.1111658e-18)
(2.2217777 -0.00022575632 2.6207414e-18)
(2.21858 -0.0002229934 1.950667e-18)
(2.2153855 -0.00022024067 1.9159308e-18)
(2.2121946 -0.00021749972 3.2885833e-19)
(2.2090073 -0.00021477203 2.6335806e-18)
(2.2058239 -0.00021205895 5.3994906e-18)
(2.2026445 -0.00020936178 3.6075786e-18)
(2.1994692 -0.00020668173 2.7618253e-18)
(2.1962984 -0.00020401989 2.3659623e-18)
(2.193132 -0.00020137731 2.0762018e-18)
(2.1899703 -0.00019875495 1.9715436e-18)
(2.1868134 -0.00019615369 5.3595548e-19)
(2.1836615 -0.00019357434 2.9197753e-18)
(2.1805148 -0.0001910177 5.673929e-18)
(2.1773733 -0.00018848439 3.7257785e-18)
(2.1742372 -0.00018597509 2.8354338e-18)
(2.1711068 -0.00018349037 2.4473456e-18)
(2.167982 -0.00018103071 2.5505511e-18)
(2.1648631 -0.00017859662 2.6550803e-18)
(2.1617501 -0.00017618848 8.10797e-19)
(2.1586433 -0.00017380669 3.0278152e-18)
(2.1555427 -0.00017145158 3.9346945e-18)
(2.1524485 -0.00016912342 5.8144825e-18)
(2.1493608 -0.00016682246 3.6138563e-18)
(2.1462797 -0.00016454891 2.925532e-18)
(2.1432053 -0.00016230294 2.6424219e-18)
(2.1401378 -0.00016008467 2.5446314e-18)
(2.1370772 -0.00015789423 2.5277814e-18)
(2.1340238 -0.00015573168 9.666033e-19)
(2.1309774 -0.00015359704 3.2984843e-18)
(2.1279384 -0.00015149036 5.7059494e-18)
(2.1249068 -0.0001494116 3.7135761e-18)
(2.1218826 -0.00014736071 2.9637315e-18)
(2.1188661 -0.00014533765 2.6650801e-18)
(2.1158572 -0.00014334234 2.8242487e-18)
(2.1128561 -0.0001413746 2.7663237e-18)
(2.1098629 -0.00013943435 1.0122658e-18)
(2.1068776 -0.0001375214 3.3805089e-18)
(2.1039004 -0.00013563556 5.8903611e-18)
(2.1009313 -0.00013377659 3.7833379e-18)
(2.0979705 -0.00013194416 3.1224806e-18)
(2.095018 -0.00013013788 2.871933e-18)
(2.0920738 -0.00012835716 2.7144654e-18)
(2.0891382 -0.00012660111 2.7127835e-18)
(2.0862112 -0.00012486833 1.2487647e-18)
(2.0832929 -0.00012315648 3.7606332e-18)
(2.0803836 -0.00012146136 4.7000447e-18)
(2.0774834 -0.00011977806 6.8403752e-18)
(2.0745927 -0.00011808844 4.5026317e-18)
(2.0717121 -0.00011641865 3.4237636e-18)
(2.068842 -0.00011458794 3.0470784e-18)
(2.0659879 -0.00011339995 3.3859144e-18)
(2.0631209 -0.00011036939 2.9173777e-18)
(2.0603846 -0.00011600306 6.6255321e-19)
(2.0570291 -0.00011797018 3.5159535e-18)
(2.055775 -0.00010693873 6.2721692e-18)
(2.0454573 -0.00094400257 5.8293584e-18)
)
;

boundaryField
{
    exteriorWall
    {
        type            noSlip;
    }
    inlet
    {
        type            fixedValue;
        value           uniform (5 0 0);
    }
    outlet
    {
        type            zeroGradient;
    }
    walls
    {
        type            noSlip;
    }
    frontAndBack
    {
        type            empty;
    }
    frontAndBack_pos
    {
        type            wedge;
    }
    frontAndBack_neg
    {
        type            wedge;
    }
}


// ************************************************************************* //
